C   2.9929992543  -3.9946887565  -0.4491417187
O   0.6121754810  -2.7846264943  -0.8315142595
C   0.0506538168  -0.6636895674  0.4514345584
C   1.8776150005  1.5576166831  -0.1124543892
F   4.0994600695  1.1209082135  0.9776846052
F   2.2523968838  1.7788567366  -2.5790964978
F   1.0035042413  3.7331141883  0.7577522955
C   -2.7329998278  -0.0449445324  -0.1811134382
F   -4.1508599710  -2.0659541518  0.1987047447
F   -3.5955157717  1.7996000678  1.2735573933
F   -2.9572846560  0.6596801199  -2.5762348141
F   0.1595519692  -1.0108722785  3.0068571971
H   2.7659927041  -5.8646892817  -1.2396595215
H   4.4806048647  -2.9948181308  -1.4416256266
H   3.4251142338  -4.1272396563  1.5480248344
momentum
29.47939934014585  -50.021596304694036  8.90403722489848
-15.56407306600591  -7.62388303911363  -20.03098491508951
26.414405800882122  14.65015516327644  15.260773386558935
-11.263341498553793  9.20717059820545  0.8883831159956268
25.735052670843096  7.165676182067563  3.557354189922537
-20.783552610203614  3.6400735143150107  -8.897330132069623
-1.4536962905454938  25.632989963488846  33.18730424249145
-23.64173039982548  37.060064943622045  24.161647770410823
-15.521772288640065  17.507662181898564  -14.697506227145228
37.00348424518526  -5.675638523405698  -57.15794945256413
-31.287438205443948  -40.77159214090733  14.060503443998357
10.987259405055488  -33.19319415547861  -12.60838471270624
1.070269364527918  3.488883889127909  -3.3636937109546214
-11.020318136110468  9.376132574732635  15.486991502017219
-0.06019050641402041  8.605811085876864  1.122580917558922
