C   2.9929992543  -3.9946887565  -0.4491417187
O   0.6121754810  -2.7846264943  -0.8315142595
C   0.0506538168  -0.6636895674  0.4514345584
C   1.8776150005  1.5576166831  -0.1124543892
F   4.0994600695  1.1209082135  0.9776846052
F   2.2523968838  1.7788567366  -2.5790964978
F   1.0035042413  3.7331141883  0.7577522955
C   -2.7329998278  -0.0449445324  -0.1811134382
F   -4.1508599710  -2.0659541518  0.1987047447
F   -3.5955157717  1.7996000678  1.2735573933
F   -2.9572846560  0.6596801199  -2.5762348141
F   0.1595519692  -1.0108722785  3.0068571971
H   2.7659927041  -5.8646892817  -1.2396595215
H   4.4806048647  -2.9948181308  -1.4416256266
H   3.4251142338  -4.1272396563  1.5480248344
momentum
27.080910163551938  -1.7804799139138157  -20.59213617924157
-2.1365284052626055  -4.163120308950236  65.81524506660124
-27.676100101128586  41.82279465966912  -11.041652767686593
-12.127769221583106  -47.64903756155642  14.46621951569835
-29.57664859363347  17.809301753230418  48.32826065998393
-18.765880272826646  9.676611642231416  -9.574136848217588
41.56834862328059  -21.045166371883486  -15.141341741510143
-37.79715768443629  22.057417406146534  30.208676289052484
4.800309447186825  -6.849195831334425  -15.113599811243452
37.30645812592237  10.494075735245495  -6.434658331435725
-21.739824818899653  -8.23152875186333  5.401182850952369
21.644708648337815  -12.488322956627028  -94.28036559256292
10.899602812624199  2.6767941667572264  -7.491530216013737
7.427891257677819  -8.070103665587164  8.823495806143278
-0.7781675175878584  6.770401066974812  6.664278632396346
