C   2.9929992543  -3.9946887565  -0.4491417187
O   0.6121754810  -2.7846264943  -0.8315142595
C   0.0506538168  -0.6636895674  0.4514345584
C   1.8776150005  1.5576166831  -0.1124543892
F   4.0994600695  1.1209082135  0.9776846052
F   2.2523968838  1.7788567366  -2.5790964978
F   1.0035042413  3.7331141883  0.7577522955
C   -2.7329998278  -0.0449445324  -0.1811134382
F   -4.1508599710  -2.0659541518  0.1987047447
F   -3.5955157717  1.7996000678  1.2735573933
F   -2.9572846560  0.6596801199  -2.5762348141
F   0.1595519692  -1.0108722785  3.0068571971
H   2.7659927041  -5.8646892817  -1.2396595215
H   4.4806048647  -2.9948181308  -1.4416256266
H   3.4251142338  -4.1272396563  1.5480248344
momentum
-53.682153803556815  -29.053888610795223  -28.027931154002353
16.423904945646584  28.346325202269433  18.72411933131671
33.43843762520603  32.52557941041639  -15.612867666655179
-10.536437659968891  -14.900939719798293  -24.568340543546135
12.258432012709832  91.11418469988043  -29.447256348794145
51.72199287672521  -23.664671952059447  29.349319921550812
-10.361956448395889  -16.929764347020217  13.641641387658838
4.343238663260723  5.883460482894331  10.496707570524373
16.694082847385673  -6.32974709918559  40.86527649270299
-45.32117178192825  -16.071791158848374  26.702474995651325
35.81290521301072  -6.9501294304236625  -43.32759072474144
-28.750140318711075  -32.87558234916249  2.8811471579733747
-14.20744967415247  -0.415211523949932  1.4844160412283998
-2.555046930060508  -9.019438369613685  10.155833938298672
-4.520470787094328  -1.9018477797035158  -13.107188132707583
