C   2.9929992543  -3.9946887565  -0.4491417187
O   0.6121754810  -2.7846264943  -0.8315142595
C   0.0506538168  -0.6636895674  0.4514345584
C   1.8776150005  1.5576166831  -0.1124543892
F   4.0994600695  1.1209082135  0.9776846052
F   2.2523968838  1.7788567366  -2.5790964978
F   1.0035042413  3.7331141883  0.7577522955
C   -2.7329998278  -0.0449445324  -0.1811134382
F   -4.1508599710  -2.0659541518  0.1987047447
F   -3.5955157717  1.7996000678  1.2735573933
F   -2.9572846560  0.6596801199  -2.5762348141
F   0.1595519692  -1.0108722785  3.0068571971
H   2.7659927041  -5.8646892817  -1.2396595215
H   4.4806048647  -2.9948181308  -1.4416256266
H   3.4251142338  -4.1272396563  1.5480248344
momentum
11.29122187867391  34.48083359610796  7.210092331416655
13.692820563327912  -5.842656699643945  21.136498897936466
-7.822281206643765  -0.1813881209359004  -3.911868997537033
18.875261744983433  -4.122988309801245  7.931784415893168
10.646688790705849  -46.062697655440104  -46.98660851802892
-12.589024949094348  28.11117125378054  2.5958768963970384
2.375934660652706  9.298457906118838  -11.49553585539232
32.46735439154412  11.162339021565442  35.05220628745695
-57.58844345991825  6.068332538080873  -7.931947191440009
-36.708759097901776  -35.12021703370497  2.611508987159754
51.286038446524564  -8.314014150224502  8.464325491730765
-25.26884305347191  9.981898879967163  -11.839924635085989
-2.251172320276023  -0.9985338180120434  -7.092998827838547
2.6008923257976173  -3.9121224304336155  2.2604175468054732
-0.977021036379296  5.347654462981684  1.8242439266831196
