C   2.9929992543  -3.9946887565  -0.4491417187
O   0.6121754810  -2.7846264943  -0.8315142595
C   0.0506538168  -0.6636895674  0.4514345584
C   1.8776150005  1.5576166831  -0.1124543892
F   4.0994600695  1.1209082135  0.9776846052
F   2.2523968838  1.7788567366  -2.5790964978
F   1.0035042413  3.7331141883  0.7577522955
C   -2.7329998278  -0.0449445324  -0.1811134382
F   -4.1508599710  -2.0659541518  0.1987047447
F   -3.5955157717  1.7996000678  1.2735573933
F   -2.9572846560  0.6596801199  -2.5762348141
F   0.1595519692  -1.0108722785  3.0068571971
H   2.7659927041  -5.8646892817  -1.2396595215
H   4.4806048647  -2.9948181308  -1.4416256266
H   3.4251142338  -4.1272396563  1.5480248344
momentum
-26.246286986642122  -15.494590366492872  34.38698074149995
18.299250811593858  -2.975308844412868  45.06135395528753
32.9679461431488  -3.3739591916442504  -56.49030765542742
-43.16932479234739  -17.425402745035466  -42.14527581230122
9.482598195843217  15.428141036465709  18.74693529395736
-35.7694816292747  -0.12002668400295957  -32.2564992460504
-16.409723753793386  -29.337853553111632  60.5164613797601
35.06029208915665  -7.183559123854585  0.01074524600913646
49.70906716964098  23.51078902281974  42.80503126852736
-27.174528209395298  5.969047981836561  -23.73043047641039
-2.4474721913047714  57.41110377558247  -19.474694496306483
2.044164649225736  -23.496005511244206  -29.957091144096367
-0.5319519193891149  -1.9911264082702635  -0.034977581092250666
2.9671978533615957  7.740185671400066  2.7450887687582135
1.7648346541006685  -8.551954195956421  0.1235016043982286
