C   2.9929992543  -3.9946887565  -0.4491417187
O   0.6121754810  -2.7846264943  -0.8315142595
C   0.0506538168  -0.6636895674  0.4514345584
C   1.8776150005  1.5576166831  -0.1124543892
F   4.0994600695  1.1209082135  0.9776846052
F   2.2523968838  1.7788567366  -2.5790964978
F   1.0035042413  3.7331141883  0.7577522955
C   -2.7329998278  -0.0449445324  -0.1811134382
F   -4.1508599710  -2.0659541518  0.1987047447
F   -3.5955157717  1.7996000678  1.2735573933
F   -2.9572846560  0.6596801199  -2.5762348141
F   0.1595519692  -1.0108722785  3.0068571971
H   2.7659927041  -5.8646892817  -1.2396595215
H   4.4806048647  -2.9948181308  -1.4416256266
H   3.4251142338  -4.1272396563  1.5480248344
momentum
-31.669231226690574  26.861427089239704  -18.33587475873633
26.99779549691706  -43.478820736918294  19.929751370225578
-13.577501180529666  11.771235757733555  -12.922791727464114
25.418601063179423  -41.81972123144012  14.60065600583648
-12.453739242296338  -13.841583178391101  31.625314877720733
1.5077095781255456  -14.268823822058897  15.596963810383478
-21.775831013957184  -15.812859784010051  -11.76085420577153
-29.321265590478127  4.290393638600381  -14.287136277788326
11.994137221658777  -58.75240653516975  21.10676028662082
-7.1008695434624105  50.47315587047317  -29.48514330482795
11.16256486258622  42.880283917489606  44.04988722682961
12.63428200702873  46.29702505355884  -32.001936315686066
23.552730779629652  9.519716856062184  -0.3382686980114648
-4.765011589817741  -8.160368926790488  -13.61101217947297
7.665696747961942  5.221644839431046  -13.91574779775889
