C   2.9929992543  -3.9946887565  -0.4491417187
O   0.6121754810  -2.7846264943  -0.8315142595
C   0.0506538168  -0.6636895674  0.4514345584
C   1.8776150005  1.5576166831  -0.1124543892
F   4.0994600695  1.1209082135  0.9776846052
F   2.2523968838  1.7788567366  -2.5790964978
F   1.0035042413  3.7331141883  0.7577522955
C   -2.7329998278  -0.0449445324  -0.1811134382
F   -4.1508599710  -2.0659541518  0.1987047447
F   -3.5955157717  1.7996000678  1.2735573933
F   -2.9572846560  0.6596801199  -2.5762348141
F   0.1595519692  -1.0108722785  3.0068571971
H   2.7659927041  -5.8646892817  -1.2396595215
H   4.4806048647  -2.9948181308  -1.4416256266
H   3.4251142338  -4.1272396563  1.5480248344
momentum
13.34863352487762  -18.94350289686637  -13.055471464932198
53.17076418642744  25.56947564313775  -17.53631080975158
-52.16095076818922  5.611457833704677  56.36257802933403
-5.860011884807756  5.696486488105525  -13.602490184545005
6.39446300986605  -13.255918852542086  1.083350011900489
11.882657735416688  -14.851597012537658  -10.12847615128818
-33.181558190572424  -36.29207856735462  21.922670309323
-32.85101244255822  21.1134371896139  -15.859832143080883
-9.184912849206171  22.654437996326635  10.27281860467763
4.361986245860663  21.727978604726644  -27.91617387771728
-32.12221645441217  -4.079394994663615  -36.39303040866731
58.81375507793962  -4.2420284117570874  52.84909287891961
14.656712727428975  2.3645130010757485  -7.990589651927661
1.305134540585245  -4.7580286178379385  0.13634823522107412
0.7118410087908523  -7.667141100731829  0.0707968159587871
