C   2.9929992543  -3.9946887565  -0.4491417187
O   0.6121754810  -2.7846264943  -0.8315142595
C   0.0506538168  -0.6636895674  0.4514345584
C   1.8776150005  1.5576166831  -0.1124543892
F   4.0994600695  1.1209082135  0.9776846052
F   2.2523968838  1.7788567366  -2.5790964978
F   1.0035042413  3.7331141883  0.7577522955
C   -2.7329998278  -0.0449445324  -0.1811134382
F   -4.1508599710  -2.0659541518  0.1987047447
F   -3.5955157717  1.7996000678  1.2735573933
F   -2.9572846560  0.6596801199  -2.5762348141
F   0.1595519692  -1.0108722785  3.0068571971
H   2.7659927041  -5.8646892817  -1.2396595215
H   4.4806048647  -2.9948181308  -1.4416256266
H   3.4251142338  -4.1272396563  1.5480248344
momentum
-25.23513026237566  22.140584418593853  15.977912025615618
30.56258412922108  7.219021657316909  0.4002033267800604
-40.70256083268099  31.108350291791954  -26.260807413787052
20.28235687152185  -9.154194363265118  17.18304998044731
9.729698528690493  -35.49675246005978  -7.863536039574901
-46.68806313268068  1.2810966141768978  -47.26891055449413
-32.61928542261834  -34.668613309314644  -14.680067185945544
-12.656865826952846  -1.163389623967031  28.96422321762913
33.68399172786041  51.0193047631535  -36.429929920429764
32.52245947299081  -35.720820589214235  50.79414352545225
56.558958224683366  -28.165734950100067  -11.816315542173164
-23.94155230943249  11.044032990063636  22.419972744491425
-1.6236881254599922  21.095975923083213  -9.358409761200988
1.7548509536176058  7.013354793008232  8.18113835440571
-2.1778179875790435  -8.022567607273968  9.8317774222098
