C   2.9929992543  -3.9946887565  -0.4491417187
O   0.6121754810  -2.7846264943  -0.8315142595
C   0.0506538168  -0.6636895674  0.4514345584
C   1.8776150005  1.5576166831  -0.1124543892
F   4.0994600695  1.1209082135  0.9776846052
F   2.2523968838  1.7788567366  -2.5790964978
F   1.0035042413  3.7331141883  0.7577522955
C   -2.7329998278  -0.0449445324  -0.1811134382
F   -4.1508599710  -2.0659541518  0.1987047447
F   -3.5955157717  1.7996000678  1.2735573933
F   -2.9572846560  0.6596801199  -2.5762348141
F   0.1595519692  -1.0108722785  3.0068571971
H   2.7659927041  -5.8646892817  -1.2396595215
H   4.4806048647  -2.9948181308  -1.4416256266
H   3.4251142338  -4.1272396563  1.5480248344
momentum
-0.38452908693402243  6.3158564982664105  14.839383168724408
41.43930729411434  13.555628754940166  5.9818194367228035
24.471555635648734  -14.693116516637286  -3.1941639809532623
4.057129249173701  -17.451182702224624  36.367881446524635
-16.771953134899682  -50.95283444153013  18.30106817762823
11.866939972058272  60.911105401181615  1.460772316556601
-1.2154028689752499  -17.515210286754755  -46.5970191509956
-1.4624879791049008  -58.53146787256808  -25.66629265694386
0.42158663366295923  33.826203164687236  55.379036313166544
-25.648258676671546  6.8065234419930185  -27.36202742660953
-37.3923842662968  22.93692784585938  -3.2297221516809014
5.364482474425642  10.840035609658337  -3.715301293938861
-15.950663053978749  -7.049166875970973  -1.4298122581889983
11.439359270780274  9.007584638956843  -6.889929011207537
-0.17790729191812324  1.0759673254715891  -13.854679750508454
