C   2.9929992543  -3.9946887565  -0.4491417187
O   0.6121754810  -2.7846264943  -0.8315142595
C   0.0506538168  -0.6636895674  0.4514345584
C   1.8776150005  1.5576166831  -0.1124543892
F   4.0994600695  1.1209082135  0.9776846052
F   2.2523968838  1.7788567366  -2.5790964978
F   1.0035042413  3.7331141883  0.7577522955
C   -2.7329998278  -0.0449445324  -0.1811134382
F   -4.1508599710  -2.0659541518  0.1987047447
F   -3.5955157717  1.7996000678  1.2735573933
F   -2.9572846560  0.6596801199  -2.5762348141
F   0.1595519692  -1.0108722785  3.0068571971
H   2.7659927041  -5.8646892817  -1.2396595215
H   4.4806048647  -2.9948181308  -1.4416256266
H   3.4251142338  -4.1272396563  1.5480248344
momentum
-30.790369571029533  -17.173431703100235  27.502185037439194
0.03768486266459319  7.93522978717355  -17.521822160052086
-30.296529518102076  -22.78124854480663  31.141544561366295
13.563946341360728  25.33590580017549  5.210721157381318
25.024952228370307  -15.179642793796285  10.754004671348346
-14.11312679351239  7.335833540455032  12.94899054600033
-14.969470325439069  6.312309585875007  19.030457163018273
4.637987462986804  47.61368090818806  32.328026884417895
50.18799698789952  2.8193390739977944  30.835549304339498
-33.90398241950397  -46.60133155650733  -46.20511978234701
-26.660256861788312  18.3835405971306  -50.61066307037487
55.75053875258215  10.901600092457217  -49.365996106291206
8.783253060954591  -12.579931415332508  1.3942311400066576
-4.083671411506441  -13.909063637336692  -3.927774935437117
-3.00567243728803  2.8336902857961968  -3.370969554796981
