C   2.9929992543  -3.9946887565  -0.4491417187
O   0.6121754810  -2.7846264943  -0.8315142595
C   0.0506538168  -0.6636895674  0.4514345584
C   1.8776150005  1.5576166831  -0.1124543892
F   4.0994600695  1.1209082135  0.9776846052
F   2.2523968838  1.7788567366  -2.5790964978
F   1.0035042413  3.7331141883  0.7577522955
C   -2.7329998278  -0.0449445324  -0.1811134382
F   -4.1508599710  -2.0659541518  0.1987047447
F   -3.5955157717  1.7996000678  1.2735573933
F   -2.9572846560  0.6596801199  -2.5762348141
F   0.1595519692  -1.0108722785  3.0068571971
H   2.7659927041  -5.8646892817  -1.2396595215
H   4.4806048647  -2.9948181308  -1.4416256266
H   3.4251142338  -4.1272396563  1.5480248344
momentum
14.092602678126829  -37.24301471864478  0.24546211779880936
62.42971462145519  12.210240765021837  -29.524127376758237
45.32613972438943  29.83198624358406  12.994222030377369
2.2375434951761144  -8.130584278856144  -30.431936702168738
-37.057475170678636  -38.971168619158675  29.356414321738754
39.08441550603166  15.154158391869688  -50.34987408354458
15.074158716750981  6.309569928202766  -31.77049798287164
-49.38420828745775  -6.94137010194363  44.81637844171551
-26.489049246592486  -18.42378518219824  -6.554014295341222
-33.29840263622632  -11.443691557094418  29.87624058468664
-2.970924811096393  25.62488680871776  -20.19132167426348
-9.986702713619234  4.058875886683586  51.30871744920576
-5.523716291426876  8.446991547839174  -13.21728782267293
-3.039290260374135  8.297349135329085  -4.760580860225908
-10.911205018231811  10.519557948981815  17.689561922545362
