C   2.9929992543  -3.9946887565  -0.4491417187
O   0.6121754810  -2.7846264943  -0.8315142595
C   0.0506538168  -0.6636895674  0.4514345584
C   1.8776150005  1.5576166831  -0.1124543892
F   4.0994600695  1.1209082135  0.9776846052
F   2.2523968838  1.7788567366  -2.5790964978
F   1.0035042413  3.7331141883  0.7577522955
C   -2.7329998278  -0.0449445324  -0.1811134382
F   -4.1508599710  -2.0659541518  0.1987047447
F   -3.5955157717  1.7996000678  1.2735573933
F   -2.9572846560  0.6596801199  -2.5762348141
F   0.1595519692  -1.0108722785  3.0068571971
H   2.7659927041  -5.8646892817  -1.2396595215
H   4.4806048647  -2.9948181308  -1.4416256266
H   3.4251142338  -4.1272396563  1.5480248344
momentum
-28.19565567710735  26.602085905743778  22.485604260864132
-21.37044705739673  -32.23447910189099  -15.871106686938814
-23.12126775409923  16.223207647687357  -6.370505901769108
-44.524946048963656  48.136364203526895  -1.2198308271275473
33.53870419943193  29.18896320113652  7.115020765443038
6.775955472563286  -22.069469127861897  10.091637949385994
33.8805268320841  -32.35472112457888  -19.241811637564044
21.99441632772826  20.712337432242894  -5.177021198166102
-8.266494687890027  2.863893176531418  -51.94940140238032
-6.311960597040832  -30.968525066496795  -4.881494939172782
-18.36876862219377  0.4157346852958387  47.350387393466406
41.959263696675976  -12.43231181686584  13.926176658381662
7.546273293824762  -9.452700022922729  1.4816769146148845
5.442796433857849  -0.7478554034629844  -2.7736753185343748
-1.2273241581329666  -2.7793984206402413  4.967578353416262
