C   2.9929992543  -3.9946887565  -0.4491417187
O   0.6121754810  -2.7846264943  -0.8315142595
C   0.0506538168  -0.6636895674  0.4514345584
C   1.8776150005  1.5576166831  -0.1124543892
F   4.0994600695  1.1209082135  0.9776846052
F   2.2523968838  1.7788567366  -2.5790964978
F   1.0035042413  3.7331141883  0.7577522955
C   -2.7329998278  -0.0449445324  -0.1811134382
F   -4.1508599710  -2.0659541518  0.1987047447
F   -3.5955157717  1.7996000678  1.2735573933
F   -2.9572846560  0.6596801199  -2.5762348141
F   0.1595519692  -1.0108722785  3.0068571971
H   2.7659927041  -5.8646892817  -1.2396595215
H   4.4806048647  -2.9948181308  -1.4416256266
H   3.4251142338  -4.1272396563  1.5480248344
momentum
9.36830293329188  -11.593927303340074  16.96001574895016
11.284934186250599  -53.256414999389634  -14.745724851560384
-1.6855730114671401  5.771226815460339  -5.467896164012052
13.9461111564059  6.222479078741201  -58.54317746833534
-21.17491806325529  -42.55301211415639  63.32513395703791
-11.18160041507015  42.66052377593504  -13.37117371559209
12.224070866218762  62.185412917666135  -2.766007063367462
-10.39888666824677  45.23231070508988  10.066041681138268
-35.441729867605545  11.384747748127669  -7.847919390330303
1.5724595083301474  -31.19854787906091  40.89434687403301
20.596687739459  -48.60452258105794  -12.292348602072957
8.923454455108969  9.78766480497289  -2.507324805809102
1.2669790061000847  7.179947250159829  0.8062655588775498
-7.015118955838154  -3.4408805812216703  -10.438413032118685
7.33733627311664  0.27158026896187626  -4.441231939712085
