C   2.9929992543  -3.9946887565  -0.4491417187
O   0.6121754810  -2.7846264943  -0.8315142595
C   0.0506538168  -0.6636895674  0.4514345584
C   1.8776150005  1.5576166831  -0.1124543892
F   4.0994600695  1.1209082135  0.9776846052
F   2.2523968838  1.7788567366  -2.5790964978
F   1.0035042413  3.7331141883  0.7577522955
C   -2.7329998278  -0.0449445324  -0.1811134382
F   -4.1508599710  -2.0659541518  0.1987047447
F   -3.5955157717  1.7996000678  1.2735573933
F   -2.9572846560  0.6596801199  -2.5762348141
F   0.1595519692  -1.0108722785  3.0068571971
H   2.7659927041  -5.8646892817  -1.2396595215
H   4.4806048647  -2.9948181308  -1.4416256266
H   3.4251142338  -4.1272396563  1.5480248344
momentum
-7.988834676114404  1.3492339783070184  -45.862145654857606
57.33490932635343  -19.62944651255772  8.259598370398287
69.59558124058658  -2.056262403139824  -19.40068524966587
17.8783326573939  1.9639501646883841  39.57828262021805
-9.976788310929512  30.47956750896528  -7.692805159465436
-1.0330628216905602  -23.099444433808053  -72.07272002505532
-14.554863692421858  -41.17962363157538  52.45557195944839
-43.68419769045358  -16.277045299431556  7.963230126412854
-24.143259212841993  9.914078906292351  -9.336448461822672
24.239089259727944  29.129516871784215  2.640270704581456
-6.342278236681286  3.397563188549225  -4.1328782722985045
-56.416713701301866  13.801386128663108  29.30831435065899
-5.0733263776190665  -1.7434538656596479  19.763528496580008
-1.933886595351467  1.8419310371761848  -11.0317046605237
1.906547162313096  11.995406526759592  8.97150084396622
