C   2.9929992543  -3.9946887565  -0.4491417187
O   0.6121754810  -2.7846264943  -0.8315142595
C   0.0506538168  -0.6636895674  0.4514345584
C   1.8776150005  1.5576166831  -0.1124543892
F   4.0994600695  1.1209082135  0.9776846052
F   2.2523968838  1.7788567366  -2.5790964978
F   1.0035042413  3.7331141883  0.7577522955
C   -2.7329998278  -0.0449445324  -0.1811134382
F   -4.1508599710  -2.0659541518  0.1987047447
F   -3.5955157717  1.7996000678  1.2735573933
F   -2.9572846560  0.6596801199  -2.5762348141
F   0.1595519692  -1.0108722785  3.0068571971
H   2.7659927041  -5.8646892817  -1.2396595215
H   4.4806048647  -2.9948181308  -1.4416256266
H   3.4251142338  -4.1272396563  1.5480248344
momentum
21.19237625516017  -13.80329485816568  -13.38190445418946
-48.19711544522444  -43.19145065205369  9.497871916188831
14.381619269458664  32.00094114389359  16.349630789002497
-24.729211937688717  -35.61751385183206  -18.80481358361714
-17.44793355761879  -32.775607146737414  19.130738456893205
30.020163066905027  37.972444609430845  22.361108526077974
8.74500369516872  5.195496189859896  14.157919002437929
8.743333793177467  -11.002937623070904  -0.08427711930720229
16.33817811871974  -9.558119277713853  2.5749580608865923
-11.443101452051751  2.407942880191464  -9.247722810833999
-34.188775563003745  5.036782175836515  -6.067839695956116
32.358604976729175  44.3848332662597  -42.601491719722546
3.461666014242837  7.170409548624708  4.30609029826399
2.5543575480232157  -1.3935572210126541  -11.406916851810067
-2.097251250885233  13.785221827829409  13.200632612743473
