C   2.9929992543  -3.9946887565  -0.4491417187
O   0.6121754810  -2.7846264943  -0.8315142595
C   0.0506538168  -0.6636895674  0.4514345584
C   1.8776150005  1.5576166831  -0.1124543892
F   4.0994600695  1.1209082135  0.9776846052
F   2.2523968838  1.7788567366  -2.5790964978
F   1.0035042413  3.7331141883  0.7577522955
C   -2.7329998278  -0.0449445324  -0.1811134382
F   -4.1508599710  -2.0659541518  0.1987047447
F   -3.5955157717  1.7996000678  1.2735573933
F   -2.9572846560  0.6596801199  -2.5762348141
F   0.1595519692  -1.0108722785  3.0068571971
H   2.7659927041  -5.8646892817  -1.2396595215
H   4.4806048647  -2.9948181308  -1.4416256266
H   3.4251142338  -4.1272396563  1.5480248344
momentum
-3.471896752921368  -15.83764090870986  10.815189469123336
10.048779013396102  -10.255947225815083  -22.795751486674703
-18.164947566626697  -1.6112778375021755  24.099652361900468
3.487825735188038  16.632605791878845  -3.724657092598662
-46.262295670161826  -15.329358734834525  6.173124302128045
-8.793082945722583  7.090094912167153  -12.160060055025511
2.996430137812734  0.21499302314996982  47.60977911183622
18.62404696217296  25.147081319221826  8.185462432637504
28.433558257464593  -21.807105115785113  6.639717239866159
7.046587752014145  6.4916121097591795  -31.16513914099408
3.5955040624000496  -22.37445409571105  18.33347304993867
23.041640695508217  37.955448823473326  -49.72543614449484
-6.421109339744951  6.037929067706916  9.140159526022899
-4.853155269910059  -4.944507035321439  -6.9328180515407105
-9.369948970529112  -7.24382844545996  -4.4903228073006884
