C   2.9929992543  -3.9946887565  -0.4491417187
O   0.6121754810  -2.7846264943  -0.8315142595
C   0.0506538168  -0.6636895674  0.4514345584
C   1.8776150005  1.5576166831  -0.1124543892
F   4.0994600695  1.1209082135  0.9776846052
F   2.2523968838  1.7788567366  -2.5790964978
F   1.0035042413  3.7331141883  0.7577522955
C   -2.7329998278  -0.0449445324  -0.1811134382
F   -4.1508599710  -2.0659541518  0.1987047447
F   -3.5955157717  1.7996000678  1.2735573933
F   -2.9572846560  0.6596801199  -2.5762348141
F   0.1595519692  -1.0108722785  3.0068571971
H   2.7659927041  -5.8646892817  -1.2396595215
H   4.4806048647  -2.9948181308  -1.4416256266
H   3.4251142338  -4.1272396563  1.5480248344
momentum
34.31492176284915  -11.804301951050022  4.225110635520713
12.616721481373267  28.830598432288813  -0.12484703992987105
17.363525924132688  8.277562648122435  28.223706225289927
19.45584054929408  -11.08119245408425  2.926077870575884
51.46587119162514  7.2659824288652715  1.3464553701148818
-57.22799683986683  -2.38558321488983  32.98904500581646
-17.355291145811936  -41.86199610853787  16.145709868630814
-5.5702879118532795  -43.95947507448303  -15.686360662170772
-24.748381175038638  49.29565919616344  -19.3711720871808
7.951377994805574  16.189911012503227  -19.569816181150347
-20.596982168098275  -18.899479226712455  36.150372835248035
-11.168172712435469  25.722204563981027  -78.89356028126187
-6.655445118267461  3.19731274952299  9.396373759084284
-9.369354236288258  -9.183005625521028  5.587082618902838
9.563632437026165  -0.2298858943343576  -3.6641698117270103
