C   2.9929992543  -3.9946887565  -0.4491417187
O   0.6121754810  -2.7846264943  -0.8315142595
C   0.0506538168  -0.6636895674  0.4514345584
C   1.8776150005  1.5576166831  -0.1124543892
F   4.0994600695  1.1209082135  0.9776846052
F   2.2523968838  1.7788567366  -2.5790964978
F   1.0035042413  3.7331141883  0.7577522955
C   -2.7329998278  -0.0449445324  -0.1811134382
F   -4.1508599710  -2.0659541518  0.1987047447
F   -3.5955157717  1.7996000678  1.2735573933
F   -2.9572846560  0.6596801199  -2.5762348141
F   0.1595519692  -1.0108722785  3.0068571971
H   2.7659927041  -5.8646892817  -1.2396595215
H   4.4806048647  -2.9948181308  -1.4416256266
H   3.4251142338  -4.1272396563  1.5480248344
momentum
39.90425997971521  6.964594136061129  23.68904406754521
8.270220125177115  -34.9550382040168  38.38930934898523
9.42305679569949  -4.056377824777563  -45.94447689299988
-41.72908262484046  53.53140258465016  4.7450135223698435
25.041805296190624  -71.39415013114235  -20.13864074743153
36.40387408440105  -19.045909233576626  -39.79638363723192
19.60913435575302  47.95122726232616  31.42900414536244
-15.593246237234172  43.87731848986378  11.59686742782995
-9.212734741338288  6.982054708351641  -26.931510224235005
-75.39701820280133  6.4980574249164444  8.81149642860742
-3.287549442659988  -25.92312177367161  47.882674330921965
6.322587619025555  -31.41283488593992  -29.494296803046314
-1.1361581496869444  -1.24428058787759  0.23803881475786065
5.226476944966766  9.388430486864756  2.609782117193669
-4.085868102166196  13.077856178268373  -7.3746407348551015
