C   2.9929992543  -3.9946887565  -0.4491417187
O   0.6121754810  -2.7846264943  -0.8315142595
C   0.0506538168  -0.6636895674  0.4514345584
C   1.8776150005  1.5576166831  -0.1124543892
F   4.0994600695  1.1209082135  0.9776846052
F   2.2523968838  1.7788567366  -2.5790964978
F   1.0035042413  3.7331141883  0.7577522955
C   -2.7329998278  -0.0449445324  -0.1811134382
F   -4.1508599710  -2.0659541518  0.1987047447
F   -3.5955157717  1.7996000678  1.2735573933
F   -2.9572846560  0.6596801199  -2.5762348141
F   0.1595519692  -1.0108722785  3.0068571971
H   2.7659927041  -5.8646892817  -1.2396595215
H   4.4806048647  -2.9948181308  -1.4416256266
H   3.4251142338  -4.1272396563  1.5480248344
momentum
42.45202412233043  74.49299515288759  6.415762028797285
-18.388294408728488  -81.05475661195807  -15.368879369836502
-53.67199841454887  21.04584197034144  -7.894277031733687
36.83092119110799  -47.819033348616955  30.018886808391798
35.31138453345297  -49.10711422242025  33.54586029020024
3.915595378044679  -46.4537562155113  -35.04705875123877
18.350229513121786  41.521891286217596  14.09983019831097
24.243075001044733  22.69922238761107  18.2720723911775
9.272819684984716  14.253489637871155  -12.157875538738026
-82.13325018868649  2.1830727516495867  -9.027745833278741
-64.2350636700162  9.814752880325887  9.206898301023077
15.35168711433127  22.310509659489348  -23.584583368872277
9.767179919253087  9.88148004880835  -12.908229403413
5.33189534181498  1.7083800952442738  -1.7364040957279605
17.43887651310722  4.707874790553981  6.450411189273792
