C   2.9929992543  -3.9946887565  -0.4491417187
O   0.6121754810  -2.7846264943  -0.8315142595
C   0.0506538168  -0.6636895674  0.4514345584
C   1.8776150005  1.5576166831  -0.1124543892
F   4.0994600695  1.1209082135  0.9776846052
F   2.2523968838  1.7788567366  -2.5790964978
F   1.0035042413  3.7331141883  0.7577522955
C   -2.7329998278  -0.0449445324  -0.1811134382
F   -4.1508599710  -2.0659541518  0.1987047447
F   -3.5955157717  1.7996000678  1.2735573933
F   -2.9572846560  0.6596801199  -2.5762348141
F   0.1595519692  -1.0108722785  3.0068571971
H   2.7659927041  -5.8646892817  -1.2396595215
H   4.4806048647  -2.9948181308  -1.4416256266
H   3.4251142338  -4.1272396563  1.5480248344
momentum
-2.8608878367694586  32.56421498626561  25.063164547298296
-13.730148608982251  -13.086653399995328  26.686237994481544
-38.94076600940385  -26.64678962990835  -13.295624632819878
-24.692754779652272  -17.981972536440846  17.579950448669177
-2.025908270575812  24.347470744019507  0.26593727194681943
-26.744450129777377  43.69782218544809  -52.53455379689866
31.943270062532314  -6.9913469472777185  -10.719412192528434
40.21808110942849  -14.588721136550259  -4.446728445016222
34.737214207519635  19.46643323775284  16.37547008560631
21.556191630014062  -10.00308493942183  -1.0024539581037109
5.80756283592749  24.29949506885171  -12.647399038239632
-36.023503700475686  -42.55948741625332  11.898121289609925
-8.06320044748109  5.339372504242137  -10.965068382960938
16.904562748216396  -13.453984609173304  0.9075791340253612
1.9401279636409352  -4.161263380228209  7.380874596104338
