C   2.9929992543  -3.9946887565  -0.4491417187
O   0.6121754810  -2.7846264943  -0.8315142595
C   0.0506538168  -0.6636895674  0.4514345584
C   1.8776150005  1.5576166831  -0.1124543892
F   4.0994600695  1.1209082135  0.9776846052
F   2.2523968838  1.7788567366  -2.5790964978
F   1.0035042413  3.7331141883  0.7577522955
C   -2.7329998278  -0.0449445324  -0.1811134382
F   -4.1508599710  -2.0659541518  0.1987047447
F   -3.5955157717  1.7996000678  1.2735573933
F   -2.9572846560  0.6596801199  -2.5762348141
F   0.1595519692  -1.0108722785  3.0068571971
H   2.7659927041  -5.8646892817  -1.2396595215
H   4.4806048647  -2.9948181308  -1.4416256266
H   3.4251142338  -4.1272396563  1.5480248344
momentum
-6.17044337563487  -8.722208334087545  -42.77581094318957
-27.01389790722007  21.88851537795826  -0.6657432601223662
39.06842265227402  16.145214379813886  -8.04488872590695
53.740753042525526  -14.47600922329415  -48.188796764479214
-7.095419900108513  42.66784399277798  7.323263078918843
40.43037932565743  -77.94406949691685  31.83770451998335
-19.672104264875486  38.96707608375328  29.41524022986017
-6.527149740565982  22.64284402884425  22.84646380238948
-36.020276874399656  -8.027001480555013  14.097039689771384
-38.178752487231414  -44.6666686467579  -22.58079925107042
-3.594206755750269  10.071486199481388  1.2276222796301681
-4.180444759954096  3.444471021101456  16.76582468893372
5.362515948122748  7.423865347446109  -0.9859764032298896
1.759849838169681  -7.952898554412253  -7.85609407055901
8.35202308286682  -0.9072242010239765  7.167045367978844
