C   2.9929992543  -3.9946887565  -0.4491417187
O   0.6121754810  -2.7846264943  -0.8315142595
C   0.0506538168  -0.6636895674  0.4514345584
C   1.8776150005  1.5576166831  -0.1124543892
F   4.0994600695  1.1209082135  0.9776846052
F   2.2523968838  1.7788567366  -2.5790964978
F   1.0035042413  3.7331141883  0.7577522955
C   -2.7329998278  -0.0449445324  -0.1811134382
F   -4.1508599710  -2.0659541518  0.1987047447
F   -3.5955157717  1.7996000678  1.2735573933
F   -2.9572846560  0.6596801199  -2.5762348141
F   0.1595519692  -1.0108722785  3.0068571971
H   2.7659927041  -5.8646892817  -1.2396595215
H   4.4806048647  -2.9948181308  -1.4416256266
H   3.4251142338  -4.1272396563  1.5480248344
momentum
-13.74991240410224  11.390439498206092  3.7921129160986617
-22.839938349971764  -0.27833726048080415  -6.031261264079459
-19.64217161955827  47.11900772403878  -8.071711629351002
1.5749018438125442  32.91666668818849  5.0647600815398475
16.029153471507875  41.67190157484082  14.524718063131234
40.32036923254915  -0.7142742546623712  -12.954698205622575
34.98011389920574  -24.382272047630412  -26.65524404631224
-54.9168662552211  -7.281545668343206  2.7923521587153326
-53.684552129116746  3.9660739476328337  -5.660000842236944
13.987509596963388  -13.26855328593877  13.243861483830392
35.73969095274251  -49.543135199175865  3.520830575108861
13.818388348673254  -57.06032282388978  32.74953836544075
-7.409731549723369  -2.431397038736295  -5.277588297397898
8.469158456631227  6.681604692044003  -3.0926738238006237
6.942204253844223  10.88595784587515  -7.921940444763547
