C   2.9929992543  -3.9946887565  -0.4491417187
O   0.6121754810  -2.7846264943  -0.8315142595
C   0.0506538168  -0.6636895674  0.4514345584
C   1.8776150005  1.5576166831  -0.1124543892
F   4.0994600695  1.1209082135  0.9776846052
F   2.2523968838  1.7788567366  -2.5790964978
F   1.0035042413  3.7331141883  0.7577522955
C   -2.7329998278  -0.0449445324  -0.1811134382
F   -4.1508599710  -2.0659541518  0.1987047447
F   -3.5955157717  1.7996000678  1.2735573933
F   -2.9572846560  0.6596801199  -2.5762348141
F   0.1595519692  -1.0108722785  3.0068571971
H   2.7659927041  -5.8646892817  -1.2396595215
H   4.4806048647  -2.9948181308  -1.4416256266
H   3.4251142338  -4.1272396563  1.5480248344
momentum
-51.51370917742106  25.630896578941165  15.745985646270146
-13.609431192754732  7.180921380650239  -41.872240596527384
-3.505824515753702  29.233116786967027  -25.034986880020284
-23.745707240989375  25.103498957648586  -13.111730982448117
35.66154288981094  32.953058487547004  10.459184445108129
28.559145480918122  -21.175597139876327  28.676293285728605
-41.320433083374134  -49.090360202971866  19.0160316965765
44.435852116203264  4.787030301563985  -7.117724889178255
-32.96801659069274  24.076553876032964  18.41545762772575
12.259969898049958  -28.89689095699931  3.8271083506514474
9.448784617257763  -45.83742470291878  5.196731390652863
27.463905792386317  28.44792803988286  -2.007622844105968
4.276403258773749  -4.267766968735914  -7.530652229607885
9.56471319977892  -12.859446089934277  -2.0716173605500217
-5.041220043474067  -13.969241170364658  -2.2743702089469395
