C   2.9929992543  -3.9946887565  -0.4491417187
O   0.6121754810  -2.7846264943  -0.8315142595
C   0.0506538168  -0.6636895674  0.4514345584
C   1.8776150005  1.5576166831  -0.1124543892
F   4.0994600695  1.1209082135  0.9776846052
F   2.2523968838  1.7788567366  -2.5790964978
F   1.0035042413  3.7331141883  0.7577522955
C   -2.7329998278  -0.0449445324  -0.1811134382
F   -4.1508599710  -2.0659541518  0.1987047447
F   -3.5955157717  1.7996000678  1.2735573933
F   -2.9572846560  0.6596801199  -2.5762348141
F   0.1595519692  -1.0108722785  3.0068571971
H   2.7659927041  -5.8646892817  -1.2396595215
H   4.4806048647  -2.9948181308  -1.4416256266
H   3.4251142338  -4.1272396563  1.5480248344
momentum
2.2099603355760387  6.953229288195273  -38.17993174217506
-18.95309056846441  49.53760714987119  48.49646741472516
-5.929022217755669  -0.3545199440485623  -19.165928052275028
-7.462630462014254  -13.563257118503087  6.548999631579274
42.37412376001307  26.164981730361074  30.54651374900591
33.771777777164274  -41.90197204590853  25.203695819554277
-22.279555517794954  -80.05821650757446  -15.485984782027439
-17.366020205543986  -20.28644963851652  53.806216927830604
-9.210515754247087  17.54283630204305  24.870963378543266
14.264292842648592  -59.43156229059741  -50.990988959040315
-29.25073908464361  57.35550822025512  -25.726598280449053
4.847409621918144  53.459789462494186  -31.410473085805403
8.444268667947853  4.4344784248946025  -5.862550848317973
-1.8042454407673791  1.2690488391526504  -8.544290210491917
6.335072375387714  -0.34847005064264475  5.737407419423464
