C   2.9929992543  -3.9946887565  -0.4491417187
O   0.6121754810  -2.7846264943  -0.8315142595
C   0.0506538168  -0.6636895674  0.4514345584
C   1.8776150005  1.5576166831  -0.1124543892
F   4.0994600695  1.1209082135  0.9776846052
F   2.2523968838  1.7788567366  -2.5790964978
F   1.0035042413  3.7331141883  0.7577522955
C   -2.7329998278  -0.0449445324  -0.1811134382
F   -4.1508599710  -2.0659541518  0.1987047447
F   -3.5955157717  1.7996000678  1.2735573933
F   -2.9572846560  0.6596801199  -2.5762348141
F   0.1595519692  -1.0108722785  3.0068571971
H   2.7659927041  -5.8646892817  -1.2396595215
H   4.4806048647  -2.9948181308  -1.4416256266
H   3.4251142338  -4.1272396563  1.5480248344
momentum
38.997844945052044  31.21073593573996  -44.185934205146545
5.7058529264176805  28.396511378570686  14.768906376085049
47.419722035631345  -34.58965886984509  16.207314006951332
-13.625446940057579  -6.815395240257644  -33.43523863095119
-43.07853982818918  -44.262934398178686  -8.999666164629058
15.220239164600711  -44.98657890260382  50.06280537603112
-6.972658200696446  -0.191725575678891  32.01504375325429
-5.794340011830511  19.0090276933531  -32.15657002792138
-24.030194087444297  14.79023166873405  38.30864150457258
-0.4260557335413752  -3.036981484525634  -13.36679249761168
4.43049217382499  -16.782040697603556  31.846747507466834
-14.002556879314277  48.29001533084794  -69.307948157478
5.440674763650781  11.99311033149584  7.117395150755618
-8.15192913706138  0.8451673496769316  7.667024628101646
-1.0878578281073539  -4.008488629449626  3.0954352757503
