C   2.9929992543  -3.9946887565  -0.4491417187
O   0.6121754810  -2.7846264943  -0.8315142595
C   0.0506538168  -0.6636895674  0.4514345584
C   1.8776150005  1.5576166831  -0.1124543892
F   4.0994600695  1.1209082135  0.9776846052
F   2.2523968838  1.7788567366  -2.5790964978
F   1.0035042413  3.7331141883  0.7577522955
C   -2.7329998278  -0.0449445324  -0.1811134382
F   -4.1508599710  -2.0659541518  0.1987047447
F   -3.5955157717  1.7996000678  1.2735573933
F   -2.9572846560  0.6596801199  -2.5762348141
F   0.1595519692  -1.0108722785  3.0068571971
H   2.7659927041  -5.8646892817  -1.2396595215
H   4.4806048647  -2.9948181308  -1.4416256266
H   3.4251142338  -4.1272396563  1.5480248344
momentum
17.267048925769668  -49.43265374543621  17.987444461671114
6.374500189918766  29.03924748022536  -57.6585104515906
57.117578494948894  -29.018121419736826  22.87039310202649
-8.768480570440852  36.68200706319382  -10.526715991900245
-52.48337894002587  17.926418102609652  -26.831835120969785
1.9702295391196345  -37.467870571379336  22.122349654299075
17.671938230145702  0.28213076068198256  44.31349119785425
30.279745234647017  -4.24602474806297  40.79626807820775
-21.815873604323784  -17.490983872461943  -0.8758439380392292
7.73331280984555  67.43799409554242  -42.58915310972373
-41.44443209789967  -21.33687784674853  -16.540061025320746
-12.290568148383919  -23.150182199808093  6.697270905377682
-11.125129469713622  8.118527881564678  -6.396688997895977
-1.9080064944810686  14.730458288528288  -7.855742108334552
11.401063114307162  6.5047801671119485  13.950620351960982
