C   2.9929992543  -3.9946887565  -0.4491417187
O   0.6121754810  -2.7846264943  -0.8315142595
C   0.0506538168  -0.6636895674  0.4514345584
C   1.8776150005  1.5576166831  -0.1124543892
F   4.0994600695  1.1209082135  0.9776846052
F   2.2523968838  1.7788567366  -2.5790964978
F   1.0035042413  3.7331141883  0.7577522955
C   -2.7329998278  -0.0449445324  -0.1811134382
F   -4.1508599710  -2.0659541518  0.1987047447
F   -3.5955157717  1.7996000678  1.2735573933
F   -2.9572846560  0.6596801199  -2.5762348141
F   0.1595519692  -1.0108722785  3.0068571971
H   2.7659927041  -5.8646892817  -1.2396595215
H   4.4806048647  -2.9948181308  -1.4416256266
H   3.4251142338  -4.1272396563  1.5480248344
momentum
1.2593185785968783  6.132172911048527  27.940312049799875
11.339955144136068  -15.839722219208564  28.164480142695844
2.33270789971307  9.988112401189914  -57.514945758565766
-54.18001512717577  -12.338896608606634  -7.871018290711518
-25.23814010071132  -14.041227991461827  -34.957440863805765
41.42846355559895  3.838971019665848  -37.74037807708014
44.043785987950116  -4.203909818989289  38.61491974143434
-13.395557070695178  21.072366386839526  13.75408333226429
-21.35101523492136  8.239761819687086  -50.173319580944536
-9.961320696869494  -50.14034472778076  16.76202266618376
-24.99119763968153  23.027163772460693  20.138597199125982
45.76007471227724  -1.906890553947754  5.543258297756823
-0.32260689810728765  10.449183198480084  9.417658809871671
1.7612669733705228  2.1053053102468513  17.201686307765844
1.7404375927983666  13.632699947125598  10.715441835810028
