C   2.9929992543  -3.9946887565  -0.4491417187
O   0.6121754810  -2.7846264943  -0.8315142595
C   0.0506538168  -0.6636895674  0.4514345584
C   1.8776150005  1.5576166831  -0.1124543892
F   4.0994600695  1.1209082135  0.9776846052
F   2.2523968838  1.7788567366  -2.5790964978
F   1.0035042413  3.7331141883  0.7577522955
C   -2.7329998278  -0.0449445324  -0.1811134382
F   -4.1508599710  -2.0659541518  0.1987047447
F   -3.5955157717  1.7996000678  1.2735573933
F   -2.9572846560  0.6596801199  -2.5762348141
F   0.1595519692  -1.0108722785  3.0068571971
H   2.7659927041  -5.8646892817  -1.2396595215
H   4.4806048647  -2.9948181308  -1.4416256266
H   3.4251142338  -4.1272396563  1.5480248344
momentum
28.631746712679025  1.5379580872044356  -18.009754340126
-13.314188882337596  -27.897841035452956  27.63793593060772
-27.153902853836154  28.629824442154156  -59.87376491709716
-2.598420484153804  0.5922311832801426  13.161330932545802
3.922950407415663  -7.807474984217862  -4.022488928460009
-7.9897450722838865  -15.535257164782934  36.25919962497596
22.318692949504797  -48.50135358978371  -11.963233706458155
-22.557547147053693  20.804677354792755  -0.6045968358739056
23.419841027965873  -28.69778127148812  -44.751524152030505
2.498039025535837  -4.3650807699167435  57.118196854334634
-18.942368539297846  12.967237799467902  -28.026232212669132
11.269285841296703  69.1603843584689  25.674519831824533
0.14021258986231572  -7.3461866158493505  0.8460295222628645
-5.219765458435099  3.6468141682560273  6.863217451797902
5.823103369969558  2.987287619366406  -0.4890224250549704
