C   2.9929992543  -3.9946887565  -0.4491417187
O   0.6121754810  -2.7846264943  -0.8315142595
C   0.0506538168  -0.6636895674  0.4514345584
C   1.8776150005  1.5576166831  -0.1124543892
F   4.0994600695  1.1209082135  0.9776846052
F   2.2523968838  1.7788567366  -2.5790964978
F   1.0035042413  3.7331141883  0.7577522955
C   -2.7329998278  -0.0449445324  -0.1811134382
F   -4.1508599710  -2.0659541518  0.1987047447
F   -3.5955157717  1.7996000678  1.2735573933
F   -2.9572846560  0.6596801199  -2.5762348141
F   0.1595519692  -1.0108722785  3.0068571971
H   2.7659927041  -5.8646892817  -1.2396595215
H   4.4806048647  -2.9948181308  -1.4416256266
H   3.4251142338  -4.1272396563  1.5480248344
momentum
15.08042513480643  44.036196432892055  1.8535084456235718
-25.53866167263743  53.66898160846886  -23.06060773258429
32.99125725657729  -15.522210761940096  -13.1843944511695
-3.765619592430686  -19.257656426233563  42.09351234476427
24.266781229720376  4.696823054472078  -0.8674334742029213
12.880700806222011  -76.72868330606212  6.573380457586184
4.647403077225684  -0.2099697465280985  -18.105063865489296
-43.470923873994366  0.5022738801478216  -2.8149108528935796
-24.2207106833595  0.4951487329326004  7.086554372333257
23.56751151762099  -48.60046852929402  -27.628264665905164
-18.282242899226798  23.93755876249813  10.08226755595175
3.9210085463795847  15.131898793527881  27.373022886698855
1.2455129461486973  4.390616224935688  -15.166223567045593
2.77415161948043  2.9337323559067325  6.741421722284447
-5.625893901326361  10.0788457203916  -0.9488436591901356
