C   2.9929992543  -3.9946887565  -0.4491417187
O   0.6121754810  -2.7846264943  -0.8315142595
C   0.0506538168  -0.6636895674  0.4514345584
C   1.8776150005  1.5576166831  -0.1124543892
F   4.0994600695  1.1209082135  0.9776846052
F   2.2523968838  1.7788567366  -2.5790964978
F   1.0035042413  3.7331141883  0.7577522955
C   -2.7329998278  -0.0449445324  -0.1811134382
F   -4.1508599710  -2.0659541518  0.1987047447
F   -3.5955157717  1.7996000678  1.2735573933
F   -2.9572846560  0.6596801199  -2.5762348141
F   0.1595519692  -1.0108722785  3.0068571971
H   2.7659927041  -5.8646892817  -1.2396595215
H   4.4806048647  -2.9948181308  -1.4416256266
H   3.4251142338  -4.1272396563  1.5480248344
momentum
-39.5551421079699  27.37817739773328  -24.843325167932623
20.784316824868615  -11.165260318836944  -18.22475531722475
-0.2925834714694777  -4.145068245569551  41.85493216859681
16.10337371301403  9.655300402139238  2.1074072896496534
-10.118940295260588  34.499461208622165  23.64755743188311
1.7552820237686388  -61.82193085566107  3.9743758945875856
10.106815367755773  20.145179555196936  -26.053578104233722
1.9070564182355514  25.534264195242244  -5.070547884853291
-4.4116462401953225  -25.419757491322596  6.780144385147765
30.79927617424673  -25.41690973771886  11.534414486724806
8.691097781564912  13.0041124548255  25.119420379246613
-50.956099903735165  -5.823845887256019  -40.9203563072924
3.060767740891033  -1.3943545301176905  -5.417693880838023
1.77340538135628  -4.466973511461363  -3.2555908685946604
10.29575526623836  9.41467774021461  8.602801400627355
