C   2.9929992543  -3.9946887565  -0.4491417187
O   0.6121754810  -2.7846264943  -0.8315142595
C   0.0506538168  -0.6636895674  0.4514345584
C   1.8776150005  1.5576166831  -0.1124543892
F   4.0994600695  1.1209082135  0.9776846052
F   2.2523968838  1.7788567366  -2.5790964978
F   1.0035042413  3.7331141883  0.7577522955
C   -2.7329998278  -0.0449445324  -0.1811134382
F   -4.1508599710  -2.0659541518  0.1987047447
F   -3.5955157717  1.7996000678  1.2735573933
F   -2.9572846560  0.6596801199  -2.5762348141
F   0.1595519692  -1.0108722785  3.0068571971
H   2.7659927041  -5.8646892817  -1.2396595215
H   4.4806048647  -2.9948181308  -1.4416256266
H   3.4251142338  -4.1272396563  1.5480248344
momentum
-18.465965724188578  -33.34443292491732  -55.79593668253865
56.63839262035721  -36.51450236808273  33.53388727361099
20.727090904116103  -24.00298006895056  1.549431458010209
16.913525457643296  -6.047582498598272  2.0857625032850104
33.6755445686291  41.07126519418315  50.13616540706825
-24.62991704076493  -6.124359407045399  -26.948499792047638
-14.107385046081081  32.59626705532551  16.98441827325391
9.887892509624725  12.95112131184939  13.814382971438688
12.467057674969098  24.320530568179233  36.27041277003611
-16.875541035981072  9.224160746002651  -25.816229134394693
-43.01613234814469  1.869399912707095  -21.776213541880047
-38.590397376041814  6.396232623480447  -21.68709186426032
4.899487451515964  -4.869890013060602  -13.599418539150436
6.38181534230587  -5.102690564987295  17.22979611312616
-5.676766024179996  -12.356894621248223  -5.595904228201434
