C   2.9929992543  -3.9946887565  -0.4491417187
O   0.6121754810  -2.7846264943  -0.8315142595
C   0.0506538168  -0.6636895674  0.4514345584
C   1.8776150005  1.5576166831  -0.1124543892
F   4.0994600695  1.1209082135  0.9776846052
F   2.2523968838  1.7788567366  -2.5790964978
F   1.0035042413  3.7331141883  0.7577522955
C   -2.7329998278  -0.0449445324  -0.1811134382
F   -4.1508599710  -2.0659541518  0.1987047447
F   -3.5955157717  1.7996000678  1.2735573933
F   -2.9572846560  0.6596801199  -2.5762348141
F   0.1595519692  -1.0108722785  3.0068571971
H   2.7659927041  -5.8646892817  -1.2396595215
H   4.4806048647  -2.9948181308  -1.4416256266
H   3.4251142338  -4.1272396563  1.5480248344
momentum
0.21407143064284892  9.70590831615896  24.239899933596682
-14.844198239097828  -11.656091059602938  50.421237463902735
2.3939721827925555  -14.124620831494676  -6.237320958656691
-24.780257497374812  20.832287498915555  6.119715302610284
-2.320862108237872  6.746577317571731  -10.703278524557323
-50.449955506190925  23.327892893446798  38.20161993173402
44.9158906761626  -13.175817845432809  -9.318092993595965
-9.287080238579534  18.00486900545282  -22.124404108179256
-31.002107023819942  6.208677201796056  -3.0421416581731475
18.874395640747355  -3.638329553012441  -23.772674981913713
3.685679069794099  0.5943099496877123  -23.454203913102457
57.86189288231457  -52.904749858736615  -23.791223956234127
-1.9473791211416087  0.15962282601999384  1.682791098398233
-3.5191103839814937  7.271268553887788  2.9696079630939236
10.276548254306295  2.332107222269293  -1.3734364468506293
