C   2.9929992543  -3.9946887565  -0.4491417187
O   0.6121754810  -2.7846264943  -0.8315142595
C   0.0506538168  -0.6636895674  0.4514345584
C   1.8776150005  1.5576166831  -0.1124543892
F   4.0994600695  1.1209082135  0.9776846052
F   2.2523968838  1.7788567366  -2.5790964978
F   1.0035042413  3.7331141883  0.7577522955
C   -2.7329998278  -0.0449445324  -0.1811134382
F   -4.1508599710  -2.0659541518  0.1987047447
F   -3.5955157717  1.7996000678  1.2735573933
F   -2.9572846560  0.6596801199  -2.5762348141
F   0.1595519692  -1.0108722785  3.0068571971
H   2.7659927041  -5.8646892817  -1.2396595215
H   4.4806048647  -2.9948181308  -1.4416256266
H   3.4251142338  -4.1272396563  1.5480248344
momentum
-3.5482855440907537  22.127159769075455  -1.685932324575426
38.554556199272305  -9.831649327363795  34.70414583497904
20.668658158324238  2.367619088499166  41.183046124966936
-2.1196975329206293  -4.347381274077803  -32.049284545356194
-17.583601161141296  -45.703830717839686  -14.412475667640633
-21.633992932473056  22.824286523865382  42.19830810839849
-1.0083382577007864  24.18009817757049  -6.049308617355507
38.697615930947585  23.502840710513397  -30.499132360895768
-30.7885578034042  -42.156865694720615  0.2542819479324515
6.280070213328274  -13.676949046694656  -54.85878506909304
-13.707102520337784  21.164056039274886  48.736278715054546
14.55609559180491  5.850107723798874  -24.54344041678938
-21.859653333445088  -14.025059780306805  -1.592713234730974
2.326168341858431  12.33368434316505  -6.478116122113832
-8.939049323698693  -5.314134357438273  4.728057739337121
