C   2.9929992543  -3.9946887565  -0.4491417187
O   0.6121754810  -2.7846264943  -0.8315142595
C   0.0506538168  -0.6636895674  0.4514345584
C   1.8776150005  1.5576166831  -0.1124543892
F   4.0994600695  1.1209082135  0.9776846052
F   2.2523968838  1.7788567366  -2.5790964978
F   1.0035042413  3.7331141883  0.7577522955
C   -2.7329998278  -0.0449445324  -0.1811134382
F   -4.1508599710  -2.0659541518  0.1987047447
F   -3.5955157717  1.7996000678  1.2735573933
F   -2.9572846560  0.6596801199  -2.5762348141
F   0.1595519692  -1.0108722785  3.0068571971
H   2.7659927041  -5.8646892817  -1.2396595215
H   4.4806048647  -2.9948181308  -1.4416256266
H   3.4251142338  -4.1272396563  1.5480248344
momentum
-16.317326470706575  25.673896052157204  -21.772449668564658
0.7872217837910844  10.577395769419516  -44.74269940912227
-29.0952700122718  5.613402681188775  24.919900342853325
-24.46064723945016  -4.324502754539574  -11.806491761217494
-12.575224138448373  -30.092746787802444  -50.92641163537799
75.13151587088262  -10.942262140086005  53.36905256447617
-25.379445672011663  49.454470713239985  -36.24692807791668
32.173065873031696  -69.83730046174405  -13.35634945877627
-34.34073359118867  -28.90228775565871  -3.038820574382981
23.695937968504097  -16.515820350447985  3.8030367333059845
46.46894386451218  20.892177118795217  85.62299285192775
-30.540840421892092  53.44809576003859  15.977861498473517
-0.8997948139976143  -10.745465378855645  -6.792154012214521
4.794343335819014  -9.238673896832502  9.578031586173163
-9.176522743169137  14.622384279340404  -4.136323264607288
