C   2.9929992543  -3.9946887565  -0.4491417187
O   0.6121754810  -2.7846264943  -0.8315142595
C   0.0506538168  -0.6636895674  0.4514345584
C   1.8776150005  1.5576166831  -0.1124543892
F   4.0994600695  1.1209082135  0.9776846052
F   2.2523968838  1.7788567366  -2.5790964978
F   1.0035042413  3.7331141883  0.7577522955
C   -2.7329998278  -0.0449445324  -0.1811134382
F   -4.1508599710  -2.0659541518  0.1987047447
F   -3.5955157717  1.7996000678  1.2735573933
F   -2.9572846560  0.6596801199  -2.5762348141
F   0.1595519692  -1.0108722785  3.0068571971
H   2.7659927041  -5.8646892817  -1.2396595215
H   4.4806048647  -2.9948181308  -1.4416256266
H   3.4251142338  -4.1272396563  1.5480248344
momentum
-5.871929432713386  -33.83763459733291  34.981739696408205
22.386211467175354  -18.71002240495469  -5.87250235888612
-8.28900371524976  14.110505768970848  -32.84376012212167
-14.976660846060462  -48.06126028673922  -39.87531096948925
2.3357694545741006  19.600082654907954  24.95026204524992
-28.320316832157015  24.406703079290192  26.34065955382913
-22.71568209871123  23.458613729178566  -43.913240504925945
-8.023628513414447  -15.360419954334835  -33.08611502631897
43.04584901889655  25.237032510516155  1.393324876367396
15.251019303923188  14.091664118020821  -15.506802409535359
27.394418106795705  30.76383364441564  102.68506014604256
-27.258824274314698  -42.33512560729207  -12.886888514327872
-3.6519748993780032  1.4632521208360454  2.319889215808475
-5.490503849555506  6.925189660214852  -1.1756567383726164
14.501138812664164  -2.381424257321279  -7.408542454350591
