C   2.9929992543  -3.9946887565  -0.4491417187
O   0.6121754810  -2.7846264943  -0.8315142595
C   0.0506538168  -0.6636895674  0.4514345584
C   1.8776150005  1.5576166831  -0.1124543892
F   4.0994600695  1.1209082135  0.9776846052
F   2.2523968838  1.7788567366  -2.5790964978
F   1.0035042413  3.7331141883  0.7577522955
C   -2.7329998278  -0.0449445324  -0.1811134382
F   -4.1508599710  -2.0659541518  0.1987047447
F   -3.5955157717  1.7996000678  1.2735573933
F   -2.9572846560  0.6596801199  -2.5762348141
F   0.1595519692  -1.0108722785  3.0068571971
H   2.7659927041  -5.8646892817  -1.2396595215
H   4.4806048647  -2.9948181308  -1.4416256266
H   3.4251142338  -4.1272396563  1.5480248344
momentum
-27.005472997575144  11.365458701198229  1.0335850833167082
-36.51054584437363  -17.3765405531613  -7.910562615841085
68.22320386706566  -12.068147466379925  25.120624230155496
3.0433806104409604  -32.44573017356346  -25.29247033451669
-94.25765170066528  -8.443830659462295  -28.735442622386998
-12.416832260149969  24.94106449874448  18.657110795386043
3.5620745460886067  9.720551333530304  3.7022771688751135
55.345950446731614  -25.76107490661621  -8.150682377473736
11.913432899791903  17.611758723363682  29.93452532465229
-35.464094265618655  -11.45662706359339  -29.556809307332298
49.5869916062441  29.531604286362022  18.950023627383274
1.4283159464285125  23.144811681023416  8.03864235987135
15.614293704011128  4.013233910796828  -18.356983636374043
-3.929935834503866  -6.299845101254774  4.613465283390157
1.6124423392404044  -6.520437197690885  8.454369679764575
