C   2.9929992543  -3.9946887565  -0.4491417187
O   0.6121754810  -2.7846264943  -0.8315142595
C   0.0506538168  -0.6636895674  0.4514345584
C   1.8776150005  1.5576166831  -0.1124543892
F   4.0994600695  1.1209082135  0.9776846052
F   2.2523968838  1.7788567366  -2.5790964978
F   1.0035042413  3.7331141883  0.7577522955
C   -2.7329998278  -0.0449445324  -0.1811134382
F   -4.1508599710  -2.0659541518  0.1987047447
F   -3.5955157717  1.7996000678  1.2735573933
F   -2.9572846560  0.6596801199  -2.5762348141
F   0.1595519692  -1.0108722785  3.0068571971
H   2.7659927041  -5.8646892817  -1.2396595215
H   4.4806048647  -2.9948181308  -1.4416256266
H   3.4251142338  -4.1272396563  1.5480248344
momentum
-18.481392808444497  -24.953390247845448  -36.676830472099844
-43.40444993474525  7.976857981907683  -9.203634484052158
-14.328122304317606  40.68850759184611  28.32877653012255
11.623403553298674  2.6390338186278535  -5.330073254266296
-60.74848996276904  19.11468936184922  8.972846289711358
22.061168381196296  -60.70639303786122  -26.370399523604867
14.16311157568823  30.702055832615265  39.232328642764564
0.6408542779041203  -31.716591131883415  -6.468004963923737
14.274252536342749  -2.164192809170642  36.093461586466965
12.936305533520395  -12.523180153790573  -17.754955731661852
23.71204293397062  8.98108759684326  -37.11518906746469
13.055468133888187  -12.905262001825363  35.245322507935434
3.157884577197688  5.713460814572546  -9.693881629688153
14.657988256441568  16.25183253964978  -4.252864342043166
6.518370101992344  12.041902532494626  5.492326820547132
