C   2.9929992543  -3.9946887565  -0.4491417187
O   0.6121754810  -2.7846264943  -0.8315142595
C   0.0506538168  -0.6636895674  0.4514345584
C   1.8776150005  1.5576166831  -0.1124543892
F   4.0994600695  1.1209082135  0.9776846052
F   2.2523968838  1.7788567366  -2.5790964978
F   1.0035042413  3.7331141883  0.7577522955
C   -2.7329998278  -0.0449445324  -0.1811134382
F   -4.1508599710  -2.0659541518  0.1987047447
F   -3.5955157717  1.7996000678  1.2735573933
F   -2.9572846560  0.6596801199  -2.5762348141
F   0.1595519692  -1.0108722785  3.0068571971
H   2.7659927041  -5.8646892817  -1.2396595215
H   4.4806048647  -2.9948181308  -1.4416256266
H   3.4251142338  -4.1272396563  1.5480248344
momentum
-61.91482335988636  37.52109420286075  -6.210480434276168
-12.95113831665821  41.510521454259006  -8.830533064727668
-26.36425169005459  5.103094514854919  5.424640514808809
46.309342613671134  -58.780764407422176  7.5983539434118414
4.416640502184598  32.922712499122376  36.470311724371975
2.9454376539998015  1.1397033098961575  -34.92915218662767
24.40987361840143  -59.56127825154798  29.26206264735549
17.208423757349525  -23.181431539076137  -11.952535578840251
26.72416391669284  34.83219102273081  -19.539105363201852
-70.46480422104693  -4.719417550284781  -12.075901677430506
-18.637927962947597  -43.700990949817154  5.618113511447943
66.87421936980829  38.089383928588525  15.814433530755348
7.53314997293184  -4.266439591148856  -3.139922385395996
-10.902054794558218  1.0270504329536176  -1.3145075389343819
5.188632023533991  2.359264012521231  -1.8022751791743334
