C   2.9929992543  -3.9946887565  -0.4491417187
O   0.6121754810  -2.7846264943  -0.8315142595
C   0.0506538168  -0.6636895674  0.4514345584
C   1.8776150005  1.5576166831  -0.1124543892
F   4.0994600695  1.1209082135  0.9776846052
F   2.2523968838  1.7788567366  -2.5790964978
F   1.0035042413  3.7331141883  0.7577522955
C   -2.7329998278  -0.0449445324  -0.1811134382
F   -4.1508599710  -2.0659541518  0.1987047447
F   -3.5955157717  1.7996000678  1.2735573933
F   -2.9572846560  0.6596801199  -2.5762348141
F   0.1595519692  -1.0108722785  3.0068571971
H   2.7659927041  -5.8646892817  -1.2396595215
H   4.4806048647  -2.9948181308  -1.4416256266
H   3.4251142338  -4.1272396563  1.5480248344
momentum
56.328223660835846  -30.845602170593484  29.62769341145169
31.918073334916254  -8.021051825201665  -16.300381187123005
-3.2755562527721196  -4.826153666759076  -6.8256684815103235
29.150364400599685  -12.738539244252646  6.779377885055724
24.575962407550403  46.8039441964015  -25.61477010016766
-13.226154518872814  -21.122221067417243  -42.99040835145657
-5.237848732022611  -4.767998659343254  11.925875830253595
-19.193337121500296  50.51300763746495  2.275537291671464
-7.755053575266389  0.9099764274210755  -21.728073116073983
-20.270747194534096  7.712467286388558  6.213438381190839
-30.92942242889984  32.18358973561507  23.17171395068886
-43.793457472400014  -47.44222032855172  24.76242194837814
1.0730656840753545  1.8215645778412322  4.643314957463889
-2.295853770089639  -4.80204082328003  3.9180951694933466
3.066328940444365  -5.4487615591368925  -0.08131999722072258
