C   2.9929992543  -3.9946887565  -0.4491417187
O   0.6121754810  -2.7846264943  -0.8315142595
C   0.0506538168  -0.6636895674  0.4514345584
C   1.8776150005  1.5576166831  -0.1124543892
F   4.0994600695  1.1209082135  0.9776846052
F   2.2523968838  1.7788567366  -2.5790964978
F   1.0035042413  3.7331141883  0.7577522955
C   -2.7329998278  -0.0449445324  -0.1811134382
F   -4.1508599710  -2.0659541518  0.1987047447
F   -3.5955157717  1.7996000678  1.2735573933
F   -2.9572846560  0.6596801199  -2.5762348141
F   0.1595519692  -1.0108722785  3.0068571971
H   2.7659927041  -5.8646892817  -1.2396595215
H   4.4806048647  -2.9948181308  -1.4416256266
H   3.4251142338  -4.1272396563  1.5480248344
momentum
26.421817164012943  -51.11461124275847  -6.500295531441797
-45.54155895706583  20.210066607802485  14.06588293627887
25.17225737293933  13.947351697513673  -22.078866586755563
10.673857050517132  25.580485692945025  11.90071870829142
-19.697654283156343  -3.9652730644553937  47.13452798702692
16.691954947748478  8.690806539426067  -54.12760072056771
-47.97451531328247  -9.82816296755419  29.310384506676844
-24.215209814210585  -42.039586504179006  -27.598802175054082
24.847254504530365  -19.82235542395739  54.30835026233435
31.83355575293524  29.97367231806699  0.08103410774039312
16.11018720171275  24.397448468021462  -0.029651335089598743
-11.172886004987673  18.68674848539064  -40.437017839847194
3.139113330844106  -9.630781774854293  7.066298214470327
-6.653619599747655  -0.5384693136363032  -9.343557821314976
0.45587036607398734  -4.198810371525428  -3.5916390280565866
