C   2.9929992543  -3.9946887565  -0.4491417187
O   0.6121754810  -2.7846264943  -0.8315142595
C   0.0506538168  -0.6636895674  0.4514345584
C   1.8776150005  1.5576166831  -0.1124543892
F   4.0994600695  1.1209082135  0.9776846052
F   2.2523968838  1.7788567366  -2.5790964978
F   1.0035042413  3.7331141883  0.7577522955
C   -2.7329998278  -0.0449445324  -0.1811134382
F   -4.1508599710  -2.0659541518  0.1987047447
F   -3.5955157717  1.7996000678  1.2735573933
F   -2.9572846560  0.6596801199  -2.5762348141
F   0.1595519692  -1.0108722785  3.0068571971
H   2.7659927041  -5.8646892817  -1.2396595215
H   4.4806048647  -2.9948181308  -1.4416256266
H   3.4251142338  -4.1272396563  1.5480248344
momentum
19.146357888196043  -7.88108756346461  0.34637972995129934
3.360180504793522  -16.014695042395587  38.76585694343421
-18.34461945708417  -3.1188016307450677  -40.193189573113656
14.28293712250209  4.4038451315763725  4.295299230362273
-19.249899150877894  3.0572218250834875  25.37306240862022
17.415931476944525  4.8206072791630445  -3.1172390062902156
32.95622719694077  26.364475708380322  -54.13766685263779
10.220180613063551  -6.335654854079365  -15.309021463293128
-13.539278432345142  3.4254712896344675  16.000976248179985
-19.109587802167294  -11.19606847022643  70.2261255758829
-5.580190647921763  20.39397055522746  -18.899387933816584
-36.39421155636403  -14.469222322932282  -11.576906943081088
17.124350936208806  -5.313440546607383  -9.279325437235293
-7.201038238627202  8.907796669803181  -3.2576601016535798
4.965136932742081  -6.747609641420436  0.657219826063977
