C   2.9929992543  -3.9946887565  -0.4491417187
O   0.6121754810  -2.7846264943  -0.8315142595
C   0.0506538168  -0.6636895674  0.4514345584
C   1.8776150005  1.5576166831  -0.1124543892
F   4.0994600695  1.1209082135  0.9776846052
F   2.2523968838  1.7788567366  -2.5790964978
F   1.0035042413  3.7331141883  0.7577522955
C   -2.7329998278  -0.0449445324  -0.1811134382
F   -4.1508599710  -2.0659541518  0.1987047447
F   -3.5955157717  1.7996000678  1.2735573933
F   -2.9572846560  0.6596801199  -2.5762348141
F   0.1595519692  -1.0108722785  3.0068571971
H   2.7659927041  -5.8646892817  -1.2396595215
H   4.4806048647  -2.9948181308  -1.4416256266
H   3.4251142338  -4.1272396563  1.5480248344
momentum
4.421527124238521  15.472543376748158  -11.47108823443366
9.879914163074307  7.525366920126409  46.674056658328
-33.99484082790775  -8.382857080770487  -13.718436488140258
-13.947820787327426  15.117533983080806  56.67226174630891
-7.2426568685055335  -47.75303012006445  43.578123294664984
-19.780753324840383  -14.738031502737376  -12.30468277331101
-29.618772865421366  40.005410361778345  -9.317507213566014
-15.567201312354543  -36.76937024976211  -20.96117440420222
18.497846345843353  17.184184283510717  22.331601534205152
47.29822405711728  11.82040057149925  -8.432242577130587
-25.003217292038308  8.995717699278142  -37.32725346600656
71.83263400732825  11.173507842736484  -41.47727557394347
7.386375096170861  -3.152483151883522  -7.650730381000407
4.4544031769801  -5.508665574313479  2.1868818170156388
-18.685981736007264  -10.081618228182064  -8.388026106758351
