C   2.9929992543  -3.9946887565  -0.4491417187
O   0.6121754810  -2.7846264943  -0.8315142595
C   0.0506538168  -0.6636895674  0.4514345584
C   1.8776150005  1.5576166831  -0.1124543892
F   4.0994600695  1.1209082135  0.9776846052
F   2.2523968838  1.7788567366  -2.5790964978
F   1.0035042413  3.7331141883  0.7577522955
C   -2.7329998278  -0.0449445324  -0.1811134382
F   -4.1508599710  -2.0659541518  0.1987047447
F   -3.5955157717  1.7996000678  1.2735573933
F   -2.9572846560  0.6596801199  -2.5762348141
F   0.1595519692  -1.0108722785  3.0068571971
H   2.7659927041  -5.8646892817  -1.2396595215
H   4.4806048647  -2.9948181308  -1.4416256266
H   3.4251142338  -4.1272396563  1.5480248344
momentum
-2.733498789056643  23.52320108466118  47.881382664681134
44.20994427469288  -13.00433412466234  -7.0344597739827925
8.45022463631114  18.24091492203443  -21.90727792217663
49.734398823978296  -17.176934119200787  5.740608980595639
-35.196765575117304  34.86006730410581  -44.26931732113902
13.69087541976814  11.785854902654256  26.546630063699986
29.97729085640574  -17.875825137818943  -18.909554195120165
-12.976038190141903  -41.99644923139249  10.261012211935013
-47.1369362338796  31.827506873056187  -19.479454409446266
2.4260388271097146  -14.538135489850978  16.41750361534173
-13.79227051592419  -3.7732821872865427  17.204045063741468
-7.499886230533756  -30.41421511019287  -10.571486347350985
-9.733126856688896  15.344155688722523  2.459880898423405
-11.853375904610862  6.683347462074643  1.7132510566680332
-7.255300492548281  -4.603452510078456  -6.2683561013239215
