C   2.9929992543  -3.9946887565  -0.4491417187
O   0.6121754810  -2.7846264943  -0.8315142595
C   0.0506538168  -0.6636895674  0.4514345584
C   1.8776150005  1.5576166831  -0.1124543892
F   4.0994600695  1.1209082135  0.9776846052
F   2.2523968838  1.7788567366  -2.5790964978
F   1.0035042413  3.7331141883  0.7577522955
C   -2.7329998278  -0.0449445324  -0.1811134382
F   -4.1508599710  -2.0659541518  0.1987047447
F   -3.5955157717  1.7996000678  1.2735573933
F   -2.9572846560  0.6596801199  -2.5762348141
F   0.1595519692  -1.0108722785  3.0068571971
H   2.7659927041  -5.8646892817  -1.2396595215
H   4.4806048647  -2.9948181308  -1.4416256266
H   3.4251142338  -4.1272396563  1.5480248344
momentum
-7.702952525797146  -18.098674670350157  17.6442034608204
-19.696822299571267  4.325830360523757  -24.78151003368664
1.1290742434110022  14.248809873152023  4.396111383969272
36.11232967612945  18.18807630606655  5.065777637587605
-5.3741192014615  52.138103936286676  -20.75706500422273
15.803841601445303  25.83912458111895  25.8836999793813
38.35776970723013  -28.994055000846625  -6.074839507659814
-6.443330872768103  -10.970155780372249  2.1890653500944626
16.609107425194626  -15.772122189767986  27.637815040311203
-34.90636771679858  18.086930938196268  -35.09154110214509
-13.26289906662432  -15.681784942803075  -0.4853139574234124
0.9434283000790249  -45.64309277129042  13.596123446697709
-3.9166308766849034  7.336645572149825  -0.06288979756526852
-3.3458579918753637  -7.063869720936838  -6.763682852307953
-14.099916647298082  2.261417534283071  -2.426321294853132
