C   2.9929992543  -3.9946887565  -0.4491417187
O   0.6121754810  -2.7846264943  -0.8315142595
C   0.0506538168  -0.6636895674  0.4514345584
C   1.8776150005  1.5576166831  -0.1124543892
F   4.0994600695  1.1209082135  0.9776846052
F   2.2523968838  1.7788567366  -2.5790964978
F   1.0035042413  3.7331141883  0.7577522955
C   -2.7329998278  -0.0449445324  -0.1811134382
F   -4.1508599710  -2.0659541518  0.1987047447
F   -3.5955157717  1.7996000678  1.2735573933
F   -2.9572846560  0.6596801199  -2.5762348141
F   0.1595519692  -1.0108722785  3.0068571971
H   2.7659927041  -5.8646892817  -1.2396595215
H   4.4806048647  -2.9948181308  -1.4416256266
H   3.4251142338  -4.1272396563  1.5480248344
momentum
-13.24446005835815  -24.95719615773536  -30.864237212007087
10.411336975880637  -9.196400053391155  -8.050210290505628
-23.572441097189447  9.550006109921553  12.565323939770476
10.480197738981902  -1.8164499825891887  44.099744066210874
10.157935833893873  -1.7869525369603803  19.999839623042064
-1.5647066447055296  -18.437711395880157  4.806336443874476
-32.50254855749464  57.51889441018873  14.101424543593666
-28.619638179654256  -34.92823654976178  -17.046282420397514
10.86526461850955  38.648360585027916  -9.860948824867949
33.31411168775975  43.3951513673766  17.756703663725038
-27.01359273894883  -58.094979645223624  -51.89929337237378
59.04626622335699  -13.567248021398163  3.4100805250981536
3.2243122128063724  0.20617177184272956  -1.0031341107202365
-9.599246255103703  1.2743232903197503  2.8838028680879986
-1.6482866843204949  11.979800016921756  -0.8272521134417733
