C   2.9929992543  -3.9946887565  -0.4491417187
O   0.6121754810  -2.7846264943  -0.8315142595
C   0.0506538168  -0.6636895674  0.4514345584
C   1.8776150005  1.5576166831  -0.1124543892
F   4.0994600695  1.1209082135  0.9776846052
F   2.2523968838  1.7788567366  -2.5790964978
F   1.0035042413  3.7331141883  0.7577522955
C   -2.7329998278  -0.0449445324  -0.1811134382
F   -4.1508599710  -2.0659541518  0.1987047447
F   -3.5955157717  1.7996000678  1.2735573933
F   -2.9572846560  0.6596801199  -2.5762348141
F   0.1595519692  -1.0108722785  3.0068571971
H   2.7659927041  -5.8646892817  -1.2396595215
H   4.4806048647  -2.9948181308  -1.4416256266
H   3.4251142338  -4.1272396563  1.5480248344
momentum
0.8225089255474568  34.87981245377691  2.9779590222430983
7.194287289600487  -35.29888153749167  -38.557946112099444
-65.63068620752036  3.422081123771568  17.42709994318389
-55.9398856741134  28.486660003725117  6.4019989519515725
2.0674896780147107  -33.308553885408955  3.415416547240254
14.455023048074487  -24.23420758245458  0.6576591391904417
2.8900990529574817  8.564169271922287  -23.92452921205013
2.7271603145448733  40.75133136003617  -29.00418144518142
64.23171179741476  -4.988972665889331  36.03153091300047
-11.381687796705961  -3.9422237051691615  -39.530977461830936
-2.5816621672798217  41.028057737763305  11.714436350523485
38.004418915594826  -58.77861064124582  38.861001435060224
3.772115994212336  5.53185856548375  12.856028875449187
-6.34263796789032  -2.7786702040913416  -3.607857569646803
5.378527752694394  1.1425791433006187  4.423182510034742
