C   2.9929992543  -3.9946887565  -0.4491417187
O   0.6121754810  -2.7846264943  -0.8315142595
C   0.0506538168  -0.6636895674  0.4514345584
C   1.8776150005  1.5576166831  -0.1124543892
F   4.0994600695  1.1209082135  0.9776846052
F   2.2523968838  1.7788567366  -2.5790964978
F   1.0035042413  3.7331141883  0.7577522955
C   -2.7329998278  -0.0449445324  -0.1811134382
F   -4.1508599710  -2.0659541518  0.1987047447
F   -3.5955157717  1.7996000678  1.2735573933
F   -2.9572846560  0.6596801199  -2.5762348141
F   0.1595519692  -1.0108722785  3.0068571971
H   2.7659927041  -5.8646892817  -1.2396595215
H   4.4806048647  -2.9948181308  -1.4416256266
H   3.4251142338  -4.1272396563  1.5480248344
momentum
-39.74293908707445  0.30460742638099286  10.902613194361106
3.0907287442559657  16.066809517404327  -7.76475680812976
2.1599558571649524  -60.486468737969915  35.88594320429788
3.426155333741524  43.77529196156358  -45.94190494672668
40.36661007583357  -2.8964843661082496  19.452183030140564
-57.93013461035914  10.783475397405677  -23.027392278364818
15.623189475291811  52.6734072838655  10.83880120098987
26.85876812755041  21.130758912512412  -18.75972775568186
-20.82059006682995  -43.86834135991342  -27.563344864782355
10.253997701558708  37.99273805805064  56.34993850956966
66.51979581394585  -63.93120308098458  -1.336710945393267
-43.728711858376904  -16.066298744610048  -2.0226341261566434
-0.05533109146106135  14.107092370335991  -10.589592552448387
-4.879982406525454  -7.384591460868847  -7.770662881957927
-1.8534138822552024  -2.1848499771295264  10.801873976449365
