C   2.9929992543  -3.9946887565  -0.4491417187
O   0.6121754810  -2.7846264943  -0.8315142595
C   0.0506538168  -0.6636895674  0.4514345584
C   1.8776150005  1.5576166831  -0.1124543892
F   4.0994600695  1.1209082135  0.9776846052
F   2.2523968838  1.7788567366  -2.5790964978
F   1.0035042413  3.7331141883  0.7577522955
C   -2.7329998278  -0.0449445324  -0.1811134382
F   -4.1508599710  -2.0659541518  0.1987047447
F   -3.5955157717  1.7996000678  1.2735573933
F   -2.9572846560  0.6596801199  -2.5762348141
F   0.1595519692  -1.0108722785  3.0068571971
H   2.7659927041  -5.8646892817  -1.2396595215
H   4.4806048647  -2.9948181308  -1.4416256266
H   3.4251142338  -4.1272396563  1.5480248344
momentum
-1.2793934634236195  -40.79007839787152  -36.625753397917016
18.837785553143593  -20.957232755267412  -12.428284738986871
-5.936519979303527  -16.08880093505317  15.43826367557303
-10.334746631816676  55.520755592238594  -9.310230667631624
27.253162745025524  -46.65640139944208  -61.00966297799673
51.50851735598133  13.722027871013498  26.83001573076669
6.018281882599063  17.46897457967112  42.18403206797676
-7.089445574787437  -34.26720739423623  -25.50155277368652
-22.392864686214796  -78.83034658887193  38.63737302034301
-51.42557471621913  29.757419415406012  -41.348277160120794
-11.854320254738285  61.82435744169314  12.974710317351152
-1.5157214096492262  52.692172193257  28.106946402812884
8.221018383793156  -5.306356808045451  11.126210278283192
3.4659618713030618  -3.4624695867665527  6.762546769801791
-3.7106410834632486  15.550813651931158  4.271359036522501
