C   2.9929992543  -3.9946887565  -0.4491417187
O   0.6121754810  -2.7846264943  -0.8315142595
C   0.0506538168  -0.6636895674  0.4514345584
C   1.8776150005  1.5576166831  -0.1124543892
F   4.0994600695  1.1209082135  0.9776846052
F   2.2523968838  1.7788567366  -2.5790964978
F   1.0035042413  3.7331141883  0.7577522955
C   -2.7329998278  -0.0449445324  -0.1811134382
F   -4.1508599710  -2.0659541518  0.1987047447
F   -3.5955157717  1.7996000678  1.2735573933
F   -2.9572846560  0.6596801199  -2.5762348141
F   0.1595519692  -1.0108722785  3.0068571971
H   2.7659927041  -5.8646892817  -1.2396595215
H   4.4806048647  -2.9948181308  -1.4416256266
H   3.4251142338  -4.1272396563  1.5480248344
momentum
-3.8280502055160133  16.575322327747884  20.773479226481026
18.435094862197094  -37.6845742062834  -54.890844179043015
-22.78804981249477  -32.408371603404916  -10.378936398534673
-7.656065990248475  17.37573398444021  -22.83502010974477
-3.97067566207992  5.175511446926819  23.66120939040296
6.624357044677791  -16.55534769955057  5.145544205169556
-21.098138608356642  -12.098382343899466  -3.341744835798343
-9.485217801418553  -23.311448398751597  40.813638055070015
7.50434654059412  46.88554001675093  -6.169677311329181
11.26833097879144  28.840974796917692  -7.032148944960375
3.5957889232056335  -1.021183381769476  29.637814000066978
4.980721368726704  -3.4392801109997633  -18.126958961730125
3.8045850936081695  4.390235377896753  -3.375037853211132
6.5968467206776875  -1.4743522529109827  5.020355587927804
5.8521995893170695  8.766142684333866  1.322236215402003
