C   2.9929992543  -3.9946887565  -0.4491417187
O   0.6121754810  -2.7846264943  -0.8315142595
C   0.0506538168  -0.6636895674  0.4514345584
C   1.8776150005  1.5576166831  -0.1124543892
F   4.0994600695  1.1209082135  0.9776846052
F   2.2523968838  1.7788567366  -2.5790964978
F   1.0035042413  3.7331141883  0.7577522955
C   -2.7329998278  -0.0449445324  -0.1811134382
F   -4.1508599710  -2.0659541518  0.1987047447
F   -3.5955157717  1.7996000678  1.2735573933
F   -2.9572846560  0.6596801199  -2.5762348141
F   0.1595519692  -1.0108722785  3.0068571971
H   2.7659927041  -5.8646892817  -1.2396595215
H   4.4806048647  -2.9948181308  -1.4416256266
H   3.4251142338  -4.1272396563  1.5480248344
momentum
-0.8903828249080689  -10.041200933365607  2.2182479255132987
32.60747469158607  -36.41908680030045  27.880753968110067
61.69565649135907  20.592098034594994  -28.26407312087111
5.805925444584148  -4.1137372916109385  -33.866985808285655
-5.007304082708977  20.997378135056472  -10.563067049495857
-20.570537286822447  -0.8165932718718596  32.36881940655348
-12.410699963621898  -30.277209875491035  -4.575524779954286
-25.196822305655196  25.888687580917136  -17.322860594790914
-70.06276111050538  -19.513465870825048  -14.606425324476193
16.138252369578773  -16.72289419027906  1.1808641427449613
21.52153689531867  28.013414871581638  41.28264421683348
-14.198657814027994  23.258165124414543  14.071513597333405
-3.107352174795796  8.53972691206552  -0.8521036536509947
15.202349939946016  -2.8219582367630016  -0.880341028182276
-1.4409806507060612  -6.490626553766406  -8.247605495411257
