C   2.9929992543  -3.9946887565  -0.4491417187
O   0.6121754810  -2.7846264943  -0.8315142595
C   0.0506538168  -0.6636895674  0.4514345584
C   1.8776150005  1.5576166831  -0.1124543892
F   4.0994600695  1.1209082135  0.9776846052
F   2.2523968838  1.7788567366  -2.5790964978
F   1.0035042413  3.7331141883  0.7577522955
C   -2.7329998278  -0.0449445324  -0.1811134382
F   -4.1508599710  -2.0659541518  0.1987047447
F   -3.5955157717  1.7996000678  1.2735573933
F   -2.9572846560  0.6596801199  -2.5762348141
F   0.1595519692  -1.0108722785  3.0068571971
H   2.7659927041  -5.8646892817  -1.2396595215
H   4.4806048647  -2.9948181308  -1.4416256266
H   3.4251142338  -4.1272396563  1.5480248344
momentum
44.64746630732724  -5.774841300249315  9.424195790805458
9.442536830802881  -9.823680800086732  47.23451523569851
-38.54659077153865  -6.812965975455849  -23.363133164210907
-24.32132515425829  1.3303378092291707  -26.497880722110818
42.42770486305809  -38.98927346418596  -22.320828342245573
-3.387442683863033  2.689812363678869  -12.906209638236835
-28.99252190432256  -29.360949233863906  53.00295086502831
2.1113187506823796  -3.694991601065005  10.934353076426362
18.91987421818199  33.21324589148989  21.211592986457955
-12.459563686431567  -34.387633285227274  -26.334560112609356
-18.830276502433545  54.1114467074498  -33.22272726063563
0.5615762808378176  37.54110592442265  5.990532293966925
-4.99027093824912  9.17315306450391  0.13102365947600447
13.463834364175232  -0.05406352983791671  5.024612794488502
-0.30702538679199076  -9.15763018790627  -7.905090846187731
