C   2.9929992543  -3.9946887565  -0.4491417187
O   0.6121754810  -2.7846264943  -0.8315142595
C   0.0506538168  -0.6636895674  0.4514345584
C   1.8776150005  1.5576166831  -0.1124543892
F   4.0994600695  1.1209082135  0.9776846052
F   2.2523968838  1.7788567366  -2.5790964978
F   1.0035042413  3.7331141883  0.7577522955
C   -2.7329998278  -0.0449445324  -0.1811134382
F   -4.1508599710  -2.0659541518  0.1987047447
F   -3.5955157717  1.7996000678  1.2735573933
F   -2.9572846560  0.6596801199  -2.5762348141
F   0.1595519692  -1.0108722785  3.0068571971
H   2.7659927041  -5.8646892817  -1.2396595215
H   4.4806048647  -2.9948181308  -1.4416256266
H   3.4251142338  -4.1272396563  1.5480248344
momentum
10.67742321873544  -25.02271070440207  -21.446060334485928
-17.669824717400704  -20.168359942593  -10.894819438159248
-38.23712308551345  15.429483658816373  -7.750203359978406
0.862020970427942  -48.585698591752184  5.4573374014011025
-17.747494009592437  36.48385180483491  -0.3655072685265153
-17.810186439607364  -19.653297887543967  7.336750302363823
9.239897535016608  18.37879202340768  28.399376876536802
39.848469984906956  18.92995048474608  18.10233134879569
-28.727638185416463  -28.66926150844985  -36.531307147437744
-21.003091839025792  4.6898462706609125  -22.588999533013386
15.88118774097991  7.0314095013253874  30.860340195230716
60.6111707741807  47.945217198805594  -6.209547271856788
5.21838177141511  7.694954115469009  4.085173237254191
-4.643697934492416  -5.0299735309713  10.793756675394318
3.94146326722219  -9.371630559041831  0.9673261747662262
