C   2.9929992543  -3.9946887565  -0.4491417187
O   0.6121754810  -2.7846264943  -0.8315142595
C   0.0506538168  -0.6636895674  0.4514345584
C   1.8776150005  1.5576166831  -0.1124543892
F   4.0994600695  1.1209082135  0.9776846052
F   2.2523968838  1.7788567366  -2.5790964978
F   1.0035042413  3.7331141883  0.7577522955
C   -2.7329998278  -0.0449445324  -0.1811134382
F   -4.1508599710  -2.0659541518  0.1987047447
F   -3.5955157717  1.7996000678  1.2735573933
F   -2.9572846560  0.6596801199  -2.5762348141
F   0.1595519692  -1.0108722785  3.0068571971
H   2.7659927041  -5.8646892817  -1.2396595215
H   4.4806048647  -2.9948181308  -1.4416256266
H   3.4251142338  -4.1272396563  1.5480248344
momentum
3.8014034031427606  -3.9333467785048852  46.33651068907752
-10.247248921363997  -25.096932074042037  -35.432237108388904
15.168953180742548  -11.787324805561779  -21.76480946190673
18.95637805539206  -13.483787409436346  0.8329782966437219
-39.967725778212895  22.700704294613043  4.362000188029546
72.66188563524308  17.213315466550636  -27.149888340303537
12.63657342777147  55.28542920434657  9.694073542935536
13.618547732648944  22.096200745852492  3.735237852802665
0.7830053983081894  19.493680991424355  -24.17375870150865
-54.19263186762501  -2.0204826151566206  28.947738816579143
-54.263264065154104  -48.38292710546381  19.4961692760021
33.353603521036455  -5.338966994872319  13.880869429736425
-6.222007848501583  -8.887043902208744  -16.4071198303925
-0.489600887261122  -0.2817013480951738  1.8759047419245019
-5.336247117531356  -17.37441770892112  -3.9432432568272113
