C   2.9929992543  -3.9946887565  -0.4491417187
O   0.6121754810  -2.7846264943  -0.8315142595
C   0.0506538168  -0.6636895674  0.4514345584
C   1.8776150005  1.5576166831  -0.1124543892
F   4.0994600695  1.1209082135  0.9776846052
F   2.2523968838  1.7788567366  -2.5790964978
F   1.0035042413  3.7331141883  0.7577522955
C   -2.7329998278  -0.0449445324  -0.1811134382
F   -4.1508599710  -2.0659541518  0.1987047447
F   -3.5955157717  1.7996000678  1.2735573933
F   -2.9572846560  0.6596801199  -2.5762348141
F   0.1595519692  -1.0108722785  3.0068571971
H   2.7659927041  -5.8646892817  -1.2396595215
H   4.4806048647  -2.9948181308  -1.4416256266
H   3.4251142338  -4.1272396563  1.5480248344
momentum
64.43434001530541  16.648788825711232  -1.1139986253980416
-21.129505826126103  -43.171931237142694  16.370858203469666
-11.416858478571994  3.8602575145301463  16.520868610770275
0.3811498795797262  33.238413926175724  32.1743507678493
-13.83763008886857  -28.207048237010518  13.221448586688247
-64.90904096285946  7.807178097457924  -22.80456871565456
14.308834144511613  6.587523272769254  8.995199013458771
8.89882915960703  16.763662550617514  -18.47392991641254
-9.496761855982735  50.943573854640704  -5.73567223399872
20.982596779419538  20.834349769807588  -23.057931415288675
-17.759201045441888  -30.7895450951094  -18.558053772965327
22.345353253500868  -50.638587349250066  9.190372110725347
4.54025900636772  -2.5313399557966214  5.051903259101653
6.74091788255399  -7.566318585870136  -4.583182895513223
-4.245916560463516  6.542620492860958  -7.219956487088512
