C   2.9929992543  -3.9946887565  -0.4491417187
O   0.6121754810  -2.7846264943  -0.8315142595
C   0.0506538168  -0.6636895674  0.4514345584
C   1.8776150005  1.5576166831  -0.1124543892
F   4.0994600695  1.1209082135  0.9776846052
F   2.2523968838  1.7788567366  -2.5790964978
F   1.0035042413  3.7331141883  0.7577522955
C   -2.7329998278  -0.0449445324  -0.1811134382
F   -4.1508599710  -2.0659541518  0.1987047447
F   -3.5955157717  1.7996000678  1.2735573933
F   -2.9572846560  0.6596801199  -2.5762348141
F   0.1595519692  -1.0108722785  3.0068571971
H   2.7659927041  -5.8646892817  -1.2396595215
H   4.4806048647  -2.9948181308  -1.4416256266
H   3.4251142338  -4.1272396563  1.5480248344
momentum
-8.820497237122087  29.09895322033656  -56.09215657960375
24.317430182436862  -30.625042633384215  17.671038221194955
41.452715978712355  18.514992140940183  -14.420178700732968
-23.100304334250733  -3.6399037064582322  -0.34312669375994553
32.598097627500955  35.98192934447448  38.894778569155974
-30.171179766877675  -6.3453710345747245  35.794275804148256
24.82054975808867  -40.74783992693672  -59.11627800372462
25.119583007466527  -1.3226213713050772  -16.553113294124962
59.12757096160518  54.72687887666006  -45.660637307527686
-17.877174078591004  19.951563249450068  31.680349022987375
-35.49734335241377  -49.74671381757961  46.53842265701157
-74.30331681428251  -8.413822633426465  16.23121873967593
-7.562859640370337  -12.711122852694198  3.7793850580255866
-8.90316211728437  -2.4095001351329626  -13.213228593175936
-1.3831539890934497  -1.6929668006150924  13.910214783341358
