C   2.9929992543  -3.9946887565  -0.4491417187
O   0.6121754810  -2.7846264943  -0.8315142595
C   0.0506538168  -0.6636895674  0.4514345584
C   1.8776150005  1.5576166831  -0.1124543892
F   4.0994600695  1.1209082135  0.9776846052
F   2.2523968838  1.7788567366  -2.5790964978
F   1.0035042413  3.7331141883  0.7577522955
C   -2.7329998278  -0.0449445324  -0.1811134382
F   -4.1508599710  -2.0659541518  0.1987047447
F   -3.5955157717  1.7996000678  1.2735573933
F   -2.9572846560  0.6596801199  -2.5762348141
F   0.1595519692  -1.0108722785  3.0068571971
H   2.7659927041  -5.8646892817  -1.2396595215
H   4.4806048647  -2.9948181308  -1.4416256266
H   3.4251142338  -4.1272396563  1.5480248344
momentum
-5.376743495272428  16.95891250518013  -9.60119274927478
36.50783202656696  4.7706272434283505  15.558607418475628
20.266980182671816  -53.95429768138643  26.344353464790096
-7.7428987477837925  -6.811025037843784  -20.626417984308272
-47.36351095010935  9.091988116886792  17.49462250055779
7.633665158440798  7.689760826302605  -41.50476364518726
-32.19777708273508  -73.29842995708188  -6.844598607127954
30.181531291123957  82.90245136070368  30.761824046311453
18.124711628494985  20.108281062662904  10.636782793453698
-54.93620005868434  11.411190859872743  5.215899674048292
23.262405984510398  5.756930100641861  -15.629228966743609
11.481761849999216  -13.129088525241254  -9.059082447841883
-6.782218596410371  -8.795601534310853  3.416939256323301
5.244729548388119  1.4618906622441061  -2.876915121882444
1.7596567922359068  -3.8318135720101636  -3.1943361208777175
