C   2.9929992543  -3.9946887565  -0.4491417187
O   0.6121754810  -2.7846264943  -0.8315142595
C   0.0506538168  -0.6636895674  0.4514345584
C   1.8776150005  1.5576166831  -0.1124543892
F   4.0994600695  1.1209082135  0.9776846052
F   2.2523968838  1.7788567366  -2.5790964978
F   1.0035042413  3.7331141883  0.7577522955
C   -2.7329998278  -0.0449445324  -0.1811134382
F   -4.1508599710  -2.0659541518  0.1987047447
F   -3.5955157717  1.7996000678  1.2735573933
F   -2.9572846560  0.6596801199  -2.5762348141
F   0.1595519692  -1.0108722785  3.0068571971
H   2.7659927041  -5.8646892817  -1.2396595215
H   4.4806048647  -2.9948181308  -1.4416256266
H   3.4251142338  -4.1272396563  1.5480248344
momentum
31.635204446518934  29.66353405703553  12.11143923728724
21.647783765067736  2.6516094041693044  26.239000599429556
5.192218954074252  25.91536067325746  16.0475801030471
-22.475988400204766  -23.244670888014337  -37.936779685238434
-30.081423835257468  -37.169936257978016  2.3093306019315816
-8.631596403801899  3.5868656507180496  -30.57965433935607
18.85046176516956  -32.90768766481799  33.795792269159755
-33.15063106380972  14.791808346137381  -38.39503595856516
2.372532469756896  -13.676639377086625  27.873311042779683
31.122292148482295  3.5564575701560965  -5.393494997361871
-20.00687182551538  40.87221924664393  -3.8661661051188427
-8.893449821427605  -30.159117837464514  -21.227546919559835
3.5714658179191843  6.770325890675987  6.960078265506011
5.871914844300218  -5.212350947032484  7.157363744866153
3.0136871527412765  14.518548014622452  5.025780878411302
