C   2.9929992543  -3.9946887565  -0.4491417187
O   0.6121754810  -2.7846264943  -0.8315142595
C   0.0506538168  -0.6636895674  0.4514345584
C   1.8776150005  1.5576166831  -0.1124543892
F   4.0994600695  1.1209082135  0.9776846052
F   2.2523968838  1.7788567366  -2.5790964978
F   1.0035042413  3.7331141883  0.7577522955
C   -2.7329998278  -0.0449445324  -0.1811134382
F   -4.1508599710  -2.0659541518  0.1987047447
F   -3.5955157717  1.7996000678  1.2735573933
F   -2.9572846560  0.6596801199  -2.5762348141
F   0.1595519692  -1.0108722785  3.0068571971
H   2.7659927041  -5.8646892817  -1.2396595215
H   4.4806048647  -2.9948181308  -1.4416256266
H   3.4251142338  -4.1272396563  1.5480248344
momentum
0.22798713824380978  8.310564396887479  -13.555559343358915
28.44967689888751  -10.789421385141724  60.86923836191587
1.6002592912021985  -4.17005459342392  -11.830595934474072
-6.930703491283764  -15.972812628742027  2.765581276424631
6.899288807464376  15.098741114582772  5.482251462327862
-36.58323599715784  26.105558639479472  -16.460504233076
91.82872334740348  -37.44435181496998  53.18844151102405
-28.655165011106945  -57.601786020084944  -13.518581938340251
-10.435631329229757  32.42795657125458  34.75437352325991
-46.996251065790155  7.364085382686399  -2.1240976048598736
-21.580336222964085  21.213804096161  -61.63449980102675
15.234279956742439  9.920819658727345  -52.053734047510105
21.375471275087534  -4.221347126179097  -0.3464223496435309
-7.380041435520066  -3.138233203788003  3.6017010038172343
-6.943925441425753  13.687482891239924  10.738370346789448
