C   2.9929992543  -3.9946887565  -0.4491417187
O   0.6121754810  -2.7846264943  -0.8315142595
C   0.0506538168  -0.6636895674  0.4514345584
C   1.8776150005  1.5576166831  -0.1124543892
F   4.0994600695  1.1209082135  0.9776846052
F   2.2523968838  1.7788567366  -2.5790964978
F   1.0035042413  3.7331141883  0.7577522955
C   -2.7329998278  -0.0449445324  -0.1811134382
F   -4.1508599710  -2.0659541518  0.1987047447
F   -3.5955157717  1.7996000678  1.2735573933
F   -2.9572846560  0.6596801199  -2.5762348141
F   0.1595519692  -1.0108722785  3.0068571971
H   2.7659927041  -5.8646892817  -1.2396595215
H   4.4806048647  -2.9948181308  -1.4416256266
H   3.4251142338  -4.1272396563  1.5480248344
momentum
-4.176405856394794  -17.19434889635037  -0.4725196576732643
10.651016673654262  0.5002776889479374  -1.1340950716489773
29.717984610222274  28.934790291125545  -23.77862346055799
-12.376745804314021  -31.49310621671647  -33.05095394307338
-8.770273281872983  5.239330212514272  -7.036370577909155
22.658666057281142  27.378678538019486  -5.941734805118256
-6.305737207670751  13.26430217312342  26.151935577606498
34.07334023246323  -13.44568250547234  29.64455819902115
-11.472973354984664  -15.18696425577314  7.0170061764875316
-13.643218483840087  43.159802879779015  16.061571024306044
0.018536273723816086  -26.911418905260593  2.4676614509689263
-50.59293145621833  -13.309470062277027  -16.10384199699716
-7.932141580096781  10.904035214063603  -2.1949811457600044
8.075160014538943  -15.53374006701212  9.118231176301933
10.487310792002269  3.440350951142039  -0.5625503082965928
