C   2.9929992543  -3.9946887565  -0.4491417187
O   0.6121754810  -2.7846264943  -0.8315142595
C   0.0506538168  -0.6636895674  0.4514345584
C   1.8776150005  1.5576166831  -0.1124543892
F   4.0994600695  1.1209082135  0.9776846052
F   2.2523968838  1.7788567366  -2.5790964978
F   1.0035042413  3.7331141883  0.7577522955
C   -2.7329998278  -0.0449445324  -0.1811134382
F   -4.1508599710  -2.0659541518  0.1987047447
F   -3.5955157717  1.7996000678  1.2735573933
F   -2.9572846560  0.6596801199  -2.5762348141
F   0.1595519692  -1.0108722785  3.0068571971
H   2.7659927041  -5.8646892817  -1.2396595215
H   4.4806048647  -2.9948181308  -1.4416256266
H   3.4251142338  -4.1272396563  1.5480248344
momentum
-3.6797701377909777  -41.775777566280205  20.812378673498245
-2.1451942663454955  24.17500839512257  -42.75991136013404
5.37043748725148  -1.1577612044683716  20.686641162944994
-18.718594499021062  -0.9355954397706708  -20.260430746332947
-21.676196747538196  -9.781713950951941  25.26435604284972
-73.99096041963347  44.58451715617561  8.548833070155903
1.3796773293350069  -29.413872809791645  -11.307350100971684
30.60170453050146  32.59789973224827  -8.517881022721824
49.30324380835436  -12.944738056261594  23.421613540624744
68.45201595823713  29.52847472879901  18.90648019125244
23.718412142882645  -50.17476675780947  -5.461123560905586
-53.87291926622942  4.411611220699708  -43.03271025418397
-3.7291481539934064  13.381571781180485  -10.758293443414944
0.9267709512821979  2.787081656280614  12.657267330796994
-2.067975891813688  -6.1195773941813725  11.92502291675475
