C   2.9929992543  -3.9946887565  -0.4491417187
O   0.6121754810  -2.7846264943  -0.8315142595
C   0.0506538168  -0.6636895674  0.4514345584
C   1.8776150005  1.5576166831  -0.1124543892
F   4.0994600695  1.1209082135  0.9776846052
F   2.2523968838  1.7788567366  -2.5790964978
F   1.0035042413  3.7331141883  0.7577522955
C   -2.7329998278  -0.0449445324  -0.1811134382
F   -4.1508599710  -2.0659541518  0.1987047447
F   -3.5955157717  1.7996000678  1.2735573933
F   -2.9572846560  0.6596801199  -2.5762348141
F   0.1595519692  -1.0108722785  3.0068571971
H   2.7659927041  -5.8646892817  -1.2396595215
H   4.4806048647  -2.9948181308  -1.4416256266
H   3.4251142338  -4.1272396563  1.5480248344
momentum
-10.663827333614059  -37.26325766760883  3.5231567544505213
13.112903538546634  -6.962727763346946  48.56518934156535
9.820656621550262  30.588103445384068  8.408789177820138
7.731683720038279  13.932187557453185  30.56666901824345
-10.605626784541379  52.456244867021745  -29.561793625488605
85.1942086572935  -19.801093082404336  -6.816306945544028
-18.191431669482977  3.8396515131018427  -5.417676150355431
-3.182010233158229  1.643408708754931  -10.314130054719419
-46.64749544354802  -10.13604225661313  2.1795442587609704
-15.198646782837578  -9.852734345254586  41.73228130005264
-5.817277179497354  -6.55006086047889  -7.7908323159923585
3.2927873856768892  -22.671049578483156  -50.81057685894495
-15.609031687795428  0.3633414985051306  -15.412533846453172
5.133902454453293  5.982085443339934  -1.8376227008290615
1.5251210877476928  3.8507767896346246  -6.823541141731195
