C   2.9929992543  -3.9946887565  -0.4491417187
O   0.6121754810  -2.7846264943  -0.8315142595
C   0.0506538168  -0.6636895674  0.4514345584
C   1.8776150005  1.5576166831  -0.1124543892
F   4.0994600695  1.1209082135  0.9776846052
F   2.2523968838  1.7788567366  -2.5790964978
F   1.0035042413  3.7331141883  0.7577522955
C   -2.7329998278  -0.0449445324  -0.1811134382
F   -4.1508599710  -2.0659541518  0.1987047447
F   -3.5955157717  1.7996000678  1.2735573933
F   -2.9572846560  0.6596801199  -2.5762348141
F   0.1595519692  -1.0108722785  3.0068571971
H   2.7659927041  -5.8646892817  -1.2396595215
H   4.4806048647  -2.9948181308  -1.4416256266
H   3.4251142338  -4.1272396563  1.5480248344
momentum
-29.038201475421438  -17.688256656113452  -6.987180965377519
17.62453026708556  29.137949482284384  3.893058020857564
-10.844560368466501  0.536475497550941  -31.053202071873866
-12.712415321960327  16.145766974584177  -38.23852545528184
-5.262236858834929  -32.3135882878586  -11.084252055127786
5.59296845292002  -26.000522290870848  25.95357369330538
-59.29502227469224  -13.258495614786522  7.807490500324945
0.31796190412455105  37.789826285525805  -24.531875420696885
33.397006710571915  -11.94227285296388  17.200398339398323
17.726251002506576  -19.871065259929953  -23.994543106051736
6.919203876956576  36.948238642054775  39.67758654842126
13.133230882431292  -5.763337124660147  21.613047894681102
0.5301375938675102  3.677520879853297  9.36647486311158
15.488103113739054  -5.447715697223227  8.240114833758232
6.53764192025802  8.538903054415798  2.3372660274801476
