C   2.9929992543  -3.9946887565  -0.4491417187
O   0.6121754810  -2.7846264943  -0.8315142595
C   0.0506538168  -0.6636895674  0.4514345584
C   1.8776150005  1.5576166831  -0.1124543892
F   4.0994600695  1.1209082135  0.9776846052
F   2.2523968838  1.7788567366  -2.5790964978
F   1.0035042413  3.7331141883  0.7577522955
C   -2.7329998278  -0.0449445324  -0.1811134382
F   -4.1508599710  -2.0659541518  0.1987047447
F   -3.5955157717  1.7996000678  1.2735573933
F   -2.9572846560  0.6596801199  -2.5762348141
F   0.1595519692  -1.0108722785  3.0068571971
H   2.7659927041  -5.8646892817  -1.2396595215
H   4.4806048647  -2.9948181308  -1.4416256266
H   3.4251142338  -4.1272396563  1.5480248344
momentum
12.348642700346137  29.263294899708004  21.61261377849955
-24.559497782341822  -12.844985268853076  28.383057708421212
-14.291826431360269  -2.6484998045281283  18.547337943913544
-7.893876663218256  4.0332938905998414  -10.614647979733038
56.2725055080037  -34.73062683770471  -35.12390882317084
-10.248731122654206  4.2247585374889125  -11.756328230381884
-29.36967296294596  31.46776205542352  45.59912205416893
38.8228575584764  30.944344214377963  -17.979616632604596
38.1236126529477  -8.08742483589664  5.452820743705553
-8.587425433851793  -30.386803801685492  -17.27905908548545
-11.228088261870452  12.175437678539536  -12.076154754270041
-25.462977965444637  -10.571770365121536  -10.193329734581889
-11.344272676069352  2.6415772269896873  4.728704651595162
-2.926326968337044  -12.17948664288354  -10.574607227389516
0.17810967748387754  -2.9419603387680833  1.1734904014209395
