C   2.9929992543  -3.9946887565  -0.4491417187
O   0.6121754810  -2.7846264943  -0.8315142595
C   0.0506538168  -0.6636895674  0.4514345584
C   1.8776150005  1.5576166831  -0.1124543892
F   4.0994600695  1.1209082135  0.9776846052
F   2.2523968838  1.7788567366  -2.5790964978
F   1.0035042413  3.7331141883  0.7577522955
C   -2.7329998278  -0.0449445324  -0.1811134382
F   -4.1508599710  -2.0659541518  0.1987047447
F   -3.5955157717  1.7996000678  1.2735573933
F   -2.9572846560  0.6596801199  -2.5762348141
F   0.1595519692  -1.0108722785  3.0068571971
H   2.7659927041  -5.8646892817  -1.2396595215
H   4.4806048647  -2.9948181308  -1.4416256266
H   3.4251142338  -4.1272396563  1.5480248344
momentum
1.0311776298383901  -44.313387080215705  -4.396140293371533
-11.630518559700675  8.472402386254178  -2.556701883359144
-8.196138827884191  2.989475945959601  14.645340860567083
6.639581869441653  -17.341862893967047  53.37309712245348
0.6163174483161632  34.44379163166899  17.36820918994708
-41.99482666729688  25.142206181402603  -24.327044858692563
6.537503712024042  -13.264381409278307  -7.920710659493003
40.16564957211623  -17.878991606088757  3.2203231488669357
19.697572901211966  2.3293163916530486  -12.426723474403742
26.030153248507624  -13.213941387371838  -60.367126744737185
-19.22819608662209  -0.05551158189718161  11.848518713686229
19.242104962509483  16.12154869133917  32.84199805701706
-18.82683599830314  7.160498806271211  -2.526561560829591
5.230649885552022  2.475687305212189  -18.841901644146027
-25.325950796249025  6.493799013756697  0.07432707815798675
