C   2.9929992543  -3.9946887565  -0.4491417187
O   0.6121754810  -2.7846264943  -0.8315142595
C   0.0506538168  -0.6636895674  0.4514345584
C   1.8776150005  1.5576166831  -0.1124543892
F   4.0994600695  1.1209082135  0.9776846052
F   2.2523968838  1.7788567366  -2.5790964978
F   1.0035042413  3.7331141883  0.7577522955
C   -2.7329998278  -0.0449445324  -0.1811134382
F   -4.1508599710  -2.0659541518  0.1987047447
F   -3.5955157717  1.7996000678  1.2735573933
F   -2.9572846560  0.6596801199  -2.5762348141
F   0.1595519692  -1.0108722785  3.0068571971
H   2.7659927041  -5.8646892817  -1.2396595215
H   4.4806048647  -2.9948181308  -1.4416256266
H   3.4251142338  -4.1272396563  1.5480248344
momentum
28.578139932426726  -59.26777170500101  35.829178570029356
-28.6023008103803  45.55115078189565  -16.349510879291742
23.7487352874471  -2.2444424388663644  12.983508362527814
-3.4335518891266648  8.783597426886793  7.628555866357928
-63.448695384812396  0.07443891715332714  11.096963588682911
-30.33304658844958  9.630369691256845  17.329197162957097
18.57485686511159  7.014747702046965  -25.986163916267042
-23.838536734149745  -1.7292329749736455  23.459456922803703
-0.9285927574809402  -18.16921154153738  8.002799220412665
20.075028338060207  -20.149539494754993  -34.34894198844725
20.79150205073144  41.10149463176369  16.393603022783406
34.77916969363062  0.07508086690486286  -54.343381703098565
-0.27640671268170286  -7.0703390062841125  -0.0732916743604909
3.017128144281596  -2.5665696180643263  -1.3138187974125113
1.7326736593194487  -1.0973385293790743  -0.40022495726469265
