C   2.9929992543  -3.9946887565  -0.4491417187
O   0.6121754810  -2.7846264943  -0.8315142595
C   0.0506538168  -0.6636895674  0.4514345584
C   1.8776150005  1.5576166831  -0.1124543892
F   4.0994600695  1.1209082135  0.9776846052
F   2.2523968838  1.7788567366  -2.5790964978
F   1.0035042413  3.7331141883  0.7577522955
C   -2.7329998278  -0.0449445324  -0.1811134382
F   -4.1508599710  -2.0659541518  0.1987047447
F   -3.5955157717  1.7996000678  1.2735573933
F   -2.9572846560  0.6596801199  -2.5762348141
F   0.1595519692  -1.0108722785  3.0068571971
H   2.7659927041  -5.8646892817  -1.2396595215
H   4.4806048647  -2.9948181308  -1.4416256266
H   3.4251142338  -4.1272396563  1.5480248344
momentum
-32.24947484520818  -10.009651787020022  -33.69163008041748
6.4301771652511395  -36.57928662136173  -43.071662832381136
14.888728984190493  4.9351052279319525  -3.437405210414622
0.9613527324094708  14.237568102489508  17.30959210909437
-28.995119214419308  39.79316124691924  45.90245173953228
11.733284315731815  -30.787408669084538  -25.158658583402417
-22.060286799868894  -9.648029564202442  3.9024283919688507
17.91348501909701  -2.8771932599923273  -16.811944611035564
-21.874707246202274  -10.094712814082806  1.8458805972068761
-12.846191310510413  33.0349406653916  -38.804715968102926
26.07886272884772  -8.581167088338018  87.8116421981789
38.92197375310029  16.54955860437688  8.127402081484295
0.44227936252276284  -2.4001590216315183  -0.04038403389917968
8.872363449649182  -7.459602984856677  -6.00236315100318
-8.12392607081412  10.499563102794262  2.3144341846013616
