C   2.9929992543  -3.9946887565  -0.4491417187
O   0.6121754810  -2.7846264943  -0.8315142595
C   0.0506538168  -0.6636895674  0.4514345584
C   1.8776150005  1.5576166831  -0.1124543892
F   4.0994600695  1.1209082135  0.9776846052
F   2.2523968838  1.7788567366  -2.5790964978
F   1.0035042413  3.7331141883  0.7577522955
C   -2.7329998278  -0.0449445324  -0.1811134382
F   -4.1508599710  -2.0659541518  0.1987047447
F   -3.5955157717  1.7996000678  1.2735573933
F   -2.9572846560  0.6596801199  -2.5762348141
F   0.1595519692  -1.0108722785  3.0068571971
H   2.7659927041  -5.8646892817  -1.2396595215
H   4.4806048647  -2.9948181308  -1.4416256266
H   3.4251142338  -4.1272396563  1.5480248344
momentum
-12.295383099790811  -16.07589218249801  -0.7700678232995166
-41.045906246466  -26.41648395641791  -27.451414212815266
25.603961344064327  -14.494939852390273  4.3763444215276985
23.434386397074405  20.29373391923528  -12.093087237117818
10.65425701425388  43.05302356370917  5.011207162116882
17.02872108474561  13.285897144918044  -65.82105156516253
-11.214502383990759  -2.0232010391036317  30.380863694596087
32.82903255356563  -16.338149207755222  33.733388431733964
-3.784861497043451  -12.268144544560364  -46.111549959826675
-13.873017357918998  35.05941085379197  -21.61623908627823
-7.81846672730784  -13.22102254255242  59.42847143387683
-27.55746585551077  0.16481023708281334  31.61117118554465
1.1402465583276895  -7.424285928697207  -4.270508423387674
5.802861444398882  4.542456747310971  7.63105997112156
1.0918261746884401  -8.300183615400684  6.272363343244565
