C   2.9929992543  -3.9946887565  -0.4491417187
O   0.6121754810  -2.7846264943  -0.8315142595
C   0.0506538168  -0.6636895674  0.4514345584
C   1.8776150005  1.5576166831  -0.1124543892
F   4.0994600695  1.1209082135  0.9776846052
F   2.2523968838  1.7788567366  -2.5790964978
F   1.0035042413  3.7331141883  0.7577522955
C   -2.7329998278  -0.0449445324  -0.1811134382
F   -4.1508599710  -2.0659541518  0.1987047447
F   -3.5955157717  1.7996000678  1.2735573933
F   -2.9572846560  0.6596801199  -2.5762348141
F   0.1595519692  -1.0108722785  3.0068571971
H   2.7659927041  -5.8646892817  -1.2396595215
H   4.4806048647  -2.9948181308  -1.4416256266
H   3.4251142338  -4.1272396563  1.5480248344
momentum
12.632030968767998  14.731671179720662  32.9908192708776
38.26417592764056  29.82414432047276  3.1144933861747086
-40.28908754935655  -15.308952837025258  -3.89372757297879
-25.7615826378926  -7.354529070706032  23.12372953385879
62.40804080762798  27.15827720524151  -29.220606757058434
-10.886729849924103  0.8835688790031844  -62.19416441705036
-12.969536503477794  -19.731001189135082  28.88615835861386
-40.78023560395339  2.462362906770433  10.075982865931042
-24.189076217904823  25.87770814801003  -26.635736434857893
50.09462672154204  1.3496521918907711  -10.566603104747049
30.24535449029368  -18.704645446511893  24.688154973229576
-44.778573660345685  -18.382126890959256  40.05341243681157
11.18363143116612  -14.141249980412523  -8.727497493541692
0.690230621007795  -8.017371682386115  -12.374980809070793
-6.198861762640488  0.41418819272234686  -9.425155073444792
