C   2.9929992543  -3.9946887565  -0.4491417187
O   0.6121754810  -2.7846264943  -0.8315142595
C   0.0506538168  -0.6636895674  0.4514345584
C   1.8776150005  1.5576166831  -0.1124543892
F   4.0994600695  1.1209082135  0.9776846052
F   2.2523968838  1.7788567366  -2.5790964978
F   1.0035042413  3.7331141883  0.7577522955
C   -2.7329998278  -0.0449445324  -0.1811134382
F   -4.1508599710  -2.0659541518  0.1987047447
F   -3.5955157717  1.7996000678  1.2735573933
F   -2.9572846560  0.6596801199  -2.5762348141
F   0.1595519692  -1.0108722785  3.0068571971
H   2.7659927041  -5.8646892817  -1.2396595215
H   4.4806048647  -2.9948181308  -1.4416256266
H   3.4251142338  -4.1272396563  1.5480248344
momentum
-32.26774614749752  -15.08489660498941  -17.83372906131518
10.605840265345883  30.280262996789197  20.026353746052305
-15.57141082893752  7.275610815872233  -21.086107749963517
-28.85875644629873  -53.1943537502616  -42.974930282340985
12.874553457177333  -24.588440467187972  -20.0485667830227
50.835628237159504  42.29415133486405  43.17877132996016
-17.309614484028444  -15.890122504049529  -24.398728900645278
13.722459778878928  2.343741120920976  27.299811966087326
9.331506075310047  -35.99295794856213  13.772632139669934
-16.461286039775878  39.43381245889011  2.1757389049312392
23.321068950007508  -15.48916322880745  8.993274203943166
-29.786246748780982  14.00533006144303  29.70844047847571
19.65001475139762  5.967190898468712  -6.346270997427773
9.148259526203626  9.888790054288743  -0.7155129153439749
-9.191490509574688  9.380051399072546  -11.374437066950465
