C   2.9929992543  -3.9946887565  -0.4491417187
O   0.6121754810  -2.7846264943  -0.8315142595
C   0.0506538168  -0.6636895674  0.4514345584
C   1.8776150005  1.5576166831  -0.1124543892
F   4.0994600695  1.1209082135  0.9776846052
F   2.2523968838  1.7788567366  -2.5790964978
F   1.0035042413  3.7331141883  0.7577522955
C   -2.7329998278  -0.0449445324  -0.1811134382
F   -4.1508599710  -2.0659541518  0.1987047447
F   -3.5955157717  1.7996000678  1.2735573933
F   -2.9572846560  0.6596801199  -2.5762348141
F   0.1595519692  -1.0108722785  3.0068571971
H   2.7659927041  -5.8646892817  -1.2396595215
H   4.4806048647  -2.9948181308  -1.4416256266
H   3.4251142338  -4.1272396563  1.5480248344
momentum
-11.402019044172343  -8.73324413753265  13.881060070460359
28.784449585339388  -19.060356786584435  -15.88879167912949
-8.400711489681703  -24.429873697614106  -5.438226350043841
-12.792481343471309  -11.043236356194337  -40.40482247662532
3.573531235103543  4.343830910319468  31.977418063652955
-47.430714985586945  -12.416839385710764  -23.721584479946177
-4.848977759257122  58.46715079790472  37.3775122663206
12.918403070383064  12.583463979378232  -26.415451192112425
44.89890441952451  28.543221326207103  13.49517750847005
30.127992455449817  21.444658902154465  17.54379645447272
20.56007124256552  -25.200356603713836  46.37473123781726
-60.531373558093506  -33.404013249535204  -64.15402616779375
3.8361256411212117  5.7578235011019805  13.88742566428402
-7.956987983763715  -1.0601858670451239  9.849756615852645
8.907119561318895  3.639504180992455  -8.281774730938785
