C   2.9929992543  -3.9946887565  -0.4491417187
O   0.6121754810  -2.7846264943  -0.8315142595
C   0.0506538168  -0.6636895674  0.4514345584
C   1.8776150005  1.5576166831  -0.1124543892
F   4.0994600695  1.1209082135  0.9776846052
F   2.2523968838  1.7788567366  -2.5790964978
F   1.0035042413  3.7331141883  0.7577522955
C   -2.7329998278  -0.0449445324  -0.1811134382
F   -4.1508599710  -2.0659541518  0.1987047447
F   -3.5955157717  1.7996000678  1.2735573933
F   -2.9572846560  0.6596801199  -2.5762348141
F   0.1595519692  -1.0108722785  3.0068571971
H   2.7659927041  -5.8646892817  -1.2396595215
H   4.4806048647  -2.9948181308  -1.4416256266
H   3.4251142338  -4.1272396563  1.5480248344
momentum
-17.12850614370368  9.03136825303433  23.425969216314666
-41.51469966035485  -5.030976303137382  -33.938780896775356
27.46516297694879  -13.125906411628423  20.705389509747413
-12.90510559967755  9.486469104327288  46.75867555709411
38.20904589751162  10.824760850129367  12.849870361778484
-13.328576118699685  -4.682794901017445  -14.401053751995109
25.32159871582902  20.702911132935867  -33.56703017901352
18.71005069886851  11.834231523153086  -9.184000264845958
82.52725868598205  -6.581284803987937  -30.55645280862133
-55.78273798923499  6.3092217914554345  30.21795660426153
-13.045967754100886  -27.77588587693553  2.4899331964808376
-23.083206325891876  9.753164657912683  13.541607980869346
-14.633045582560898  -20.254925019148548  -13.849359916394679
1.3817189454677044  -0.4368667567983812  -7.23847857224537
-1.9531685682549011  -0.25818890114640847  -7.134073353896344
