C   2.9929992543  -3.9946887565  -0.4491417187
O   0.6121754810  -2.7846264943  -0.8315142595
C   0.0506538168  -0.6636895674  0.4514345584
C   1.8776150005  1.5576166831  -0.1124543892
F   4.0994600695  1.1209082135  0.9776846052
F   2.2523968838  1.7788567366  -2.5790964978
F   1.0035042413  3.7331141883  0.7577522955
C   -2.7329998278  -0.0449445324  -0.1811134382
F   -4.1508599710  -2.0659541518  0.1987047447
F   -3.5955157717  1.7996000678  1.2735573933
F   -2.9572846560  0.6596801199  -2.5762348141
F   0.1595519692  -1.0108722785  3.0068571971
H   2.7659927041  -5.8646892817  -1.2396595215
H   4.4806048647  -2.9948181308  -1.4416256266
H   3.4251142338  -4.1272396563  1.5480248344
momentum
26.680368141084227  20.04565091570304  6.568219269152803
-39.035523626217206  57.60320811875699  -14.039827602166179
-1.93789188351052  -12.491529125204057  -22.595624404581322
-37.139832711692705  -30.070440241997513  -7.148006416410731
28.18931059992915  -8.34463897485834  -16.87212611342145
-17.553993544168993  12.768800127943111  -15.216016065671953
1.577044955320834  -0.07413548059005466  -13.685569068858332
21.74749741599742  37.63511515684277  -10.54748084041532
-14.980254350400003  -48.06254021933769  -10.801666171155487
31.687020697178383  -26.154362144374588  14.540642983991985
65.13061859815862  -5.745294639776449  18.86828801300512
-36.72801152356825  -3.929505270522721  59.453268614183465
-21.30322537519144  -0.2498575080357119  7.4978524262485
-5.983870777241144  0.49697395141500567  -0.3777034449204887
-0.07251097564081739  5.7478015495785835  4.004937237334622
