C   2.9929992543  -3.9946887565  -0.4491417187
O   0.6121754810  -2.7846264943  -0.8315142595
C   0.0506538168  -0.6636895674  0.4514345584
C   1.8776150005  1.5576166831  -0.1124543892
F   4.0994600695  1.1209082135  0.9776846052
F   2.2523968838  1.7788567366  -2.5790964978
F   1.0035042413  3.7331141883  0.7577522955
C   -2.7329998278  -0.0449445324  -0.1811134382
F   -4.1508599710  -2.0659541518  0.1987047447
F   -3.5955157717  1.7996000678  1.2735573933
F   -2.9572846560  0.6596801199  -2.5762348141
F   0.1595519692  -1.0108722785  3.0068571971
H   2.7659927041  -5.8646892817  -1.2396595215
H   4.4806048647  -2.9948181308  -1.4416256266
H   3.4251142338  -4.1272396563  1.5480248344
momentum
9.578089992252487  -14.178002647789286  21.88702869754659
-5.334365915515192  -18.472849296883147  -11.663603693769563
33.82682074385559  10.137603375624227  -14.14831435679988
-69.31553960085951  -7.375092233974621  -4.244419133075135
-44.73459374059612  -13.831338621877048  -18.808518992800746
18.62293279189974  3.6519954792891416  36.71692630200472
9.785925652788446  7.987813387028644  4.298821603095157
-3.5391920451410233  33.6802998988527  30.47784474721264
24.08539175483179  -3.4255777767504103  -45.375502031774104
6.870623563716383  21.36770399725451  -4.276885566545893
-15.36125254004225  -21.885849024816384  22.073877352789868
41.204832199804365  6.828426255141701  -17.0983585672912
2.6267983258573326  -4.1949199491234355  0.6877340840094326
-5.595481625917654  -5.504209477958491  5.274195609808336
-2.198900653756508  5.68256786910212  -5.876519441750689
