C   2.9929992543  -3.9946887565  -0.4491417187
O   0.6121754810  -2.7846264943  -0.8315142595
C   0.0506538168  -0.6636895674  0.4514345584
C   1.8776150005  1.5576166831  -0.1124543892
F   4.0994600695  1.1209082135  0.9776846052
F   2.2523968838  1.7788567366  -2.5790964978
F   1.0035042413  3.7331141883  0.7577522955
C   -2.7329998278  -0.0449445324  -0.1811134382
F   -4.1508599710  -2.0659541518  0.1987047447
F   -3.5955157717  1.7996000678  1.2735573933
F   -2.9572846560  0.6596801199  -2.5762348141
F   0.1595519692  -1.0108722785  3.0068571971
H   2.7659927041  -5.8646892817  -1.2396595215
H   4.4806048647  -2.9948181308  -1.4416256266
H   3.4251142338  -4.1272396563  1.5480248344
momentum
-6.725424218388174  9.739220295307849  22.964810869077006
-34.230100851781366  7.009553364922618  19.933337146964547
-10.045067412663482  6.923590490695293  1.8390302536685508
6.597108296810734  -49.81827637876017  31.36553935376558
38.56786216879918  8.143904665270629  -24.763948005645016
-45.49920311368476  28.473816105159536  32.52398454330928
13.53872551921359  43.25541712140583  -39.78579662499212
-12.574371728274894  -7.2172829684506326  -20.60686358469055
-26.375194881947078  -44.29074351087434  -37.28571589176488
41.63470710362533  -39.47960559522034  -10.116523517973642
24.032701413524546  28.325086120270377  29.644892616476863
26.042437744307087  13.736445277438794  -6.304101937180754
0.27414078301250455  -1.2453414600009913  -3.7879950115014474
-5.073698132920538  -4.514711703959887  13.318665423973137
-9.546678141262932  0.6158255900888695  -8.705813737815506
