C   2.9929992543  -3.9946887565  -0.4491417187
O   0.6121754810  -2.7846264943  -0.8315142595
C   0.0506538168  -0.6636895674  0.4514345584
C   1.8776150005  1.5576166831  -0.1124543892
F   4.0994600695  1.1209082135  0.9776846052
F   2.2523968838  1.7788567366  -2.5790964978
F   1.0035042413  3.7331141883  0.7577522955
C   -2.7329998278  -0.0449445324  -0.1811134382
F   -4.1508599710  -2.0659541518  0.1987047447
F   -3.5955157717  1.7996000678  1.2735573933
F   -2.9572846560  0.6596801199  -2.5762348141
F   0.1595519692  -1.0108722785  3.0068571971
H   2.7659927041  -5.8646892817  -1.2396595215
H   4.4806048647  -2.9948181308  -1.4416256266
H   3.4251142338  -4.1272396563  1.5480248344
momentum
-12.065591146700745  -12.6023141845128  30.641528524303073
31.56293711807139  -0.7123337248267622  6.14274331983158
19.436808191737423  15.533500152961023  -20.74004485721027
-5.151699338502643  68.94359040724775  -34.50035444278285
-55.10779310988215  -4.903170096269438  -8.162517975134095
-4.960496901376523  -23.343336444046667  1.8608278050334626
35.38310147544923  6.598632813804728  14.143176154629822
11.932625452383279  -6.803559124613643  17.342228626549844
-63.56456180123362  -10.475301776484715  10.552335919856224
4.649598184495057  -16.561821561250888  6.363318248581045
24.714818325391384  16.190342019612043  -0.633532853620049
7.62646610889214  -32.119214860200344  -21.392008444355888
11.871630846264031  -4.236172943531939  -4.9779782720598496
-0.10624585001281255  6.375504391066471  3.4368872155981407
-6.000932359465732  -1.855648626694454  -0.31211362211724525
