C   2.9929992543  -3.9946887565  -0.4491417187
O   0.6121754810  -2.7846264943  -0.8315142595
C   0.0506538168  -0.6636895674  0.4514345584
C   1.8776150005  1.5576166831  -0.1124543892
F   4.0994600695  1.1209082135  0.9776846052
F   2.2523968838  1.7788567366  -2.5790964978
F   1.0035042413  3.7331141883  0.7577522955
C   -2.7329998278  -0.0449445324  -0.1811134382
F   -4.1508599710  -2.0659541518  0.1987047447
F   -3.5955157717  1.7996000678  1.2735573933
F   -2.9572846560  0.6596801199  -2.5762348141
F   0.1595519692  -1.0108722785  3.0068571971
H   2.7659927041  -5.8646892817  -1.2396595215
H   4.4806048647  -2.9948181308  -1.4416256266
H   3.4251142338  -4.1272396563  1.5480248344
momentum
-21.589891344253928  -17.497089192587893  -20.568760784878524
32.41742692726832  36.30010773786746  35.667437376937464
-30.408616322384294  33.208835964073  14.973405081984309
54.741116864692714  46.491587686281854  -10.53300942614369
-34.61270888295499  -8.6004394911015  -0.025922064334423154
-20.71074898913312  -14.447685037380927  -36.636538439705966
14.907305952157788  -1.481427908656559  3.158742391421024
-34.76791031927819  -26.833181201188335  -22.943384110764534
6.90235508536014  3.387002851917186  -28.384412771289195
5.771613915049114  3.9770578312543265  14.613047558125384
17.589304467134365  -19.689296356738282  9.132673700581437
12.115888081356921  -33.26662345579577  38.40025020045323
4.5190267948014275  4.152760405346038  -4.776939510551275
-5.176547392895269  -2.528023686855472  14.461416379315379
-1.7155119210879686  -3.6595589065152847  -6.438447259051484
