C   2.9929992543  -3.9946887565  -0.4491417187
O   0.6121754810  -2.7846264943  -0.8315142595
C   0.0506538168  -0.6636895674  0.4514345584
C   1.8776150005  1.5576166831  -0.1124543892
F   4.0994600695  1.1209082135  0.9776846052
F   2.2523968838  1.7788567366  -2.5790964978
F   1.0035042413  3.7331141883  0.7577522955
C   -2.7329998278  -0.0449445324  -0.1811134382
F   -4.1508599710  -2.0659541518  0.1987047447
F   -3.5955157717  1.7996000678  1.2735573933
F   -2.9572846560  0.6596801199  -2.5762348141
F   0.1595519692  -1.0108722785  3.0068571971
H   2.7659927041  -5.8646892817  -1.2396595215
H   4.4806048647  -2.9948181308  -1.4416256266
H   3.4251142338  -4.1272396563  1.5480248344
momentum
40.61034303422552  -0.6678712488799475  -32.00067507077283
-18.96704471592468  -52.64223153412203  -26.03687436430315
-7.370361547971345  9.272319916414714  40.86577897446126
2.9377861779043823  14.22471318075033  -31.800626972610935
41.102793775434684  14.49934441371068  40.315355610974166
39.527985203716455  11.634227741606347  -19.496180862552066
30.7872234773141  19.87566835898026  -6.856176035802896
-22.110853107064425  -86.93730760956232  37.577284263259024
-53.056327168832944  17.581131253417727  -33.02950815927375
-33.199257520204455  26.546972341052236  -20.243047573226587
-30.59400951731203  14.37055134809103  41.22151868065114
-10.454585847494862  21.148191004905375  6.773900891302813
5.762230623036011  -1.5222633701342403  3.100825574293369
8.785220272282878  -9.97279005920582  4.452253668109388
5.79902278030815  2.5519942450489403  -4.65122791220507
