C   2.9929992543  -3.9946887565  -0.4491417187
O   0.6121754810  -2.7846264943  -0.8315142595
C   0.0506538168  -0.6636895674  0.4514345584
C   1.8776150005  1.5576166831  -0.1124543892
F   4.0994600695  1.1209082135  0.9776846052
F   2.2523968838  1.7788567366  -2.5790964978
F   1.0035042413  3.7331141883  0.7577522955
C   -2.7329998278  -0.0449445324  -0.1811134382
F   -4.1508599710  -2.0659541518  0.1987047447
F   -3.5955157717  1.7996000678  1.2735573933
F   -2.9572846560  0.6596801199  -2.5762348141
F   0.1595519692  -1.0108722785  3.0068571971
H   2.7659927041  -5.8646892817  -1.2396595215
H   4.4806048647  -2.9948181308  -1.4416256266
H   3.4251142338  -4.1272396563  1.5480248344
momentum
-57.59890367638739  -50.5388566472401  -35.11966781788503
54.25918100857273  -4.720096937184353  21.508129098274896
32.050735711660614  -19.568683194063897  37.16145280222287
-9.707081868670233  -19.179401161366723  38.98968735873476
48.25325196900847  4.395728585009434  26.452699978802787
-40.90669017427949  27.68533918433636  -24.04733097980841
9.457748836968356  9.88604445243929  -17.752200004333726
-36.26709226231806  23.392277564304706  -31.807787441682265
7.97318932505648  4.870234015414386  16.543506807553115
1.6806462332048917  -38.96713448288859  -33.437816469030004
-19.603793600997438  16.50874590173212  -3.41842736269667
4.8393716470404184  22.790942185303834  -7.632322242036325
2.444644159146503  0.5310411636757331  -3.0933305421544635
3.522236567898156  17.91963635084238  8.866424831592475
-0.8510537464817253  4.2553703313412345  6.899289956782824
