C   2.9929992543  -3.9946887565  -0.4491417187
O   0.6121754810  -2.7846264943  -0.8315142595
C   0.0506538168  -0.6636895674  0.4514345584
C   1.8776150005  1.5576166831  -0.1124543892
F   4.0994600695  1.1209082135  0.9776846052
F   2.2523968838  1.7788567366  -2.5790964978
F   1.0035042413  3.7331141883  0.7577522955
C   -2.7329998278  -0.0449445324  -0.1811134382
F   -4.1508599710  -2.0659541518  0.1987047447
F   -3.5955157717  1.7996000678  1.2735573933
F   -2.9572846560  0.6596801199  -2.5762348141
F   0.1595519692  -1.0108722785  3.0068571971
H   2.7659927041  -5.8646892817  -1.2396595215
H   4.4806048647  -2.9948181308  -1.4416256266
H   3.4251142338  -4.1272396563  1.5480248344
momentum
-14.899969369282877  -42.95119263013349  4.501366132225947
27.221509793344705  29.426087795443426  28.501212797729345
3.897498994538256  -39.57708565160019  -23.594276975476475
-11.154293488984983  13.396892583723607  -5.130371325664137
19.576836185644  12.078560255035523  -0.5636683764701258
-9.000620933123074  61.08044154212662  -44.122474855667015
-16.531628866405256  -22.04592053000663  41.868280055390855
-7.067844902227756  -17.263846885058772  33.362938111547145
-35.88236370676301  35.201332541670055  4.658639587418799
-29.1172721845281  5.471893376259111  7.688599256761778
46.12984724203167  -26.370339961975596  -48.5679639548761
48.03607697801169  7.375272313396062  -9.456372359918843
-4.994315224440813  -16.65669457454708  -0.7199342515157385
-8.440616335386114  4.356812279256578  3.8087217802538302
-7.976048702377721  -3.2564718265571937  7.570662385758364
