C   2.9929992543  -3.9946887565  -0.4491417187
O   0.6121754810  -2.7846264943  -0.8315142595
C   0.0506538168  -0.6636895674  0.4514345584
C   1.8776150005  1.5576166831  -0.1124543892
F   4.0994600695  1.1209082135  0.9776846052
F   2.2523968838  1.7788567366  -2.5790964978
F   1.0035042413  3.7331141883  0.7577522955
C   -2.7329998278  -0.0449445324  -0.1811134382
F   -4.1508599710  -2.0659541518  0.1987047447
F   -3.5955157717  1.7996000678  1.2735573933
F   -2.9572846560  0.6596801199  -2.5762348141
F   0.1595519692  -1.0108722785  3.0068571971
H   2.7659927041  -5.8646892817  -1.2396595215
H   4.4806048647  -2.9948181308  -1.4416256266
H   3.4251142338  -4.1272396563  1.5480248344
momentum
25.449049548248254  -4.110583580676521  -6.775880702380577
13.913504171323074  -14.749956326104613  19.11530160304122
4.408620555114957  8.46417070928094  -12.5182036068476
12.296355141993168  17.082507024125228  -17.666998298311483
-45.87921520500392  34.5913446999904  44.80945566236765
-29.188280628924424  19.66901062927419  -30.70972406635763
81.10362809772711  -7.785149992022567  -15.374030992227112
-31.546109393163633  1.1513317316721619  -9.785480307825761
-19.5420543066915  47.46598319092552  -2.9588256508267556
-18.42377102116835  -40.54979043761025  -13.4579373961818
-8.03538729015783  -6.791456462525296  41.61237541124033
18.402576937455144  -34.783867450883136  -15.302563150602746
3.775611730315827  1.9444421594101964  -4.683956099665166
4.020161167361362  -9.883308045875191  9.77654396755205
-10.81580328489876  -11.082258619373125  13.678764655400727
