C   2.9929992543  -3.9946887565  -0.4491417187
O   0.6121754810  -2.7846264943  -0.8315142595
C   0.0506538168  -0.6636895674  0.4514345584
C   1.8776150005  1.5576166831  -0.1124543892
F   4.0994600695  1.1209082135  0.9776846052
F   2.2523968838  1.7788567366  -2.5790964978
F   1.0035042413  3.7331141883  0.7577522955
C   -2.7329998278  -0.0449445324  -0.1811134382
F   -4.1508599710  -2.0659541518  0.1987047447
F   -3.5955157717  1.7996000678  1.2735573933
F   -2.9572846560  0.6596801199  -2.5762348141
F   0.1595519692  -1.0108722785  3.0068571971
H   2.7659927041  -5.8646892817  -1.2396595215
H   4.4806048647  -2.9948181308  -1.4416256266
H   3.4251142338  -4.1272396563  1.5480248344
momentum
-25.233569869212836  15.04844453105778  23.135789635883235
-62.62476622515831  21.02885420344978  19.486576440540226
-2.8524972999571596  -36.75241877553903  8.521114655624796
23.68367751199425  -11.898644266063673  -31.58382150204154
16.927999610731646  -6.655491327998128  -9.784407321613783
-8.509983428231335  41.05089002619396  20.603332939429503
-8.647522396288078  -14.211631389519408  -32.317896666053684
-5.354294441668242  28.875578920792094  -12.72605487477736
-28.942154917393243  -39.82817405454241  -24.807503135684865
50.599111232169456  -32.6319794024272  39.376082731466965
12.216396677382708  9.380602764845174  -44.3487542167112
10.73290509851626  15.109112266355398  45.61230305191565
8.43354744317662  0.1580921389314858  -15.81166842268137
12.404136424343038  15.181267216375424  -4.9924477549294535
6.512892850048091  -3.5933452582997867  19.64291241637189
