C   2.9929992543  -3.9946887565  -0.4491417187
O   0.6121754810  -2.7846264943  -0.8315142595
C   0.0506538168  -0.6636895674  0.4514345584
C   1.8776150005  1.5576166831  -0.1124543892
F   4.0994600695  1.1209082135  0.9776846052
F   2.2523968838  1.7788567366  -2.5790964978
F   1.0035042413  3.7331141883  0.7577522955
C   -2.7329998278  -0.0449445324  -0.1811134382
F   -4.1508599710  -2.0659541518  0.1987047447
F   -3.5955157717  1.7996000678  1.2735573933
F   -2.9572846560  0.6596801199  -2.5762348141
F   0.1595519692  -1.0108722785  3.0068571971
H   2.7659927041  -5.8646892817  -1.2396595215
H   4.4806048647  -2.9948181308  -1.4416256266
H   3.4251142338  -4.1272396563  1.5480248344
momentum
47.16439232367432  -26.24551078305967  -8.563841370331723
-37.69601336236466  49.407307422925825  -0.3454990698852191
4.615886482397001  -15.618994922229598  -12.599589969768937
11.549115439722996  -35.676710700935566  18.32426185831592
-11.09289666120005  1.313580702239317  7.545291555297838
16.141237966029085  12.254000551133373  15.7713815499038
-55.74039819640621  25.73726007332897  -33.12693556836353
5.267183786815588  20.153292945767284  -15.145719782286593
-3.974893643190603  37.90535806924128  8.2664922149823
32.88485352165856  4.3725526134623065  6.4321281081438535
-1.9688582903232459  -45.4660073255951  19.218170544954628
-11.74401608845479  -7.774583168485058  14.980251051784716
9.784133785226413  -12.083546354285449  -10.179566387824925
3.72366476938681  -1.1028435236346592  -10.824100197251404
-8.95325883748103  -6.183424592004994  0.17066809559903354
