C   2.9929992543  -3.9946887565  -0.4491417187
O   0.6121754810  -2.7846264943  -0.8315142595
C   0.0506538168  -0.6636895674  0.4514345584
C   1.8776150005  1.5576166831  -0.1124543892
F   4.0994600695  1.1209082135  0.9776846052
F   2.2523968838  1.7788567366  -2.5790964978
F   1.0035042413  3.7331141883  0.7577522955
C   -2.7329998278  -0.0449445324  -0.1811134382
F   -4.1508599710  -2.0659541518  0.1987047447
F   -3.5955157717  1.7996000678  1.2735573933
F   -2.9572846560  0.6596801199  -2.5762348141
F   0.1595519692  -1.0108722785  3.0068571971
H   2.7659927041  -5.8646892817  -1.2396595215
H   4.4806048647  -2.9948181308  -1.4416256266
H   3.4251142338  -4.1272396563  1.5480248344
momentum
-10.840249263471584  9.485872715396779  -10.261285943467048
12.074539497820245  10.610891180552878  45.95037239155945
-14.320389453827163  -34.348751060984625  -20.33802754689911
-44.624561040743906  -11.35873999219499  -21.021426960208068
31.294921954026776  -45.08413655682224  -14.234122572903066
-2.5237614496714866  58.34016248787106  -1.1295564475169524
-15.209956502520093  -25.48463002037428  -3.3644417585377138
-13.100978646075502  24.96308289147901  -22.137765148025064
9.755905324853918  30.145284260050506  -34.716316673834235
-33.69764582512334  32.597537113833134  -16.428901513791367
23.060029913013988  -41.36146026023781  42.759513166832996
53.927562982636076  -16.389126283397207  42.93288382309996
6.542390576480892  5.8271771204114815  2.898154711567047
-4.74673637220671  3.3637244841216103  7.809512836981106
1.9867598902826833  -0.7120077351462212  1.258329691639927
