C   2.9929992543  -3.9946887565  -0.4491417187
O   0.6121754810  -2.7846264943  -0.8315142595
C   0.0506538168  -0.6636895674  0.4514345584
C   1.8776150005  1.5576166831  -0.1124543892
F   4.0994600695  1.1209082135  0.9776846052
F   2.2523968838  1.7788567366  -2.5790964978
F   1.0035042413  3.7331141883  0.7577522955
C   -2.7329998278  -0.0449445324  -0.1811134382
F   -4.1508599710  -2.0659541518  0.1987047447
F   -3.5955157717  1.7996000678  1.2735573933
F   -2.9572846560  0.6596801199  -2.5762348141
F   0.1595519692  -1.0108722785  3.0068571971
H   2.7659927041  -5.8646892817  -1.2396595215
H   4.4806048647  -2.9948181308  -1.4416256266
H   3.4251142338  -4.1272396563  1.5480248344
momentum
11.705145153408592  44.62556297609596  -4.81496032426479
-0.6436896948680508  -44.150331980225815  54.410250124737075
26.65187473364585  -20.70690227067567  -31.11356152364627
39.207023731787245  -3.68605404666475  39.11530290475419
-18.4274834070307  68.06945689572058  -2.213230293625653
-83.55919718763212  -46.39412697975479  22.503157717357055
-0.820225726607268  -40.775815448821284  -20.420676240919885
6.121642135318651  -13.9739682215032  -7.549882465094537
-8.700279755740922  43.73617990642674  -35.99181684073146
11.110530429919576  47.76314658265724  13.41472832093801
4.6747141270571575  12.426531804419438  -13.138142441430578
11.624056259763552  -41.465304501857105  -3.6601065451656547
-2.130482971903662  0.5653005632469559  -14.222920014463728
-0.9821103587814736  -1.8471691032648532  0.7959533822879924
4.659203436475275  -4.274354720461181  2.7014939873161126
