C   2.9929992543  -3.9946887565  -0.4491417187
O   0.6121754810  -2.7846264943  -0.8315142595
C   0.0506538168  -0.6636895674  0.4514345584
C   1.8776150005  1.5576166831  -0.1124543892
F   4.0994600695  1.1209082135  0.9776846052
F   2.2523968838  1.7788567366  -2.5790964978
F   1.0035042413  3.7331141883  0.7577522955
C   -2.7329998278  -0.0449445324  -0.1811134382
F   -4.1508599710  -2.0659541518  0.1987047447
F   -3.5955157717  1.7996000678  1.2735573933
F   -2.9572846560  0.6596801199  -2.5762348141
F   0.1595519692  -1.0108722785  3.0068571971
H   2.7659927041  -5.8646892817  -1.2396595215
H   4.4806048647  -2.9948181308  -1.4416256266
H   3.4251142338  -4.1272396563  1.5480248344
momentum
-22.879541633773858  31.88978241183232  27.146794591997757
12.058224684572732  55.3396299672958  -30.630612936392428
8.033763062752685  -37.159518923033744  9.895394196389816
41.87419716770588  -49.20238439707331  18.138486035949846
-63.41346237893516  14.090543067490616  -31.980391333411067
45.07060343762686  36.88744137336641  -42.32271262446275
-4.99538252582834  6.89167951650922  -27.984987547142495
-6.70247929509993  2.744139543365752  45.273324298777666
-28.20390879024237  -20.292039590772696  -20.39303974533834
-11.33589560014945  12.868584985059453  6.434572163061734
34.51504070329521  -9.406395473221558  28.190095975451765
-6.079135989403537  -28.561086852032933  17.566476732551884
-6.299536178128826  -10.862007211156268  4.58649051789016
7.905787330618258  -1.1367486689175665  -9.741901811761732
0.5380638096025993  -3.7721916910593993  5.754714282522255
