C   2.9929992543  -3.9946887565  -0.4491417187
O   0.6121754810  -2.7846264943  -0.8315142595
C   0.0506538168  -0.6636895674  0.4514345584
C   1.8776150005  1.5576166831  -0.1124543892
F   4.0994600695  1.1209082135  0.9776846052
F   2.2523968838  1.7788567366  -2.5790964978
F   1.0035042413  3.7331141883  0.7577522955
C   -2.7329998278  -0.0449445324  -0.1811134382
F   -4.1508599710  -2.0659541518  0.1987047447
F   -3.5955157717  1.7996000678  1.2735573933
F   -2.9572846560  0.6596801199  -2.5762348141
F   0.1595519692  -1.0108722785  3.0068571971
H   2.7659927041  -5.8646892817  -1.2396595215
H   4.4806048647  -2.9948181308  -1.4416256266
H   3.4251142338  -4.1272396563  1.5480248344
momentum
-43.71503318470571  -7.370759907266512  -26.81294163028969
17.360347875666367  38.052602013942604  -5.328291344770385
8.412501546661504  -74.49567800737097  27.348681700283052
14.388954824239235  -21.753854255263146  19.490009662278872
-34.928538801311085  33.4243235780366  20.37141107909695
-9.202816709705623  25.121220408851137  17.456033334041596
15.935951800484336  54.209513824912165  -43.0302918190028
-39.87483143229503  -1.0419935785695364  21.709349219737703
33.89694227159057  8.00559782513855  21.928598721179657
23.28363788988287  23.619379886978265  6.668872651944352
28.600352869410074  -38.35338206937383  -41.422318125389175
-4.913851777457615  -32.52698850623386  -16.279285290943662
0.03953421993498732  -3.50503005901339  4.1367432472086865
-7.987971025510719  -2.2035002325551263  3.408655309947759
-1.0505161987934304  -1.3992680509044748  -9.63969252714597
