C   2.9929992543  -3.9946887565  -0.4491417187
O   0.6121754810  -2.7846264943  -0.8315142595
C   0.0506538168  -0.6636895674  0.4514345584
C   1.8776150005  1.5576166831  -0.1124543892
F   4.0994600695  1.1209082135  0.9776846052
F   2.2523968838  1.7788567366  -2.5790964978
F   1.0035042413  3.7331141883  0.7577522955
C   -2.7329998278  -0.0449445324  -0.1811134382
F   -4.1508599710  -2.0659541518  0.1987047447
F   -3.5955157717  1.7996000678  1.2735573933
F   -2.9572846560  0.6596801199  -2.5762348141
F   0.1595519692  -1.0108722785  3.0068571971
H   2.7659927041  -5.8646892817  -1.2396595215
H   4.4806048647  -2.9948181308  -1.4416256266
H   3.4251142338  -4.1272396563  1.5480248344
momentum
6.204235737689585  10.424923188646487  -11.602031395466488
-14.211905296457592  -21.68347202736157  32.838556961432836
-30.805568458309686  7.813479402860847  -11.635990364125345
-3.5059504893193005  -37.14910936845618  4.263924309841234
29.724804727699894  -3.3335958655807225  -2.746633647663655
-28.678918860965535  16.137872136271397  -44.16459177888214
40.93075416432845  60.9719168066136  26.84885484082197
11.133703266172859  50.202168380852115  -17.082003861240633
1.4608071706212007  -29.575731567671117  -9.408448633485513
-17.931023206455947  -6.136783546170559  -19.50881474849754
0.38484555246101415  -11.892675422322897  20.179241055431348
-7.370844499726391  -35.88259453186675  17.4090831202419
2.96214597564403  -8.521895367261397  2.589627816604643
8.490688406234051  10.787174452741372  10.024247048384819
1.218065498460894  -2.1892304813139876  2.1723528189823353
