C   2.9929992543  -3.9946887565  -0.4491417187
O   0.6121754810  -2.7846264943  -0.8315142595
C   0.0506538168  -0.6636895674  0.4514345584
C   1.8776150005  1.5576166831  -0.1124543892
F   4.0994600695  1.1209082135  0.9776846052
F   2.2523968838  1.7788567366  -2.5790964978
F   1.0035042413  3.7331141883  0.7577522955
C   -2.7329998278  -0.0449445324  -0.1811134382
F   -4.1508599710  -2.0659541518  0.1987047447
F   -3.5955157717  1.7996000678  1.2735573933
F   -2.9572846560  0.6596801199  -2.5762348141
F   0.1595519692  -1.0108722785  3.0068571971
H   2.7659927041  -5.8646892817  -1.2396595215
H   4.4806048647  -2.9948181308  -1.4416256266
H   3.4251142338  -4.1272396563  1.5480248344
momentum
13.393783799531763  28.51638272641447  -6.24683196790754
22.24329380664361  -8.670610800987987  -32.22673052682071
30.7755406816778  -14.25309444972535  -15.204467270583592
-10.049609831292154  2.7199959960460154  -35.13902552251304
3.051557377778059  -16.25053918198583  70.35177370566588
-27.66702984513048  -19.885571205026064  7.014816022784115
-21.078442961820286  -78.41187331820838  1.6357220728987676
-18.513174207335204  33.52211099152066  -41.495153128102174
-33.63452658717222  29.291542016528332  24.9759112542117
-41.98127860554877  -5.816269367344941  11.822221936946654
1.922940332983419  13.52915422449499  1.351849550826807
82.7988352150461  43.17740154753735  -11.160577339927286
-4.0693080368054275  -2.95363013700458  8.64991719408538
-2.3041319469372317  0.25860598854919437  11.56891363776971
5.148927295078931  -4.7636901745579765  4.042725442430646
