C   2.9929992543  -3.9946887565  -0.4491417187
O   0.6121754810  -2.7846264943  -0.8315142595
C   0.0506538168  -0.6636895674  0.4514345584
C   1.8776150005  1.5576166831  -0.1124543892
F   4.0994600695  1.1209082135  0.9776846052
F   2.2523968838  1.7788567366  -2.5790964978
F   1.0035042413  3.7331141883  0.7577522955
C   -2.7329998278  -0.0449445324  -0.1811134382
F   -4.1508599710  -2.0659541518  0.1987047447
F   -3.5955157717  1.7996000678  1.2735573933
F   -2.9572846560  0.6596801199  -2.5762348141
F   0.1595519692  -1.0108722785  3.0068571971
H   2.7659927041  -5.8646892817  -1.2396595215
H   4.4806048647  -2.9948181308  -1.4416256266
H   3.4251142338  -4.1272396563  1.5480248344
momentum
7.902971636085859  16.615499083611933  -11.442202921358637
29.133407655319193  -10.196851608658736  2.9997907743817693
-31.204593907498815  16.941538535542385  -4.078513913855098
-24.281606593865252  -10.336160156139119  -10.31997143786038
-27.76849398550512  -39.318320602185  5.218630920055166
2.089629389636283  6.264707142876701  -18.89768579996583
30.008099059543312  29.999724144233387  37.42361124799706
18.61426801951406  -12.621978676655432  32.9685655969166
3.6940064190683257  -11.605388064687025  32.10300965292595
-7.007137234505738  18.20518414459472  -15.168092371303525
12.35541738433336  -10.73184592340605  -48.17015191523874
10.012847308387549  -11.07807656246147  -8.774980734388496
-0.26569297082576204  9.97809652626797  -0.411540443985757
-19.259016217213436  -1.3023670210476253  1.9737511546465643
-3.8431903583233984  8.745846726825722  4.442405784032978
