C   2.9929992543  -3.9946887565  -0.4491417187
O   0.6121754810  -2.7846264943  -0.8315142595
C   0.0506538168  -0.6636895674  0.4514345584
C   1.8776150005  1.5576166831  -0.1124543892
F   4.0994600695  1.1209082135  0.9776846052
F   2.2523968838  1.7788567366  -2.5790964978
F   1.0035042413  3.7331141883  0.7577522955
C   -2.7329998278  -0.0449445324  -0.1811134382
F   -4.1508599710  -2.0659541518  0.1987047447
F   -3.5955157717  1.7996000678  1.2735573933
F   -2.9572846560  0.6596801199  -2.5762348141
F   0.1595519692  -1.0108722785  3.0068571971
H   2.7659927041  -5.8646892817  -1.2396595215
H   4.4806048647  -2.9948181308  -1.4416256266
H   3.4251142338  -4.1272396563  1.5480248344
momentum
-24.552885013948657  38.13402400047541  -51.40263772826167
-2.1809985596817225  -44.267382761148674  9.621430205741444
-10.808725609868485  -11.82221925200878  44.081122651971974
8.775191638549083  36.66336062851463  -16.30186176627637
-36.16705393009397  -14.862309922551521  20.245468917514962
15.379892314574011  7.811981162329236  52.422954534203164
-12.867386285000194  23.762756819747548  -14.88235116413429
48.70265118121605  5.289229383283527  -37.377121990688615
0.022016505687483378  47.85149834678192  51.55139064531844
53.71805233739427  -6.390393174815441  -48.03139632509968
-32.67796093128044  -56.237042159204115  12.729580489465585
-29.130882559299724  -11.089744705181493  -1.93285466446239
8.560107993074766  -10.922099575911737  -11.27911232454152
4.734313761458388  1.3590204508226538  2.5721894122133837
8.397809689695752  -5.39066992490318  -11.499050228592457
