C   2.9929992543  -3.9946887565  -0.4491417187
O   0.6121754810  -2.7846264943  -0.8315142595
C   0.0506538168  -0.6636895674  0.4514345584
C   1.8776150005  1.5576166831  -0.1124543892
F   4.0994600695  1.1209082135  0.9776846052
F   2.2523968838  1.7788567366  -2.5790964978
F   1.0035042413  3.7331141883  0.7577522955
C   -2.7329998278  -0.0449445324  -0.1811134382
F   -4.1508599710  -2.0659541518  0.1987047447
F   -3.5955157717  1.7996000678  1.2735573933
F   -2.9572846560  0.6596801199  -2.5762348141
F   0.1595519692  -1.0108722785  3.0068571971
H   2.7659927041  -5.8646892817  -1.2396595215
H   4.4806048647  -2.9948181308  -1.4416256266
H   3.4251142338  -4.1272396563  1.5480248344
momentum
-11.18301236310765  -8.449354347297302  -6.98478285108084
-4.180437237605499  17.067373890813304  -46.72837315848447
-38.020837040169816  31.418455871699322  -33.09710064248175
70.93887636628892  -8.248270605677636  -15.165449149634297
-44.66510519104184  29.041076251726764  6.509991137738047
-20.171337127392047  -15.322430062457713  41.26502642032564
25.88449094285982  -7.938269190162137  1.1948659446845147
-4.2790506556384225  -60.50437281149641  8.013234244818555
9.624934678415999  7.997211154052905  24.810203992000073
3.9383159730921395  -10.625686602395092  6.593809297746778
26.72975776600183  3.2948550618684513  -4.4734501438726975
-0.9167222709622679  8.873590574542908  -9.137663931883177
1.684522233664703  18.88694999785489  14.701493815268313
-23.032251466871546  -8.494279597532541  3.831425723901452
8.157480582398065  2.3983442608439898  8.393836019319297
