C   2.9929992543  -3.9946887565  -0.4491417187
O   0.6121754810  -2.7846264943  -0.8315142595
C   0.0506538168  -0.6636895674  0.4514345584
C   1.8776150005  1.5576166831  -0.1124543892
F   4.0994600695  1.1209082135  0.9776846052
F   2.2523968838  1.7788567366  -2.5790964978
F   1.0035042413  3.7331141883  0.7577522955
C   -2.7329998278  -0.0449445324  -0.1811134382
F   -4.1508599710  -2.0659541518  0.1987047447
F   -3.5955157717  1.7996000678  1.2735573933
F   -2.9572846560  0.6596801199  -2.5762348141
F   0.1595519692  -1.0108722785  3.0068571971
H   2.7659927041  -5.8646892817  -1.2396595215
H   4.4806048647  -2.9948181308  -1.4416256266
H   3.4251142338  -4.1272396563  1.5480248344
momentum
21.13522892209525  -33.71518796069499  2.985255441788326
3.7848348604640805  21.01160657388557  -50.41020018258322
10.347280774049294  0.786645329667585  29.602270638325514
22.75959507332511  20.491686100129936  -41.97211184165674
-66.1510489185811  2.396572493048688  -14.63940446306082
40.61097686739724  -16.071559330859408  43.45275585949419
28.238927932034457  18.37735030191943  43.66708960981689
-14.423778837174355  -20.43809505550909  -17.421068566642912
-47.647431136694294  -12.913480866932257  -4.5660589687280915
-40.99449237799067  56.254990389659376  23.745508888568995
-40.42274756658322  -33.89925529080363  -52.82205686327601
67.81803375997397  8.360368151959438  36.59954562481127
-3.4038552532374045  -1.9480973285022727  2.905548122891743
0.31795094010195935  -1.1824494738005193  -6.242019934795746
17.725156335500646  -7.7955991681781605  4.825911835808209
