C   2.9929992543  -3.9946887565  -0.4491417187
O   0.6121754810  -2.7846264943  -0.8315142595
C   0.0506538168  -0.6636895674  0.4514345584
C   1.8776150005  1.5576166831  -0.1124543892
F   4.0994600695  1.1209082135  0.9776846052
F   2.2523968838  1.7788567366  -2.5790964978
F   1.0035042413  3.7331141883  0.7577522955
C   -2.7329998278  -0.0449445324  -0.1811134382
F   -4.1508599710  -2.0659541518  0.1987047447
F   -3.5955157717  1.7996000678  1.2735573933
F   -2.9572846560  0.6596801199  -2.5762348141
F   0.1595519692  -1.0108722785  3.0068571971
H   2.7659927041  -5.8646892817  -1.2396595215
H   4.4806048647  -2.9948181308  -1.4416256266
H   3.4251142338  -4.1272396563  1.5480248344
momentum
-33.632159658118326  -11.231887327629616  0.2684046530417668
-8.4021957259304  -31.214385866775082  16.257623173308676
-14.12648878611316  2.9282028935578177  29.263527257037275
18.97963234458554  -5.413659194649332  16.255610147591735
58.933865073392724  9.404265882545584  0.7787580800602384
4.034544987139435  24.75333731840441  2.968896437246944
-70.71478567853174  2.184456965888996  2.412714832207363
-0.2002641197449788  -40.79245928619753  -21.49387270623052
18.331460725979724  16.62352359053985  -33.02250976796768
56.499878053768946  28.032894880721372  -1.4989117787820132
-14.115660235936113  -19.494630749064314  16.64192891669084
-5.794057469477562  3.444497947979773  -13.43811037316811
-6.857130522223667  -2.3491068031756632  1.759200840872787
-7.612259532184613  6.858769140542132  -21.140488028060155
3.9698419204232813  16.140469628545574  3.865177970860474
