C   2.9929992543  -3.9946887565  -0.4491417187
O   0.6121754810  -2.7846264943  -0.8315142595
C   0.0506538168  -0.6636895674  0.4514345584
C   1.8776150005  1.5576166831  -0.1124543892
F   4.0994600695  1.1209082135  0.9776846052
F   2.2523968838  1.7788567366  -2.5790964978
F   1.0035042413  3.7331141883  0.7577522955
C   -2.7329998278  -0.0449445324  -0.1811134382
F   -4.1508599710  -2.0659541518  0.1987047447
F   -3.5955157717  1.7996000678  1.2735573933
F   -2.9572846560  0.6596801199  -2.5762348141
F   0.1595519692  -1.0108722785  3.0068571971
H   2.7659927041  -5.8646892817  -1.2396595215
H   4.4806048647  -2.9948181308  -1.4416256266
H   3.4251142338  -4.1272396563  1.5480248344
momentum
14.063286105427968  -31.906146411142497  15.616900729236152
-16.66161760667548  46.736271927545  -23.259224132075698
-7.464471788828093  22.868700582615414  -25.226307310108375
-9.688784676284666  34.53417793037426  3.374796374232851
-3.3903433023567797  -22.075287974139844  57.19034571855299
-11.93229059641054  17.74701029581919  -60.193000114315474
26.761612504526  -27.13176820862951  1.0783997942744992
-6.872468111977809  -0.35917336068358524  -8.821346019298518
-1.4904716477369069  24.701837402578796  -2.9342433647634167
-23.431059968071036  -8.762077189273374  -8.59606264781613
5.84918863937513  -39.93947575711674  42.03323078087113
33.20958228693687  -21.78735976878786  -2.203966773840863
-0.18713570651329875  0.40777323865595466  5.2536822160857515
-4.046362420632615  -7.123411972887586  5.303024828889835
5.396134766172879  12.118652505097375  1.310499139785562
