C   2.9929992543  -3.9946887565  -0.4491417187
O   0.6121754810  -2.7846264943  -0.8315142595
C   0.0506538168  -0.6636895674  0.4514345584
C   1.8776150005  1.5576166831  -0.1124543892
F   4.0994600695  1.1209082135  0.9776846052
F   2.2523968838  1.7788567366  -2.5790964978
F   1.0035042413  3.7331141883  0.7577522955
C   -2.7329998278  -0.0449445324  -0.1811134382
F   -4.1508599710  -2.0659541518  0.1987047447
F   -3.5955157717  1.7996000678  1.2735573933
F   -2.9572846560  0.6596801199  -2.5762348141
F   0.1595519692  -1.0108722785  3.0068571971
H   2.7659927041  -5.8646892817  -1.2396595215
H   4.4806048647  -2.9948181308  -1.4416256266
H   3.4251142338  -4.1272396563  1.5480248344
momentum
-29.45795654318362  -11.063781446362885  15.179469197919593
-73.54019776030097  -30.384203502849424  -45.86910724593438
62.96016323013018  56.21408093969856  12.351241453624336
-3.7671069587478327  14.996328662879732  -2.5192254028436114
18.071515404285993  30.38341142908585  -32.84332818219867
47.94128996848316  -15.526570358325738  21.687634305427004
-15.174766868771561  34.34578141044553  31.475727380559054
-21.595500942899477  -12.436372101537492  59.57828894359599
35.73493363910244  -23.799301179358476  8.753340587169454
-10.91461555513493  -4.664707253552376  -4.7159661395781916
-7.239274016668007  -5.013336474305526  -69.82178333016235
-15.354259126354957  -9.061014090391003  17.92361978231236
8.106768581534  -1.5513694910389701  1.1489674924920958
3.3845072122205098  -7.903412660095776  -4.7065667418228045
1.038770357028098  -13.849857087273806  -7.3693960323611565
