C   2.9929992543  -3.9946887565  -0.4491417187
O   0.6121754810  -2.7846264943  -0.8315142595
C   0.0506538168  -0.6636895674  0.4514345584
C   1.8776150005  1.5576166831  -0.1124543892
F   4.0994600695  1.1209082135  0.9776846052
F   2.2523968838  1.7788567366  -2.5790964978
F   1.0035042413  3.7331141883  0.7577522955
C   -2.7329998278  -0.0449445324  -0.1811134382
F   -4.1508599710  -2.0659541518  0.1987047447
F   -3.5955157717  1.7996000678  1.2735573933
F   -2.9572846560  0.6596801199  -2.5762348141
F   0.1595519692  -1.0108722785  3.0068571971
H   2.7659927041  -5.8646892817  -1.2396595215
H   4.4806048647  -2.9948181308  -1.4416256266
H   3.4251142338  -4.1272396563  1.5480248344
momentum
-50.21942897074901  3.7803884151494747  2.4999549468368776
-16.73145879362833  5.550440534059141  -6.605551643214886
34.328411377265674  1.7082499813248926  21.585599373146078
-22.262975372902908  19.930757010521457  -3.130605046245291
14.09771713321655  31.531818028503945  -19.207374960078706
24.49643694010904  -35.840738181708616  -0.4703389591318046
29.991730626773098  10.758868395573666  48.289326840834335
-22.507644524874244  -8.233184365927189  2.6776704358068115
-31.23235699905735  -64.10245360729274  -26.149259808130356
21.29304841280264  9.072055755881767  7.161680138311793
-10.169497517772184  -11.713347169491382  -35.17881492250725
28.834985613589367  28.58184547769836  12.210316905495079
4.422240521770429  18.812119492711766  -1.2455796459443818
3.6228832868398624  0.30815374217690095  4.178952199211756
-8.104991222498052  -10.192805498788466  -6.457543399472098
