C   2.9929992543  -3.9946887565  -0.4491417187
O   0.6121754810  -2.7846264943  -0.8315142595
C   0.0506538168  -0.6636895674  0.4514345584
C   1.8776150005  1.5576166831  -0.1124543892
F   4.0994600695  1.1209082135  0.9776846052
F   2.2523968838  1.7788567366  -2.5790964978
F   1.0035042413  3.7331141883  0.7577522955
C   -2.7329998278  -0.0449445324  -0.1811134382
F   -4.1508599710  -2.0659541518  0.1987047447
F   -3.5955157717  1.7996000678  1.2735573933
F   -2.9572846560  0.6596801199  -2.5762348141
F   0.1595519692  -1.0108722785  3.0068571971
H   2.7659927041  -5.8646892817  -1.2396595215
H   4.4806048647  -2.9948181308  -1.4416256266
H   3.4251142338  -4.1272396563  1.5480248344
momentum
14.339557716540714  34.86016081465758  -0.8793252775719947
-15.965052317200053  -0.027518385640209583  30.895336352749197
-11.730625993403564  18.465093405023016  25.097467108096243
72.76261606224391  -0.052310498285294646  -21.828734463166004
6.925275966983794  -41.40938599851947  -29.989226841094368
46.4661951784578  2.5048502362740988  -18.204382278774926
-42.70713154072152  0.026257730660355603  18.85067527297222
39.465734700896334  29.316125179281784  2.9622268152704896
39.03276085074225  24.35659331098369  -0.9341572265789185
-70.83589459663844  17.14520180409626  42.754332064123105
-38.98154072276351  -49.626452465049695  -33.441851992699526
-38.870346052352424  -37.57601207130125  -5.76671081208699
-2.5198166513011877  -3.944101028950096  -12.82385148880393
2.103562998777577  1.969680363783362  -4.291681543673261
0.18424164472437385  4.217029800748369  7.627906900467321
