C   2.9929992543  -3.9946887565  -0.4491417187
O   0.6121754810  -2.7846264943  -0.8315142595
C   0.0506538168  -0.6636895674  0.4514345584
C   1.8776150005  1.5576166831  -0.1124543892
F   4.0994600695  1.1209082135  0.9776846052
F   2.2523968838  1.7788567366  -2.5790964978
F   1.0035042413  3.7331141883  0.7577522955
C   -2.7329998278  -0.0449445324  -0.1811134382
F   -4.1508599710  -2.0659541518  0.1987047447
F   -3.5955157717  1.7996000678  1.2735573933
F   -2.9572846560  0.6596801199  -2.5762348141
F   0.1595519692  -1.0108722785  3.0068571971
H   2.7659927041  -5.8646892817  -1.2396595215
H   4.4806048647  -2.9948181308  -1.4416256266
H   3.4251142338  -4.1272396563  1.5480248344
momentum
3.264813473235922  2.033556523455518  -16.72926107553451
33.54173165450598  33.65035043664045  4.1732794815741965
-16.995594445573065  -3.3544280182531225  -12.41311281098121
39.38786024796698  18.89810484618074  43.87274869282749
0.9316290063036095  21.269924421720578  4.579088158882251
-19.68579879803066  -38.79418952496594  1.7480152388517458
39.15251539854804  15.50175454856479  11.335578726425346
-52.71521256834664  -30.264187426636617  -23.23393904069501
-12.827843453574571  10.433448560732575  12.662974457751133
22.098798161522318  6.689152947536516  -28.427232096521927
-35.443987238690454  -24.51954860095999  12.526440199052203
-0.3644588838846854  -3.5069614622276397  -5.35796786993577
0.16094489562231362  -2.8355118648914854  -16.854126208258936
4.901196285624939  -5.631604124283424  10.76659420264316
-5.303061042157288  0.3356801657161756  1.3227123942078136
