C   2.9929992543  -3.9946887565  -0.4491417187
O   0.6121754810  -2.7846264943  -0.8315142595
C   0.0506538168  -0.6636895674  0.4514345584
C   1.8776150005  1.5576166831  -0.1124543892
F   4.0994600695  1.1209082135  0.9776846052
F   2.2523968838  1.7788567366  -2.5790964978
F   1.0035042413  3.7331141883  0.7577522955
C   -2.7329998278  -0.0449445324  -0.1811134382
F   -4.1508599710  -2.0659541518  0.1987047447
F   -3.5955157717  1.7996000678  1.2735573933
F   -2.9572846560  0.6596801199  -2.5762348141
F   0.1595519692  -1.0108722785  3.0068571971
H   2.7659927041  -5.8646892817  -1.2396595215
H   4.4806048647  -2.9948181308  -1.4416256266
H   3.4251142338  -4.1272396563  1.5480248344
momentum
10.24108867402484  -16.986616626362153  25.11334951764007
22.33633301659856  -21.329785915113234  -42.8701354758912
42.76981649859402  -53.51706512650938  3.1695006955713656
-32.11781388220676  14.055320415457981  21.39871777295909
-47.13243965831393  -24.061183809045463  -56.07138185232934
52.97064466231504  -23.421340015447544  12.747152972807278
-66.27818029728523  60.38082687027869  -10.65773359016265
-13.888552179754916  15.068311680166852  -4.64035347353446
27.19416306743769  -1.5206073909235196  -24.961469357719835
-7.908582734820352  36.18427867794138  52.32524801109478
27.22733405068761  12.983518079312542  33.10690920256656
-5.610332437261314  18.737459458452776  -7.743833173560226
-8.33029037698619  -8.345788027836402  2.7992525326809075
-5.941356846002287  -0.620927020018666  2.077803094432581
4.560942817340814  -7.890533907114067  -5.796367410113435
