C   2.9929992543  -3.9946887565  -0.4491417187
O   0.6121754810  -2.7846264943  -0.8315142595
C   0.0506538168  -0.6636895674  0.4514345584
C   1.8776150005  1.5576166831  -0.1124543892
F   4.0994600695  1.1209082135  0.9776846052
F   2.2523968838  1.7788567366  -2.5790964978
F   1.0035042413  3.7331141883  0.7577522955
C   -2.7329998278  -0.0449445324  -0.1811134382
F   -4.1508599710  -2.0659541518  0.1987047447
F   -3.5955157717  1.7996000678  1.2735573933
F   -2.9572846560  0.6596801199  -2.5762348141
F   0.1595519692  -1.0108722785  3.0068571971
H   2.7659927041  -5.8646892817  -1.2396595215
H   4.4806048647  -2.9948181308  -1.4416256266
H   3.4251142338  -4.1272396563  1.5480248344
momentum
0.37476972931495867  20.196231955712154  -5.591003454584469
47.22767285912532  1.848797695560231  -16.555863750900635
-21.874113656918972  54.35208411982298  -3.3264088071214526
12.332600576841134  -18.811185738906243  -4.9974271863510475
-7.307611996614736  55.340279810719316  -4.365776549352164
45.087202356377304  -16.59451712207269  27.075973247170552
44.41748119450397  -41.327306185811075  -20.163351651468567
-43.63005646867847  -8.100008278600127  11.12007772601598
-37.67314351127545  32.38447523730043  -39.06888391139749
-4.743316156335541  -34.68475014639944  -0.2677197729522658
-52.70439893489195  -29.09383283905104  25.320461386106373
25.050656116352496  -2.045839753628018  31.413622827052762
-15.609019496377787  -1.4008466008424159  -12.55510264963741
8.786908529303245  -13.523393041770076  15.779679346280517
0.48126707768519705  1.1924211172525574  -3.710935448877172
