C   2.9929992543  -3.9946887565  -0.4491417187
O   0.6121754810  -2.7846264943  -0.8315142595
C   0.0506538168  -0.6636895674  0.4514345584
C   1.8776150005  1.5576166831  -0.1124543892
F   4.0994600695  1.1209082135  0.9776846052
F   2.2523968838  1.7788567366  -2.5790964978
F   1.0035042413  3.7331141883  0.7577522955
C   -2.7329998278  -0.0449445324  -0.1811134382
F   -4.1508599710  -2.0659541518  0.1987047447
F   -3.5955157717  1.7996000678  1.2735573933
F   -2.9572846560  0.6596801199  -2.5762348141
F   0.1595519692  -1.0108722785  3.0068571971
H   2.7659927041  -5.8646892817  -1.2396595215
H   4.4806048647  -2.9948181308  -1.4416256266
H   3.4251142338  -4.1272396563  1.5480248344
momentum
1.4999467679835632  51.67385499119778  12.566751445191422
1.8945474619227822  28.630555468816688  -23.768433137501564
40.66597510051939  -38.98228452360035  -26.882565200958243
-28.656476586308344  -16.88651874659184  -35.49770774411716
-61.25536902370044  -39.29212101721002  -25.913141046109413
-13.408407462924409  -36.11611005294384  56.36460169063309
-5.127058504969317  12.856497067224158  -12.851693442408374
48.04340590112384  -23.680202212352903  -8.881027884210404
-9.693821445054105  -9.134452788005692  5.011611295801816
1.683360596729598  33.631983607686784  28.69644548193176
12.484461349299092  32.096408820166126  -17.79758713807059
7.816435420109618  -1.9761791062045773  40.12067238945329
-1.1288211399702415  2.7118754898669915  4.013524377541104
10.328672099840349  4.528516250750394  1.124334991022811
-4.641136622057462  -0.3630212292157694  3.629334922535138
