C   2.9929992543  -3.9946887565  -0.4491417187
O   0.6121754810  -2.7846264943  -0.8315142595
C   0.0506538168  -0.6636895674  0.4514345584
C   1.8776150005  1.5576166831  -0.1124543892
F   4.0994600695  1.1209082135  0.9776846052
F   2.2523968838  1.7788567366  -2.5790964978
F   1.0035042413  3.7331141883  0.7577522955
C   -2.7329998278  -0.0449445324  -0.1811134382
F   -4.1508599710  -2.0659541518  0.1987047447
F   -3.5955157717  1.7996000678  1.2735573933
F   -2.9572846560  0.6596801199  -2.5762348141
F   0.1595519692  -1.0108722785  3.0068571971
H   2.7659927041  -5.8646892817  -1.2396595215
H   4.4806048647  -2.9948181308  -1.4416256266
H   3.4251142338  -4.1272396563  1.5480248344
momentum
-23.282390741607053  -27.700723664075287  -0.9767541280253857
-16.06693063113705  -37.0873704466899  6.705510004509886
-1.2130834939153836  43.527246304957025  -28.284729307785717
18.739383687609013  33.07740788415433  -21.427478791909795
-13.40405951526962  67.44389054449888  21.129273728941737
39.38684672729767  -33.83022477251361  13.898428193046199
4.814424992830125  -26.58582289331046  -9.73146551224998
11.096325582175004  -3.2768671781354115  0.0486829654095237
24.725384735651033  -7.641215652431148  24.59288246250515
-49.03893970531388  27.743518355030123  7.5434616620490385
-15.841450037636283  24.392799850590244  26.668236313689423
6.314558957147734  -69.26273898302885  -52.4168930821734
1.305492618126283  -3.4254150129724352  16.21341236093746
16.609985724958683  16.01005312669697  -4.273251783473515
-4.248101879375162  -2.8467040366234633  0.4406217337004233
