C   2.9929992543  -3.9946887565  -0.4491417187
O   0.6121754810  -2.7846264943  -0.8315142595
C   0.0506538168  -0.6636895674  0.4514345584
C   1.8776150005  1.5576166831  -0.1124543892
F   4.0994600695  1.1209082135  0.9776846052
F   2.2523968838  1.7788567366  -2.5790964978
F   1.0035042413  3.7331141883  0.7577522955
C   -2.7329998278  -0.0449445324  -0.1811134382
F   -4.1508599710  -2.0659541518  0.1987047447
F   -3.5955157717  1.7996000678  1.2735573933
F   -2.9572846560  0.6596801199  -2.5762348141
F   0.1595519692  -1.0108722785  3.0068571971
H   2.7659927041  -5.8646892817  -1.2396595215
H   4.4806048647  -2.9948181308  -1.4416256266
H   3.4251142338  -4.1272396563  1.5480248344
momentum
-14.628883605352833  0.2886512197975668  -17.4582154392187
-13.73790735414826  -19.095491337723697  34.05398997085057
-8.24491040950657  -7.667010816956617  15.93717970788629
-22.244329334076294  8.106322122572537  14.375797633988917
-17.45611887563745  -21.202279149147163  2.616631070480397
34.42844286482761  68.74784803483112  -19.270195488970746
-42.18730601150394  -29.797057207129022  -48.901761609589435
-8.674813026998272  -36.96870446116381  -35.55575811875805
45.15695382589968  25.885040436450435  34.02459401391427
42.66176925523442  -3.395934835899807  2.194442755493636
14.640116539889934  34.28413279802882  9.512967785270982
-11.251484614795542  -12.902345123021963  -1.1363315830190432
9.904208830551214  -0.6234595283981741  10.769580980140912
-6.547419010999526  1.911170280232452  3.00355151624744
-2.0988050488486087  -7.287432586906266  -3.5876552478781125
