C   2.9929992543  -3.9946887565  -0.4491417187
O   0.6121754810  -2.7846264943  -0.8315142595
C   0.0506538168  -0.6636895674  0.4514345584
C   1.8776150005  1.5576166831  -0.1124543892
F   4.0994600695  1.1209082135  0.9776846052
F   2.2523968838  1.7788567366  -2.5790964978
F   1.0035042413  3.7331141883  0.7577522955
C   -2.7329998278  -0.0449445324  -0.1811134382
F   -4.1508599710  -2.0659541518  0.1987047447
F   -3.5955157717  1.7996000678  1.2735573933
F   -2.9572846560  0.6596801199  -2.5762348141
F   0.1595519692  -1.0108722785  3.0068571971
H   2.7659927041  -5.8646892817  -1.2396595215
H   4.4806048647  -2.9948181308  -1.4416256266
H   3.4251142338  -4.1272396563  1.5480248344
momentum
-44.26795842493392  28.723014507521388  -23.795072105665234
-5.600005457572921  43.42545015030871  -0.33358245451724944
26.70762840000497  -30.573463830968134  -8.252036134683724
-17.021795034346923  29.60903936505808  12.706723565621814
18.223105485761913  -1.2746525316880568  14.766947442859859
-5.020945339534716  -19.68824643786853  -36.917211857599824
-0.2178038178267459  -16.53987876264626  -7.720312492765196
7.119600316144409  21.2546305791078  -26.078836852194957
57.969682500899  -41.83558855105819  -14.127865114393655
-25.975313917453384  91.15561320430164  19.81657470915316
8.534202174496796  -41.13553205974102  32.66479831407406
-36.04491744458057  -50.735653659621406  23.344558048608906
6.553326446524338  -3.2366021123740953  3.59361663580556
-0.3906146654727875  -5.025644319701905  -8.418126440526832
9.0773259380621  -2.936699057440907  18.3019737569687
