C   2.9929992543  -3.9946887565  -0.4491417187
O   0.6121754810  -2.7846264943  -0.8315142595
C   0.0506538168  -0.6636895674  0.4514345584
C   1.8776150005  1.5576166831  -0.1124543892
F   4.0994600695  1.1209082135  0.9776846052
F   2.2523968838  1.7788567366  -2.5790964978
F   1.0035042413  3.7331141883  0.7577522955
C   -2.7329998278  -0.0449445324  -0.1811134382
F   -4.1508599710  -2.0659541518  0.1987047447
F   -3.5955157717  1.7996000678  1.2735573933
F   -2.9572846560  0.6596801199  -2.5762348141
F   0.1595519692  -1.0108722785  3.0068571971
H   2.7659927041  -5.8646892817  -1.2396595215
H   4.4806048647  -2.9948181308  -1.4416256266
H   3.4251142338  -4.1272396563  1.5480248344
momentum
-9.242960874447883  17.499107033698387  -0.6239640329684736
-51.72186244317862  -2.6020606415743255  -1.0593242047823666
30.05709058851107  9.816464943778412  22.069664341534697
29.267414738970075  -34.31615821902152  62.95213435507139
-46.19159162452747  -47.02164610587903  43.48640856625929
0.9433851973950917  22.666650260419676  -29.461293623164927
-31.355426787337944  27.75660796520487  -40.79919132945534
2.2871452984379963  -11.392452644338153  -8.477863761664029
1.51584616620272  1.5679063180506485  36.10911548829663
33.714445004576305  -19.6206261390012  22.661792685054138
30.314531830395875  -15.641857013682612  -23.355231136642512
6.397051311054894  32.930687841953734  -68.08324265534037
-2.0359715907639506  0.8213787097843172  -2.519596438789792
0.41457949351718437  16.546246230729828  -6.734636980844805
5.619969504987052  0.09360586875868497  -5.725678453818282
