C   2.9929992543  -3.9946887565  -0.4491417187
O   0.6121754810  -2.7846264943  -0.8315142595
C   0.0506538168  -0.6636895674  0.4514345584
C   1.8776150005  1.5576166831  -0.1124543892
F   4.0994600695  1.1209082135  0.9776846052
F   2.2523968838  1.7788567366  -2.5790964978
F   1.0035042413  3.7331141883  0.7577522955
C   -2.7329998278  -0.0449445324  -0.1811134382
F   -4.1508599710  -2.0659541518  0.1987047447
F   -3.5955157717  1.7996000678  1.2735573933
F   -2.9572846560  0.6596801199  -2.5762348141
F   0.1595519692  -1.0108722785  3.0068571971
H   2.7659927041  -5.8646892817  -1.2396595215
H   4.4806048647  -2.9948181308  -1.4416256266
H   3.4251142338  -4.1272396563  1.5480248344
momentum
-31.105448408444477  20.867502872715015  -21.785479963354973
12.114016028108287  -5.818267819976545  -44.90272184443203
-26.20407493713881  -6.550185721291592  -11.488831962528382
-1.4467022958145477  -4.448865387372579  0.6042315141375487
57.46535734307768  0.20336947646702244  31.561738617447435
52.549806350374304  -2.4474831693311474  66.39391726724995
-32.0156309114224  -20.965862252766186  -33.91204052389525
7.545285328092443  -7.8812041143143965  -18.415263985983632
-40.55161459520308  21.815807234170293  37.15961678489804
-20.866839795248584  -20.42487749170293  -15.207403123746026
-11.534529909196642  -32.98977210992231  38.274902675397165
26.82381816985689  58.80829124291806  -24.016548997311794
-5.794109965467559  -1.2351685807659465  -0.11304625336248106
4.07472652686481  4.4159665675674304  4.888279282480545
8.694448055936597  -3.511528460134866  -8.73678114158591
