C   2.9929992543  -3.9946887565  -0.4491417187
O   0.6121754810  -2.7846264943  -0.8315142595
C   0.0506538168  -0.6636895674  0.4514345584
C   1.8776150005  1.5576166831  -0.1124543892
F   4.0994600695  1.1209082135  0.9776846052
F   2.2523968838  1.7788567366  -2.5790964978
F   1.0035042413  3.7331141883  0.7577522955
C   -2.7329998278  -0.0449445324  -0.1811134382
F   -4.1508599710  -2.0659541518  0.1987047447
F   -3.5955157717  1.7996000678  1.2735573933
F   -2.9572846560  0.6596801199  -2.5762348141
F   0.1595519692  -1.0108722785  3.0068571971
H   2.7659927041  -5.8646892817  -1.2396595215
H   4.4806048647  -2.9948181308  -1.4416256266
H   3.4251142338  -4.1272396563  1.5480248344
momentum
-3.5330523592318896  -28.894612409686722  0.7913829614489128
4.911263576981749  -38.42510103035308  -28.12667860859742
9.367861299398932  14.076907401671209  15.401999329182006
-20.53377831389853  -1.8645573288222896  -16.811443220255182
-27.030136616551996  1.8372805984385918  -12.261395938315035
27.04142138341252  -8.726632915636767  -36.1276465282132
-62.759693982690706  -24.318555069986523  37.41235485159331
2.17566996051789  40.552326093878186  1.9473475888750655
59.372322159027625  23.844222152041333  19.137688113175418
-1.744808527231867  15.650437492726775  -1.4500540730075397
39.731526441482366  -5.123625137089382  35.60584821914618
-39.044710910789185  -1.7496525681812338  -23.737888711814517
-9.57068891740872  3.6332034341370987  7.166281446395444
-0.8893448807083326  10.540917373678969  1.477748394858901
22.24210030668815  -1.869851690148033  -0.0942366630841934
