C   2.9929992543  -3.9946887565  -0.4491417187
O   0.6121754810  -2.7846264943  -0.8315142595
C   0.0506538168  -0.6636895674  0.4514345584
C   1.8776150005  1.5576166831  -0.1124543892
F   4.0994600695  1.1209082135  0.9776846052
F   2.2523968838  1.7788567366  -2.5790964978
F   1.0035042413  3.7331141883  0.7577522955
C   -2.7329998278  -0.0449445324  -0.1811134382
F   -4.1508599710  -2.0659541518  0.1987047447
F   -3.5955157717  1.7996000678  1.2735573933
F   -2.9572846560  0.6596801199  -2.5762348141
F   0.1595519692  -1.0108722785  3.0068571971
H   2.7659927041  -5.8646892817  -1.2396595215
H   4.4806048647  -2.9948181308  -1.4416256266
H   3.4251142338  -4.1272396563  1.5480248344
momentum
-14.520988439720261  -27.610492072462648  8.530506841253471
-27.894065652166407  -7.634661695272804  -15.731778951213153
-13.954417735265318  -45.282667143214326  26.59396660994273
50.154020873308546  7.185713913409991  -10.745857632294024
-0.8930896221543668  64.26842062004627  -34.43380115530652
-12.716554801508618  -13.138955275959983  60.37790427356331
-31.825745930769234  -11.4483582899967  8.437355123291928
-46.696103954337225  19.039105336469913  -11.04928102924796
53.300805687757574  -44.24239920857306  -21.2868675759343
35.040288932746  53.30677148127264  1.9997018572846075
8.042983808545484  3.6471551909664193  13.498435197948336
2.4669976406221177  14.386887041522884  -26.582219638312402
-1.6667640878773  -6.993106892888552  -3.855275689392682
-5.151295887216897  -3.865927824645678  21.27837912828726
6.885582231665152  -2.1514863454432116  -16.50769468716037
