C   2.9929992543  -3.9946887565  -0.4491417187
O   0.6121754810  -2.7846264943  -0.8315142595
C   0.0506538168  -0.6636895674  0.4514345584
C   1.8776150005  1.5576166831  -0.1124543892
F   4.0994600695  1.1209082135  0.9776846052
F   2.2523968838  1.7788567366  -2.5790964978
F   1.0035042413  3.7331141883  0.7577522955
C   -2.7329998278  -0.0449445324  -0.1811134382
F   -4.1508599710  -2.0659541518  0.1987047447
F   -3.5955157717  1.7996000678  1.2735573933
F   -2.9572846560  0.6596801199  -2.5762348141
F   0.1595519692  -1.0108722785  3.0068571971
H   2.7659927041  -5.8646892817  -1.2396595215
H   4.4806048647  -2.9948181308  -1.4416256266
H   3.4251142338  -4.1272396563  1.5480248344
momentum
-25.69553303047488  -31.817770729104186  30.243040518362967
44.4683011614519  0.6348426921249163  -16.027721070668786
7.831256755934418  -1.4241679201763002  0.22615519667513223
-13.76755915151407  -15.121832854833405  -11.079653849123282
0.32427925818389447  -6.712547747982168  11.538968286739255
-34.60310278604206  41.230675545415664  34.107023765976045
-32.00375794508919  -30.440219033563444  -41.076153747051094
-8.631416384689414  3.8070945856570257  45.057393491305724
10.51299553155849  23.963123411616753  -12.707366978259337
56.61225760719555  -13.332913113018316  13.852719595069106
-7.857095736576089  11.710319055898744  -36.6581778591706
-3.5061144988155863  17.930373050403436  -14.643873948376703
0.9755711693726423  -7.017960203880697  -4.698960702912887
3.340180184646476  5.846516405009662  4.143646095993134
2.0270636148588737  0.4836239409643528  -2.204061913991922
