C   2.9929992543  -3.9946887565  -0.4491417187
O   0.6121754810  -2.7846264943  -0.8315142595
C   0.0506538168  -0.6636895674  0.4514345584
C   1.8776150005  1.5576166831  -0.1124543892
F   4.0994600695  1.1209082135  0.9776846052
F   2.2523968838  1.7788567366  -2.5790964978
F   1.0035042413  3.7331141883  0.7577522955
C   -2.7329998278  -0.0449445324  -0.1811134382
F   -4.1508599710  -2.0659541518  0.1987047447
F   -3.5955157717  1.7996000678  1.2735573933
F   -2.9572846560  0.6596801199  -2.5762348141
F   0.1595519692  -1.0108722785  3.0068571971
H   2.7659927041  -5.8646892817  -1.2396595215
H   4.4806048647  -2.9948181308  -1.4416256266
H   3.4251142338  -4.1272396563  1.5480248344
momentum
19.69033763631844  0.5781411696562795  23.23211194545918
-30.314597732262428  9.693562552819316  -26.448957217782294
21.976947729554652  44.99991496770539  -52.49423234268644
47.947969123811845  -14.915956141333405  -10.854898376997404
-22.280220543911202  -52.825040472908405  10.595678140423395
-12.60178559646117  12.341078906372836  15.569266178706979
-42.23110037072229  -5.0849576200171285  17.921727747089395
-15.259361580782269  6.120376145810649  -15.931313147568291
-7.580409144734708  8.494626365126464  -8.499470994886561
-13.632214531406433  0.3683229521965666  30.56437013975747
-17.562291625454392  -22.418136430330527  -19.753133380858394
62.45944390021022  22.90638908298405  23.887232130259743
-4.988489364721696  -7.075315683696401  -1.2676332062445117
15.679432209996245  -10.252035682754798  -1.4326135948832965
-1.2318681722311025  7.92532400132696  14.796097569352602
