C   2.9929992543  -3.9946887565  -0.4491417187
O   0.6121754810  -2.7846264943  -0.8315142595
C   0.0506538168  -0.6636895674  0.4514345584
C   1.8776150005  1.5576166831  -0.1124543892
F   4.0994600695  1.1209082135  0.9776846052
F   2.2523968838  1.7788567366  -2.5790964978
F   1.0035042413  3.7331141883  0.7577522955
C   -2.7329998278  -0.0449445324  -0.1811134382
F   -4.1508599710  -2.0659541518  0.1987047447
F   -3.5955157717  1.7996000678  1.2735573933
F   -2.9572846560  0.6596801199  -2.5762348141
F   0.1595519692  -1.0108722785  3.0068571971
H   2.7659927041  -5.8646892817  -1.2396595215
H   4.4806048647  -2.9948181308  -1.4416256266
H   3.4251142338  -4.1272396563  1.5480248344
momentum
24.280167633485565  11.846122393687034  6.8201288020489
-28.2445293368358  4.710952629282354  -53.219463470626295
45.11680136117274  -0.4383601002058705  -18.42405288272969
7.99081520786816  14.370205373038312  -2.762777393487645
-15.942404854741502  12.617482058735632  6.938416230647122
21.504222849290343  -45.736907947094586  -26.21641269363533
-56.08652030336057  -7.068333468331511  -5.093755428717422
-11.728893424645932  27.340176222416954  8.253368559831603
45.922865175252404  21.50806940283941  18.92330040178344
-35.810576298228376  54.49334825189327  -36.30341128029511
22.754853401255893  -9.512092705470723  59.02322379642468
-9.07505349565712  -100.19515004727494  27.051784225197736
-18.447701412719322  7.530307655459612  6.495620106475683
-7.391944114119148  -0.23241076238947458  3.4908607505341025
15.530918808507645  7.890897264361197  4.890592888726632
