C   2.9929992543  -3.9946887565  -0.4491417187
O   0.6121754810  -2.7846264943  -0.8315142595
C   0.0506538168  -0.6636895674  0.4514345584
C   1.8776150005  1.5576166831  -0.1124543892
F   4.0994600695  1.1209082135  0.9776846052
F   2.2523968838  1.7788567366  -2.5790964978
F   1.0035042413  3.7331141883  0.7577522955
C   -2.7329998278  -0.0449445324  -0.1811134382
F   -4.1508599710  -2.0659541518  0.1987047447
F   -3.5955157717  1.7996000678  1.2735573933
F   -2.9572846560  0.6596801199  -2.5762348141
F   0.1595519692  -1.0108722785  3.0068571971
H   2.7659927041  -5.8646892817  -1.2396595215
H   4.4806048647  -2.9948181308  -1.4416256266
H   3.4251142338  -4.1272396563  1.5480248344
momentum
20.491546092219945  -0.4150407443950918  -33.25119742010826
6.431872233776281  22.515248614783314  18.545367587359404
-5.61594924138958  -16.394140370990183  14.445327633159755
-6.320677931169784  -22.030114569276137  -63.0395930556944
33.711741146108906  37.01823802456109  64.74489304840539
20.750395842622844  -0.8707376762973836  15.674011842957963
49.221001683624976  -38.483056757164654  -67.96790963315482
-3.063516240628557  -28.486260756848  65.18588032570408
-19.242688674094442  34.18631570411345  -20.916629774533963
-71.86321608067342  -12.213594980437394  38.04955908984053
-12.099504313421898  9.62307744283434  -36.49333614431768
-10.202101932363075  8.13796204934542  11.718053337641761
-0.8455346949780809  -4.197845382950225  -13.980750421723021
4.0479497906371495  19.745433468419538  -1.6609939114418757
-5.902608573922784  -8.406097413596207  8.591352799229826
