C   2.9929992543  -3.9946887565  -0.4491417187
O   0.6121754810  -2.7846264943  -0.8315142595
C   0.0506538168  -0.6636895674  0.4514345584
C   1.8776150005  1.5576166831  -0.1124543892
F   4.0994600695  1.1209082135  0.9776846052
F   2.2523968838  1.7788567366  -2.5790964978
F   1.0035042413  3.7331141883  0.7577522955
C   -2.7329998278  -0.0449445324  -0.1811134382
F   -4.1508599710  -2.0659541518  0.1987047447
F   -3.5955157717  1.7996000678  1.2735573933
F   -2.9572846560  0.6596801199  -2.5762348141
F   0.1595519692  -1.0108722785  3.0068571971
H   2.7659927041  -5.8646892817  -1.2396595215
H   4.4806048647  -2.9948181308  -1.4416256266
H   3.4251142338  -4.1272396563  1.5480248344
momentum
37.83519671797297  -6.64920267340306  -4.087370287123741
-4.07528519908018  1.6609537807277193  3.850579527963515
22.844336024440704  -7.425333937228267  6.583195571436638
-5.124846865845137  -18.236265507902544  14.564500797349424
26.506907349243956  19.05770166931259  -4.7002382303022525
-26.27227631498295  0.07978297877795017  11.207399964968625
-27.379629054826456  -4.059068152790228  -42.284222599943284
11.43327448824866  5.6996101481357355  2.765152124993166
7.678515992990072  55.21281508891928  -0.6521755958958505
-3.918453160572171  -6.227209906248037  12.010291879914929
-16.870480234665912  11.068054374022964  -23.093912328116133
-28.885649441764052  -29.485212886421486  32.32305644411387
7.308175486584995  -3.574575467055592  -10.375547926085948
6.153562555238547  -11.531167673791275  6.687687090258557
-6.961920437660212  -5.238931522912756  -4.618811841940256
