C   2.9929992543  -3.9946887565  -0.4491417187
O   0.6121754810  -2.7846264943  -0.8315142595
C   0.0506538168  -0.6636895674  0.4514345584
C   1.8776150005  1.5576166831  -0.1124543892
F   4.0994600695  1.1209082135  0.9776846052
F   2.2523968838  1.7788567366  -2.5790964978
F   1.0035042413  3.7331141883  0.7577522955
C   -2.7329998278  -0.0449445324  -0.1811134382
F   -4.1508599710  -2.0659541518  0.1987047447
F   -3.5955157717  1.7996000678  1.2735573933
F   -2.9572846560  0.6596801199  -2.5762348141
F   0.1595519692  -1.0108722785  3.0068571971
H   2.7659927041  -5.8646892817  -1.2396595215
H   4.4806048647  -2.9948181308  -1.4416256266
H   3.4251142338  -4.1272396563  1.5480248344
momentum
26.394852278664224  11.177174548045883  -42.197196015574036
-10.110476188467302  -8.363652334680882  20.270089885756924
-25.603390221294656  -11.646222689325498  -31.43446214962282
-22.53605177243872  7.607486492306186  -12.31273693908902
22.80786387610431  5.140711148989881  30.583373220953934
-3.4305596814658053  -25.790710134296287  -11.870774420135
-6.5122494325215285  -15.024482534231138  -10.621129449916218
4.620244323282052  11.624976050458596  1.6872366430240335
-22.035060746553338  -21.156761293716215  35.33534491859658
28.389987960262047  -25.36359830328946  -36.205350412028515
38.26811335120754  44.89834150436263  3.368901801437179
-14.09730200938657  -6.367085961361654  52.964440662698266
-8.765206249142052  13.614045918080453  6.842837830192666
-1.1829801526305332  8.77869347026986  -15.759407861305531
-6.549678609016181  10.673344374565408  8.926368762597864
