C   2.9929992543  -3.9946887565  -0.4491417187
O   0.6121754810  -2.7846264943  -0.8315142595
C   0.0506538168  -0.6636895674  0.4514345584
C   1.8776150005  1.5576166831  -0.1124543892
F   4.0994600695  1.1209082135  0.9776846052
F   2.2523968838  1.7788567366  -2.5790964978
F   1.0035042413  3.7331141883  0.7577522955
C   -2.7329998278  -0.0449445324  -0.1811134382
F   -4.1508599710  -2.0659541518  0.1987047447
F   -3.5955157717  1.7996000678  1.2735573933
F   -2.9572846560  0.6596801199  -2.5762348141
F   0.1595519692  -1.0108722785  3.0068571971
H   2.7659927041  -5.8646892817  -1.2396595215
H   4.4806048647  -2.9948181308  -1.4416256266
H   3.4251142338  -4.1272396563  1.5480248344
momentum
20.050292151894073  27.706658301783413  3.4016460213872537
-32.06315300739936  11.002416321893902  -32.9160048281096
2.44744226163902  -26.2595402991156  53.204841234704986
-34.768805007940365  -17.915930936299734  8.566444972595121
-16.84469703482942  -35.5869802884549  -11.951239908254811
5.772525806274905  -7.409749359926646  -34.10078331315648
6.657932578881089  64.774409351509  40.80497659619183
-21.979418950710162  -19.838478744969283  -31.302498731229072
-12.173287239763722  11.236859284986602  13.403487053661788
27.888881767681614  -15.000630556641859  -14.98869300640478
22.02346175128001  -0.6492822635823011  -10.046235962637864
15.379204863189978  28.18488410848099  26.296373883588995
10.74188338773097  -9.307879030277498  9.928356808337583
5.81606966923387  -0.23297798209492698  0.6241272999867109
0.9874702593479088  -10.841684383194506  -20.344513696187644
