C   2.9929992543  -3.9946887565  -0.4491417187
O   0.6121754810  -2.7846264943  -0.8315142595
C   0.0506538168  -0.6636895674  0.4514345584
C   1.8776150005  1.5576166831  -0.1124543892
F   4.0994600695  1.1209082135  0.9776846052
F   2.2523968838  1.7788567366  -2.5790964978
F   1.0035042413  3.7331141883  0.7577522955
C   -2.7329998278  -0.0449445324  -0.1811134382
F   -4.1508599710  -2.0659541518  0.1987047447
F   -3.5955157717  1.7996000678  1.2735573933
F   -2.9572846560  0.6596801199  -2.5762348141
F   0.1595519692  -1.0108722785  3.0068571971
H   2.7659927041  -5.8646892817  -1.2396595215
H   4.4806048647  -2.9948181308  -1.4416256266
H   3.4251142338  -4.1272396563  1.5480248344
momentum
-1.9300149918902856  -5.478662032847495  6.421727429179516
-16.96409979272536  10.137692689040598  2.096877359221197
15.260424197946586  27.75126254971811  -1.7091018045854252
32.684793935810774  -15.722240012889207  -19.22836455721194
-14.83483370848143  -4.443232924905992  -33.94369320374938
-9.986604380210416  5.959975201117747  -0.5707527779658136
-15.294802727698183  6.984321974792547  33.34823276272849
4.332784553957894  -8.667438758608428  10.264237063404869
-30.974442190587688  -16.015738410313475  17.15692130190098
24.985376119965736  -41.46538430529139  -32.84450370423301
7.596538950405789  45.72251945591006  -18.044036966540954
-4.168359312689288  -0.6001209411488748  17.680452743019707
8.383070727216639  -4.688468666675365  6.392179415297899
-4.008067875178036  5.944787867116676  -0.4458946883030434
5.057688916463259  -5.471049057594796  13.302989137095864
