C   2.9929992543  -3.9946887565  -0.4491417187
O   0.6121754810  -2.7846264943  -0.8315142595
C   0.0506538168  -0.6636895674  0.4514345584
C   1.8776150005  1.5576166831  -0.1124543892
F   4.0994600695  1.1209082135  0.9776846052
F   2.2523968838  1.7788567366  -2.5790964978
F   1.0035042413  3.7331141883  0.7577522955
C   -2.7329998278  -0.0449445324  -0.1811134382
F   -4.1508599710  -2.0659541518  0.1987047447
F   -3.5955157717  1.7996000678  1.2735573933
F   -2.9572846560  0.6596801199  -2.5762348141
F   0.1595519692  -1.0108722785  3.0068571971
H   2.7659927041  -5.8646892817  -1.2396595215
H   4.4806048647  -2.9948181308  -1.4416256266
H   3.4251142338  -4.1272396563  1.5480248344
momentum
-17.588949906382336  23.621182800434845  15.671901173042734
28.378404032790375  12.40715211254804  -2.7923330154281336
30.41238461243309  11.834980634982031  -30.189962952443885
9.903316752456982  57.26520771135358  -26.056408395357053
-19.60778377248472  -56.25440206864292  -0.9947900447358614
36.46648388001377  -2.0504924032697334  -29.64533010936702
-42.534092194630425  -11.875866400068581  12.10022780288794
-15.636231730458238  4.109759832125347  5.92341489643752
-23.957264211196605  -1.6218280211116414  -0.16392193506364272
-28.227305033093774  18.727896706158205  62.839615737645175
23.905388227959328  -24.753190908195513  -24.91316912288546
19.505132495964126  -20.91426995277652  5.79208699472586
-9.574765306286153  -2.641423912010348  3.329647937219022
4.748630783204219  -9.356744270718101  11.081703899205387
3.7885556776801916  1.5807926287501526  -2.0057903545824742
