C   2.9929992543  -3.9946887565  -0.4491417187
O   0.6121754810  -2.7846264943  -0.8315142595
C   0.0506538168  -0.6636895674  0.4514345584
C   1.8776150005  1.5576166831  -0.1124543892
F   4.0994600695  1.1209082135  0.9776846052
F   2.2523968838  1.7788567366  -2.5790964978
F   1.0035042413  3.7331141883  0.7577522955
C   -2.7329998278  -0.0449445324  -0.1811134382
F   -4.1508599710  -2.0659541518  0.1987047447
F   -3.5955157717  1.7996000678  1.2735573933
F   -2.9572846560  0.6596801199  -2.5762348141
F   0.1595519692  -1.0108722785  3.0068571971
H   2.7659927041  -5.8646892817  -1.2396595215
H   4.4806048647  -2.9948181308  -1.4416256266
H   3.4251142338  -4.1272396563  1.5480248344
momentum
30.69452388233864  -36.87522322746965  41.63867305558543
-20.94891226470327  -24.958439017436433  17.04299423938258
-23.321698916421237  -4.6586440071256545  -11.910959631609646
-18.077394727621158  5.522593429337081  38.0207701909042
7.901366628137387  -27.967010787196813  -23.190904159948033
46.880843333874175  57.30079304783833  -41.61899583863583
-6.749649700409523  -32.21947584124369  -5.6405071683219985
61.11902477082542  52.75783094589361  -57.7790621774613
-13.106779987018966  -32.900953803259824  -8.31120535232598
-23.640903854518328  -9.584962904877512  -5.35062818278024
-42.096798887595085  10.604024676091377  72.81320886223286
1.8313300274525735  27.09963128111499  0.9610015501029684
8.461435624761812  7.911475347162034  -3.975466913658275
-7.063842161284813  3.796737687556808  -9.802131412215617
-2.00633096772804  4.529188576214383  -2.604995412127067
