C   2.9929992543  -3.9946887565  -0.4491417187
O   0.6121754810  -2.7846264943  -0.8315142595
C   0.0506538168  -0.6636895674  0.4514345584
C   1.8776150005  1.5576166831  -0.1124543892
F   4.0994600695  1.1209082135  0.9776846052
F   2.2523968838  1.7788567366  -2.5790964978
F   1.0035042413  3.7331141883  0.7577522955
C   -2.7329998278  -0.0449445324  -0.1811134382
F   -4.1508599710  -2.0659541518  0.1987047447
F   -3.5955157717  1.7996000678  1.2735573933
F   -2.9572846560  0.6596801199  -2.5762348141
F   0.1595519692  -1.0108722785  3.0068571971
H   2.7659927041  -5.8646892817  -1.2396595215
H   4.4806048647  -2.9948181308  -1.4416256266
H   3.4251142338  -4.1272396563  1.5480248344
momentum
5.036677741756496  26.896900711255014  7.508615472601757
-19.45334244023875  -40.48325100783679  11.095638215615724
-26.38955752000538  5.173701272203349  -35.597180708362785
19.319732526395004  27.084803673311107  0.9009485102689033
-10.677328970444778  -2.3753289257717456  33.013906101985064
7.015685703147752  2.2750983170578287  -37.2008513224289
9.121830228460556  -61.197803377745224  37.17837997948552
45.19749374280171  -2.672878190144695  27.142993634181032
29.202458866047692  28.433630159777913  -14.681205458314174
-37.928065342876565  42.133876639339356  -3.0067199726727525
-25.33986781343316  -44.71090394746046  11.913727710916154
-7.792010679626364  22.179830858864015  -13.109189376794742
4.644168072242355  -4.023468720704433  4.607080492886114
0.6073224244198526  5.817293731006003  -13.53897377131588
7.45910055517845  -4.038750935651925  -16.020870826159967
