C   2.9929992543  -3.9946887565  -0.4491417187
O   0.6121754810  -2.7846264943  -0.8315142595
C   0.0506538168  -0.6636895674  0.4514345584
C   1.8776150005  1.5576166831  -0.1124543892
F   4.0994600695  1.1209082135  0.9776846052
F   2.2523968838  1.7788567366  -2.5790964978
F   1.0035042413  3.7331141883  0.7577522955
C   -2.7329998278  -0.0449445324  -0.1811134382
F   -4.1508599710  -2.0659541518  0.1987047447
F   -3.5955157717  1.7996000678  1.2735573933
F   -2.9572846560  0.6596801199  -2.5762348141
F   0.1595519692  -1.0108722785  3.0068571971
H   2.7659927041  -5.8646892817  -1.2396595215
H   4.4806048647  -2.9948181308  -1.4416256266
H   3.4251142338  -4.1272396563  1.5480248344
momentum
-14.992445855433845  1.0359597358939239  -30.551858055641684
25.62524087777342  -45.52861962972109  23.15492254825456
-41.97232547605973  -9.770097675829582  7.688451445254191
-6.323273593414381  -6.967377194760213  -1.508368587777543
107.87986985127827  14.378967259256582  22.917640854759103
-16.002505776672596  -25.019031746034646  24.497012083126464
23.80239616642826  81.36821022049227  -8.04412007648253
-23.217041876657277  12.373713699629418  -45.53627176108098
-1.701494913028408  -16.21182154872426  20.86420023658275
-21.39375883579145  -38.5898211326134  14.117899703388076
-32.82329976959907  29.1856554142264  -49.223704036413785
17.467725042307173  -19.27594382183333  5.00228757327567
-10.354994670177994  13.583826214568896  -3.972180042832841
-5.625406946531335  -2.0913982728849763  10.846412146349268
-0.7514557865618977  10.908444451126694  9.61230276763416
