C   2.9929992543  -3.9946887565  -0.4491417187
O   0.6121754810  -2.7846264943  -0.8315142595
C   0.0506538168  -0.6636895674  0.4514345584
C   1.8776150005  1.5576166831  -0.1124543892
F   4.0994600695  1.1209082135  0.9776846052
F   2.2523968838  1.7788567366  -2.5790964978
F   1.0035042413  3.7331141883  0.7577522955
C   -2.7329998278  -0.0449445324  -0.1811134382
F   -4.1508599710  -2.0659541518  0.1987047447
F   -3.5955157717  1.7996000678  1.2735573933
F   -2.9572846560  0.6596801199  -2.5762348141
F   0.1595519692  -1.0108722785  3.0068571971
H   2.7659927041  -5.8646892817  -1.2396595215
H   4.4806048647  -2.9948181308  -1.4416256266
H   3.4251142338  -4.1272396563  1.5480248344
momentum
-14.183124814285422  23.300024243082603  -36.20461839652878
2.641133495709178  17.631009904450963  56.18193091648868
37.27696050921756  31.27533494179736  -2.0868702305079743
12.998626547029858  14.897115966603847  0.673224651613632
-19.81195277704302  -36.702910160972465  0.9547977816628538
-20.683141540935345  32.68012417970924  -29.662846494752376
1.5805594498112014  14.554836588581773  6.086806053212479
17.86653297584056  -9.697285637225521  -25.85336062054375
-5.548942177383536  14.44944924332885  17.289665626247203
11.038148684530514  -18.31275521421235  22.01581310453235
57.82609163794469  -55.57761417611084  4.348885568989836
-48.686159834404606  -30.186012574385643  -23.062003438773743
-12.458274526519785  -7.960917261017258  10.286424783137447
-14.446947967724707  -1.558641759294472  0.31566050826222625
-5.16622172898344  10.607395302414917  -1.677411692885224
