C   2.9929992543  -3.9946887565  -0.4491417187
O   0.6121754810  -2.7846264943  -0.8315142595
C   0.0506538168  -0.6636895674  0.4514345584
C   1.8776150005  1.5576166831  -0.1124543892
F   4.0994600695  1.1209082135  0.9776846052
F   2.2523968838  1.7788567366  -2.5790964978
F   1.0035042413  3.7331141883  0.7577522955
C   -2.7329998278  -0.0449445324  -0.1811134382
F   -4.1508599710  -2.0659541518  0.1987047447
F   -3.5955157717  1.7996000678  1.2735573933
F   -2.9572846560  0.6596801199  -2.5762348141
F   0.1595519692  -1.0108722785  3.0068571971
H   2.7659927041  -5.8646892817  -1.2396595215
H   4.4806048647  -2.9948181308  -1.4416256266
H   3.4251142338  -4.1272396563  1.5480248344
momentum
9.007753111423275  -1.3225592308108078  25.628228038616605
-34.41329657126842  15.084410574230791  -43.09150425514946
26.21653518294272  23.976836900949884  -31.138807893655077
-17.0301904937152  31.947239120485943  -15.868784906810935
17.104500330223967  41.019766566104664  40.60140803812143
-17.4370490000297  -7.943022180676818  -32.69199202212472
10.175160495900057  -21.279062599805616  24.297881624462594
-12.379625915238295  12.2056957186835  -12.284657158027859
-6.244685832107282  -19.31657635455348  -27.796984383407196
23.071199822379448  61.3333750352892  16.086695248699556
0.1465439214006174  -64.89554896243176  15.725693164718313
17.242829230196808  -51.281856891861594  35.74820572846231
1.6481269258247788  0.9403932845655504  3.0813397227217068
-11.011234003825198  -9.908190604397086  -5.7041740597052435
-6.130221225248771  -9.7083733410059  6.9268795216887185
