C   2.9929992543  -3.9946887565  -0.4491417187
O   0.6121754810  -2.7846264943  -0.8315142595
C   0.0506538168  -0.6636895674  0.4514345584
C   1.8776150005  1.5576166831  -0.1124543892
F   4.0994600695  1.1209082135  0.9776846052
F   2.2523968838  1.7788567366  -2.5790964978
F   1.0035042413  3.7331141883  0.7577522955
C   -2.7329998278  -0.0449445324  -0.1811134382
F   -4.1508599710  -2.0659541518  0.1987047447
F   -3.5955157717  1.7996000678  1.2735573933
F   -2.9572846560  0.6596801199  -2.5762348141
F   0.1595519692  -1.0108722785  3.0068571971
H   2.7659927041  -5.8646892817  -1.2396595215
H   4.4806048647  -2.9948181308  -1.4416256266
H   3.4251142338  -4.1272396563  1.5480248344
momentum
-3.9375275019752647  -17.481791286882352  2.1515044370094425
34.57619320664013  -5.247436331482833  4.527697372858132
42.231437399629485  23.474523747779784  -11.091596320479036
-8.459471757660868  5.266397230140592  -8.268070173886754
-18.887263968745618  -23.250403631344  32.4626392178908
20.749757804439895  0.24360938329103518  -34.61697800686012
19.472742567902444  69.28346645125208  -31.664299488584525
7.775538817603724  -10.815293715531547  5.899789471785544
-55.57009793034862  -13.184692102041433  -14.52860281536424
26.386331508440055  -40.48209192314751  20.681741215363562
-10.332211516458182  9.295547811680041  56.06169942637715
-51.857408954983185  -9.455338095685404  -26.669651291325987
2.3761769546920255  5.602911921692817  5.237601280752842
-5.047235947809381  4.165090880104654  3.463001420980173
0.7059751871105049  1.8374488133667812  -3.9187162606562573
