C   2.9929992543  -3.9946887565  -0.4491417187
O   0.6121754810  -2.7846264943  -0.8315142595
C   0.0506538168  -0.6636895674  0.4514345584
C   1.8776150005  1.5576166831  -0.1124543892
F   4.0994600695  1.1209082135  0.9776846052
F   2.2523968838  1.7788567366  -2.5790964978
F   1.0035042413  3.7331141883  0.7577522955
C   -2.7329998278  -0.0449445324  -0.1811134382
F   -4.1508599710  -2.0659541518  0.1987047447
F   -3.5955157717  1.7996000678  1.2735573933
F   -2.9572846560  0.6596801199  -2.5762348141
F   0.1595519692  -1.0108722785  3.0068571971
H   2.7659927041  -5.8646892817  -1.2396595215
H   4.4806048647  -2.9948181308  -1.4416256266
H   3.4251142338  -4.1272396563  1.5480248344
momentum
-11.461932793862546  9.651584697787971  20.364892619179912
-1.394941914884321  24.37224721421552  13.055899158412062
-50.63585312104417  11.935663966047287  17.132083608168966
66.32326728349197  33.46864196897107  -40.84231314481908
-5.341863031123068  11.39249782309577  -33.70932887032387
-25.370294165089835  0.0019898110705608295  8.311531013592358
52.5329660625164  -53.06578684388411  51.013526348963126
17.705580026830265  -21.043632871415287  19.325654555905864
-8.392927805603305  -32.348652843382375  0.8323828962354103
-37.21535629813678  10.345886882403683  -36.14905445505618
21.323936878780202  -0.3118432084431995  19.463099122171993
-29.978426733083683  0.6943945170074939  -36.86680712464447
-1.8018454533406136  1.7479819944214716  2.5913522755700162
-3.1669597729304653  4.581061602363468  -11.921954593003665
16.616520623451624  -1.6478021936223104  7.022484314283457
