C   2.9929992543  -3.9946887565  -0.4491417187
O   0.6121754810  -2.7846264943  -0.8315142595
C   0.0506538168  -0.6636895674  0.4514345584
C   1.8776150005  1.5576166831  -0.1124543892
F   4.0994600695  1.1209082135  0.9776846052
F   2.2523968838  1.7788567366  -2.5790964978
F   1.0035042413  3.7331141883  0.7577522955
C   -2.7329998278  -0.0449445324  -0.1811134382
F   -4.1508599710  -2.0659541518  0.1987047447
F   -3.5955157717  1.7996000678  1.2735573933
F   -2.9572846560  0.6596801199  -2.5762348141
F   0.1595519692  -1.0108722785  3.0068571971
H   2.7659927041  -5.8646892817  -1.2396595215
H   4.4806048647  -2.9948181308  -1.4416256266
H   3.4251142338  -4.1272396563  1.5480248344
momentum
19.059584624045833  20.39240940838709  -16.736936324618796
9.104599127461968  -9.7627794766132  -41.858254587653
-29.826919222554697  -40.92525469430008  4.872798603840054
-16.04318342314346  -34.812096721793566  24.688782198735357
-29.371312404988764  39.10806638843496  52.96847697078361
3.2109206571998095  -41.29829216599423  -13.254803250202562
-8.50146914725195  3.2660510222476393  -15.016059528850905
8.120908489220149  -6.3153714313612985  47.88661742886936
34.25212859817052  5.276238237186669  0.6913533185264593
12.536914985485964  48.87261171429472  3.6427739206238874
-8.710009873877347  11.16848664413907  -53.635269893214975
34.42560085036855  13.973901439563532  24.13640329108514
4.035603764804925  -12.489444165717101  -11.360544130872812
-27.66851620011441  -2.44272668635381  0.06330189263562958
-3.834581979061601  5.776951439440659  -6.949828032013424
