C   2.9929992543  -3.9946887565  -0.4491417187
O   0.6121754810  -2.7846264943  -0.8315142595
C   0.0506538168  -0.6636895674  0.4514345584
C   1.8776150005  1.5576166831  -0.1124543892
F   4.0994600695  1.1209082135  0.9776846052
F   2.2523968838  1.7788567366  -2.5790964978
F   1.0035042413  3.7331141883  0.7577522955
C   -2.7329998278  -0.0449445324  -0.1811134382
F   -4.1508599710  -2.0659541518  0.1987047447
F   -3.5955157717  1.7996000678  1.2735573933
F   -2.9572846560  0.6596801199  -2.5762348141
F   0.1595519692  -1.0108722785  3.0068571971
H   2.7659927041  -5.8646892817  -1.2396595215
H   4.4806048647  -2.9948181308  -1.4416256266
H   3.4251142338  -4.1272396563  1.5480248344
momentum
-10.828748085150087  -47.240423271850624  -27.090295363498107
-7.394215232837406  -0.24623222509144485  -23.858727151813937
-17.302651026579575  15.997182663537878  -16.849432672456558
13.02022482569031  29.605332402436133  -22.469927262842013
9.627560974171736  47.32531410553987  5.030859728377391
72.65553964945978  -16.321039051080668  45.06901698109634
-18.098202856228774  -36.996596148028594  4.226244408574722
-19.664362673807037  -20.873046850814774  -8.009964800340464
20.21420781265877  4.443956173900231  32.080216921523984
-0.9050893109601724  -17.390547515808606  -25.68298838054411
-64.03625067716627  35.291927532546936  -9.386555168815288
22.118515751166136  1.5937993127592402  24.872159153285452
0.5488109371945339  -0.9487267690990292  7.850266697023089
-10.873222249356974  -7.102354913673713  8.085521318520232
11.17168436160862  12.902576726254823  6.2387130400143525
