C   2.9929992543  -3.9946887565  -0.4491417187
O   0.6121754810  -2.7846264943  -0.8315142595
C   0.0506538168  -0.6636895674  0.4514345584
C   1.8776150005  1.5576166831  -0.1124543892
F   4.0994600695  1.1209082135  0.9776846052
F   2.2523968838  1.7788567366  -2.5790964978
F   1.0035042413  3.7331141883  0.7577522955
C   -2.7329998278  -0.0449445324  -0.1811134382
F   -4.1508599710  -2.0659541518  0.1987047447
F   -3.5955157717  1.7996000678  1.2735573933
F   -2.9572846560  0.6596801199  -2.5762348141
F   0.1595519692  -1.0108722785  3.0068571971
H   2.7659927041  -5.8646892817  -1.2396595215
H   4.4806048647  -2.9948181308  -1.4416256266
H   3.4251142338  -4.1272396563  1.5480248344
momentum
-45.543515083184985  18.473373837692616  -19.54891722938075
6.284182743890129  -0.4952865040462017  5.942552928756573
-4.588164501777619  46.84433482841009  -11.365349718257805
22.152082277928134  47.02663632622994  -20.719676245187944
-13.01445578793093  5.638613323233347  3.948774514483769
-1.0741568981397407  -54.04070042091342  -13.265813642006245
-31.7242048668192  -12.963823096849026  46.61686506134492
18.505719212567577  -34.475613003438795  13.578693131292896
32.29054841046166  20.029697037086308  15.12129746351851
50.73374784145932  -34.857912758717646  -57.32792950487267
-40.231818220411306  26.96045445153815  -32.685418968259405
18.792965662534126  -32.89668110044746  56.007594143853694
-5.0133925046858785  4.74015302258392  10.193265147328093
1.9723601368160362  9.426739221692571  0.9034935977628717
-9.524204785882565  -9.753686993447884  2.7408731018781003
