C   2.9929992543  -3.9946887565  -0.4491417187
O   0.6121754810  -2.7846264943  -0.8315142595
C   0.0506538168  -0.6636895674  0.4514345584
C   1.8776150005  1.5576166831  -0.1124543892
F   4.0994600695  1.1209082135  0.9776846052
F   2.2523968838  1.7788567366  -2.5790964978
F   1.0035042413  3.7331141883  0.7577522955
C   -2.7329998278  -0.0449445324  -0.1811134382
F   -4.1508599710  -2.0659541518  0.1987047447
F   -3.5955157717  1.7996000678  1.2735573933
F   -2.9572846560  0.6596801199  -2.5762348141
F   0.1595519692  -1.0108722785  3.0068571971
H   2.7659927041  -5.8646892817  -1.2396595215
H   4.4806048647  -2.9948181308  -1.4416256266
H   3.4251142338  -4.1272396563  1.5480248344
momentum
3.3728427642025194  27.57759028815535  28.84575166936413
-25.970888663338677  1.528183054034636  26.84370908178172
13.153424790169154  -5.535939666052765  8.082758348339466
-2.4355410250412017  -20.993614010510004  39.8873345663485
30.366226815722925  10.252981849302056  -19.640215964825437
-51.397870179948896  5.899952308921847  0.27229243339670123
28.93513931468981  -8.92091009498864  6.597216250615169
-28.00963797616756  -43.24048462860372  -19.054091828281372
47.83164913826248  40.6273199193357  -25.489427607070382
-36.60335043970724  22.751687118466204  -31.079011160825736
3.239889335198167  -4.088065764505244  36.59201588116354
19.51205310463114  -14.538572670123635  -43.365565343014296
-4.696696651353624  -4.934156629353122  -2.2714406882715332
0.7150691318445036  0.7423219048661486  5.462565075952835
2.2591297967430437  -7.378959082782744  -11.42148987858708
