C   2.9929992543  -3.9946887565  -0.4491417187
O   0.6121754810  -2.7846264943  -0.8315142595
C   0.0506538168  -0.6636895674  0.4514345584
C   1.8776150005  1.5576166831  -0.1124543892
F   4.0994600695  1.1209082135  0.9776846052
F   2.2523968838  1.7788567366  -2.5790964978
F   1.0035042413  3.7331141883  0.7577522955
C   -2.7329998278  -0.0449445324  -0.1811134382
F   -4.1508599710  -2.0659541518  0.1987047447
F   -3.5955157717  1.7996000678  1.2735573933
F   -2.9572846560  0.6596801199  -2.5762348141
F   0.1595519692  -1.0108722785  3.0068571971
H   2.7659927041  -5.8646892817  -1.2396595215
H   4.4806048647  -2.9948181308  -1.4416256266
H   3.4251142338  -4.1272396563  1.5480248344
momentum
-24.49493047751174  22.135890208289755  7.671170389423347
21.979944380836887  -24.936752081473273  10.780150462424125
18.750800826216906  -54.21912425323879  -22.975848415184732
-34.1525970610108  -26.30961928560813  -12.582285373334065
6.783475469783081  -5.316943622850108  -0.4064647376481957
18.924898578657114  36.6424957672568  7.903809050569528
44.04078469364437  26.496870681246925  -15.584204033008433
-27.474771483424764  66.52444690855633  25.929596711163608
39.75234586782518  -43.31850121617277  3.8246524045936243
10.154936731904211  -0.34167422478894444  -37.7340783325119
-36.41806144097093  1.8942236495360494  11.182205419831051
-33.87919797220917  -18.722134192413357  24.3740309328749
-0.5559073641186288  16.438099039777697  6.6628004122273135
-0.17991910531235328  6.183760156572382  -2.322075012100923
-3.192996419615261  -3.0496566167420585  -6.846429655809591
