C   2.9929992543  -3.9946887565  -0.4491417187
O   0.6121754810  -2.7846264943  -0.8315142595
C   0.0506538168  -0.6636895674  0.4514345584
C   1.8776150005  1.5576166831  -0.1124543892
F   4.0994600695  1.1209082135  0.9776846052
F   2.2523968838  1.7788567366  -2.5790964978
F   1.0035042413  3.7331141883  0.7577522955
C   -2.7329998278  -0.0449445324  -0.1811134382
F   -4.1508599710  -2.0659541518  0.1987047447
F   -3.5955157717  1.7996000678  1.2735573933
F   -2.9572846560  0.6596801199  -2.5762348141
F   0.1595519692  -1.0108722785  3.0068571971
H   2.7659927041  -5.8646892817  -1.2396595215
H   4.4806048647  -2.9948181308  -1.4416256266
H   3.4251142338  -4.1272396563  1.5480248344
momentum
-8.813600543236351  -8.184132993301793  44.686752966975256
-53.8788454890678  16.324601706024776  -14.987958884271254
28.19336575058765  -17.14498332064678  -31.606343903435583
30.325790672324132  24.20757455115129  17.09292022196644
14.247254746287354  7.311834265526644  2.578852755067751
-42.10167420672294  7.010661933764734  -34.399691125750714
31.583438253186742  15.863836266844643  7.553074406236927
2.7440520794893715  -25.749877307496064  -38.75879345115985
24.139542085604514  -8.845388777457984  -48.392688817176534
-46.00347712534602  -32.664901409151256  14.595749375942189
-13.96277946971283  36.081371312554325  34.49748366227987
27.13948506994049  17.5700514502919  37.24584597251034
-6.651163407945671  -9.172907832980115  10.797878095086793
5.983666312051266  -17.550381617013016  -0.1860464589579766
7.5828299063544025  -4.698103896160545  -0.6922485193583073
