C   2.9929992543  -3.9946887565  -0.4491417187
O   0.6121754810  -2.7846264943  -0.8315142595
C   0.0506538168  -0.6636895674  0.4514345584
C   1.8776150005  1.5576166831  -0.1124543892
F   4.0994600695  1.1209082135  0.9776846052
F   2.2523968838  1.7788567366  -2.5790964978
F   1.0035042413  3.7331141883  0.7577522955
C   -2.7329998278  -0.0449445324  -0.1811134382
F   -4.1508599710  -2.0659541518  0.1987047447
F   -3.5955157717  1.7996000678  1.2735573933
F   -2.9572846560  0.6596801199  -2.5762348141
F   0.1595519692  -1.0108722785  3.0068571971
H   2.7659927041  -5.8646892817  -1.2396595215
H   4.4806048647  -2.9948181308  -1.4416256266
H   3.4251142338  -4.1272396563  1.5480248344
momentum
-14.361881340744095  -4.941603647394715  -19.244797756221775
-26.29560859754502  -8.260654313517975  77.70808610480967
-35.75130153242615  -13.992655055754502  -26.820178279117084
25.759073345371  24.12597682346617  -32.70587807623689
33.626713616367866  -29.294885405675146  1.6678747834176293
-14.375985845138727  1.7805780988817128  4.264792084069644
-7.749686467271451  15.672959879187664  33.867738442067214
39.99683307394919  13.379754134032142  18.348856659590272
14.500928030442033  -1.8864229269235937  -82.00358510109808
-21.91059812021462  -10.54315696114262  -10.109550080821304
-54.61792205756774  -11.409705770396256  -1.1534201884376443
63.0813434071617  4.7880510307046995  20.092510773341598
-4.405745797288297  13.28606817582721  8.82011539250737
6.66861740690567  -3.8208354101813042  1.3925795192524737
-4.361786366408565  11.68395648368416  5.663764404983395
