C   2.9929992543  -3.9946887565  -0.4491417187
O   0.6121754810  -2.7846264943  -0.8315142595
C   0.0506538168  -0.6636895674  0.4514345584
C   1.8776150005  1.5576166831  -0.1124543892
F   4.0994600695  1.1209082135  0.9776846052
F   2.2523968838  1.7788567366  -2.5790964978
F   1.0035042413  3.7331141883  0.7577522955
C   -2.7329998278  -0.0449445324  -0.1811134382
F   -4.1508599710  -2.0659541518  0.1987047447
F   -3.5955157717  1.7996000678  1.2735573933
F   -2.9572846560  0.6596801199  -2.5762348141
F   0.1595519692  -1.0108722785  3.0068571971
H   2.7659927041  -5.8646892817  -1.2396595215
H   4.4806048647  -2.9948181308  -1.4416256266
H   3.4251142338  -4.1272396563  1.5480248344
momentum
4.072931026162277  -13.602774702575456  1.3150223872424756
-21.64114583050104  34.16013767571829  -17.965357751551537
11.9280181786859  -27.31025912395426  19.305459380178924
-5.378400951894826  6.936580304397299  -22.82842030184738
-27.989838319384678  10.158039101895392  -9.188723308236092
63.44896480901833  4.9194030468777585  -18.964345697144044
26.456281036071374  15.445673251957896  17.27962806225583
49.67721270664836  19.964991337393588  -24.046456971809995
-40.597618975308364  -77.76628371568543  46.50896827982054
-27.737205880055626  2.0520653056949305  0.5779953468522384
-8.05680848866397  28.12178095614997  12.202493167253055
-34.182143432633964  -2.791188124768214  -10.328845274391039
2.3240092368942378  4.509614948913448  1.4175306890951014
-2.626512769049864  -14.023756355117454  -5.846240129536556
10.558213475166172  9.424454382009547  10.52427849758915
