C   2.9929992543  -3.9946887565  -0.4491417187
O   0.6121754810  -2.7846264943  -0.8315142595
C   0.0506538168  -0.6636895674  0.4514345584
C   1.8776150005  1.5576166831  -0.1124543892
F   4.0994600695  1.1209082135  0.9776846052
F   2.2523968838  1.7788567366  -2.5790964978
F   1.0035042413  3.7331141883  0.7577522955
C   -2.7329998278  -0.0449445324  -0.1811134382
F   -4.1508599710  -2.0659541518  0.1987047447
F   -3.5955157717  1.7996000678  1.2735573933
F   -2.9572846560  0.6596801199  -2.5762348141
F   0.1595519692  -1.0108722785  3.0068571971
H   2.7659927041  -5.8646892817  -1.2396595215
H   4.4806048647  -2.9948181308  -1.4416256266
H   3.4251142338  -4.1272396563  1.5480248344
momentum
4.698700329857891  -18.793510182900167  -19.677188415033676
53.09368599380637  -9.63777654075043  18.03794058778294
0.62650399715753  -10.469879112200449  10.700015449119238
-40.74712754149618  10.000480655290014  25.434442451365516
12.680824636963326  -20.858547105588823  -41.710049681920694
57.467350798522  -13.694570210229907  3.1437228779264843
7.753589280529719  31.400879535873425  22.7120912998241
-32.272575507555366  8.527878780935941  -16.578093573683777
-11.23270302826651  21.339430964720215  -11.34447828759098
-56.766684059210796  -34.94135903101389  21.143062016071127
-16.875410541940404  7.039567653614983  -21.163410156797653
21.27788188416158  50.19288408790824  21.533933391190786
-3.7790703818095803  -18.03033738081745  -5.88626971634835
-3.867885008119905  -7.470802820008667  -10.793223336652316
7.529986616404186  6.050723278246327  4.07086933152789
