C   2.9929992543  -3.9946887565  -0.4491417187
O   0.6121754810  -2.7846264943  -0.8315142595
C   0.0506538168  -0.6636895674  0.4514345584
C   1.8776150005  1.5576166831  -0.1124543892
F   4.0994600695  1.1209082135  0.9776846052
F   2.2523968838  1.7788567366  -2.5790964978
F   1.0035042413  3.7331141883  0.7577522955
C   -2.7329998278  -0.0449445324  -0.1811134382
F   -4.1508599710  -2.0659541518  0.1987047447
F   -3.5955157717  1.7996000678  1.2735573933
F   -2.9572846560  0.6596801199  -2.5762348141
F   0.1595519692  -1.0108722785  3.0068571971
H   2.7659927041  -5.8646892817  -1.2396595215
H   4.4806048647  -2.9948181308  -1.4416256266
H   3.4251142338  -4.1272396563  1.5480248344
momentum
-11.50931853182881  -7.802188166124527  1.0754158797402296
-42.01451110823029  14.365350856254402  -2.5531390863651295
48.031595484757524  -6.340990114725747  -0.3009732280099135
-20.764565970828343  8.038379818887389  -4.594780327069562
11.406907188247214  4.8023174238629345  61.237338525207576
-23.990958648191903  6.931388969124356  -47.271885914777556
34.11189396029814  1.4797662811681778  37.552517574053624
-17.75446779330152  -1.5469192244655312  -14.611625971259336
49.98915544884546  -9.389197702025923  30.367050143899394
-23.778675171530946  46.62788293059498  -10.000745079883334
15.62914267461019  -52.58081704613554  -3.2470553877247976
-18.759911976434754  -8.730077493460035  -22.663580993171994
4.103208269285855  3.423193567732963  1.3333795926415557
1.0251122444192602  -3.7234665588846787  -9.544176304138977
-5.525240560574216  4.764147500698823  -16.6331183442878
