C   2.9929992543  -3.9946887565  -0.4491417187
O   0.6121754810  -2.7846264943  -0.8315142595
C   0.0506538168  -0.6636895674  0.4514345584
C   1.8776150005  1.5576166831  -0.1124543892
F   4.0994600695  1.1209082135  0.9776846052
F   2.2523968838  1.7788567366  -2.5790964978
F   1.0035042413  3.7331141883  0.7577522955
C   -2.7329998278  -0.0449445324  -0.1811134382
F   -4.1508599710  -2.0659541518  0.1987047447
F   -3.5955157717  1.7996000678  1.2735573933
F   -2.9572846560  0.6596801199  -2.5762348141
F   0.1595519692  -1.0108722785  3.0068571971
H   2.7659927041  -5.8646892817  -1.2396595215
H   4.4806048647  -2.9948181308  -1.4416256266
H   3.4251142338  -4.1272396563  1.5480248344
momentum
2.6390145610615776  -23.365941375732884  0.4355174995956077
31.99692278780686  -28.996793672303717  -15.468369949613978
1.2391755784072203  15.756617514538574  10.05852210193809
-35.2592399029485  -52.76996724225014  3.226586602361401
20.588153749472173  22.947085594671922  -4.908974666921903
-32.12695381438902  38.596297139052986  24.9070233929256
29.587063863933196  -1.3170561340275106  -37.045211290216145
-38.16139380942018  -19.993393688174244  3.2015985921483976
8.119788412495808  1.2594497263950397  -14.320231114803287
23.94772950271294  -7.4756860992228  37.478058425673
32.76667685584344  21.275035623119763  -2.128358863708022
-40.72003047584288  28.239332880287577  -15.831540126948434
-0.6972913786994771  3.143726512359086  4.5489788651340035
-6.0273198774326815  -2.482366948904437  -1.504823618937831
1.9036994414598893  4.946813591221503  7.073038142981416
