C   2.9929992543  -3.9946887565  -0.4491417187
O   0.6121754810  -2.7846264943  -0.8315142595
C   0.0506538168  -0.6636895674  0.4514345584
C   1.8776150005  1.5576166831  -0.1124543892
F   4.0994600695  1.1209082135  0.9776846052
F   2.2523968838  1.7788567366  -2.5790964978
F   1.0035042413  3.7331141883  0.7577522955
C   -2.7329998278  -0.0449445324  -0.1811134382
F   -4.1508599710  -2.0659541518  0.1987047447
F   -3.5955157717  1.7996000678  1.2735573933
F   -2.9572846560  0.6596801199  -2.5762348141
F   0.1595519692  -1.0108722785  3.0068571971
H   2.7659927041  -5.8646892817  -1.2396595215
H   4.4806048647  -2.9948181308  -1.4416256266
H   3.4251142338  -4.1272396563  1.5480248344
momentum
0.4151168928320629  -38.04726216991581  21.232943788993776
6.404500277920204  50.55154109949747  -2.387548583865017
7.335132542575361  -47.64653559019103  -1.7217989815305321
-38.836414770207675  25.981437410385215  -2.804970684110538
-18.95687930621308  21.097828790014937  12.667046600318233
81.83886746578482  -44.972688408986684  -16.631371655794972
-1.8144077026498582  29.495255657396495  -25.478919169390668
-6.385498514307739  59.013550350442735  23.90634472239912
33.05190863777035  2.459613279286894  -21.581874987189998
-47.079444649748275  -24.14714007388219  65.70465547525642
-21.389973981082512  -11.953008920582702  -27.456844077529016
20.333624110245196  -16.29112332146996  -5.222464457198661
-1.4351215374121595  6.7924975061271775  1.3877326413606572
-8.053025858557886  -4.001808963700397  -3.29717235318667
-5.244037282353843  -7.944031683931297  -18.40095708616101
