C   2.9929992543  -3.9946887565  -0.4491417187
O   0.6121754810  -2.7846264943  -0.8315142595
C   0.0506538168  -0.6636895674  0.4514345584
C   1.8776150005  1.5576166831  -0.1124543892
F   4.0994600695  1.1209082135  0.9776846052
F   2.2523968838  1.7788567366  -2.5790964978
F   1.0035042413  3.7331141883  0.7577522955
C   -2.7329998278  -0.0449445324  -0.1811134382
F   -4.1508599710  -2.0659541518  0.1987047447
F   -3.5955157717  1.7996000678  1.2735573933
F   -2.9572846560  0.6596801199  -2.5762348141
F   0.1595519692  -1.0108722785  3.0068571971
H   2.7659927041  -5.8646892817  -1.2396595215
H   4.4806048647  -2.9948181308  -1.4416256266
H   3.4251142338  -4.1272396563  1.5480248344
momentum
-17.66827399494382  27.22171556082887  7.125978790162994
-19.77699715095882  55.92416413244047  -53.578387144699256
-10.232876844247794  -2.0535886046110914  0.5350852872948693
-39.8396240433065  21.7150693658079  34.93229325725441
7.599418332823019  30.648498525138674  -56.788455485271314
34.55171570544154  -55.06029700389975  1.8612232603166303
11.040935112705167  -8.905127688413526  30.118413928875395
14.193050033431  63.52234630072383  12.734324165510532
3.4030370154286578  -9.585290144722851  16.894404717215412
40.063777289561784  -48.7065032578329  -31.626340644510247
-21.139797539323588  -25.22414582361438  -18.595020273654292
-2.2225051347775686  -38.994606404050565  28.571261000653603
3.3076432064882475  -8.413645272932307  5.752294040644213
3.694032422573143  2.1253242352101824  9.047168755974463
-6.880183898826114  -3.6814797873811096  12.966270683062977
