C   2.9929992543  -3.9946887565  -0.4491417187
O   0.6121754810  -2.7846264943  -0.8315142595
C   0.0506538168  -0.6636895674  0.4514345584
C   1.8776150005  1.5576166831  -0.1124543892
F   4.0994600695  1.1209082135  0.9776846052
F   2.2523968838  1.7788567366  -2.5790964978
F   1.0035042413  3.7331141883  0.7577522955
C   -2.7329998278  -0.0449445324  -0.1811134382
F   -4.1508599710  -2.0659541518  0.1987047447
F   -3.5955157717  1.7996000678  1.2735573933
F   -2.9572846560  0.6596801199  -2.5762348141
F   0.1595519692  -1.0108722785  3.0068571971
H   2.7659927041  -5.8646892817  -1.2396595215
H   4.4806048647  -2.9948181308  -1.4416256266
H   3.4251142338  -4.1272396563  1.5480248344
momentum
10.155512010406573  8.35528531835044  13.688171305582827
-39.17624469814029  19.509946406650084  -35.39625565621659
-8.510964281120913  2.5747483773845103  1.6940636282808992
12.028845585431522  -15.7488608577667  -3.86738598973089
24.27684909249899  30.65730411530768  12.188179290204232
17.55655775672659  -27.40402484595544  -0.9013917915533851
-41.96419953244691  -28.57351468691135  26.366177959986988
-1.2569329231770907  39.16119391401286  -5.660417207413697
-6.046596960818508  -29.983661214382742  -7.230977901351412
-9.710686948854505  44.078184616235625  -15.18501959939373
-8.737512062467355  -27.869175120851956  12.874265306696945
47.322378259326555  -1.5201139226732794  8.010919276886542
-2.8155177760236603  4.326789551794652  -4.601285580652258
5.242639441148209  -5.495085761526763  -9.950511114641953
1.3308645681498363  -11.129867745229129  7.93362811727713
