C   2.9929992543  -3.9946887565  -0.4491417187
O   0.6121754810  -2.7846264943  -0.8315142595
C   0.0506538168  -0.6636895674  0.4514345584
C   1.8776150005  1.5576166831  -0.1124543892
F   4.0994600695  1.1209082135  0.9776846052
F   2.2523968838  1.7788567366  -2.5790964978
F   1.0035042413  3.7331141883  0.7577522955
C   -2.7329998278  -0.0449445324  -0.1811134382
F   -4.1508599710  -2.0659541518  0.1987047447
F   -3.5955157717  1.7996000678  1.2735573933
F   -2.9572846560  0.6596801199  -2.5762348141
F   0.1595519692  -1.0108722785  3.0068571971
H   2.7659927041  -5.8646892817  -1.2396595215
H   4.4806048647  -2.9948181308  -1.4416256266
H   3.4251142338  -4.1272396563  1.5480248344
momentum
-3.213485395697018  32.59334507432511  -27.109691006311476
83.37490518509172  -13.367503772292576  7.676427617874375
4.483061063049415  20.243950483817635  -26.584665840500524
11.757470816186554  -44.26718811834374  -10.395745131878384
9.025360891554064  -21.167772368252646  1.1789299233697523
-43.779161281353964  15.95842181987372  16.381955928166793
-10.76406426679316  -46.98847753292005  39.068841845284894
-5.304085890693483  -54.31075871743192  9.67125639409479
-38.3491249923018  43.79456860029704  43.82022653445481
-24.878193548517842  43.73992566567418  -22.00599168135951
29.678101357799836  -8.865105606498904  -2.3559803562869064
-12.215674016402025  36.48234258970432  -48.80056712202857
-0.2017697156296776  -4.566081046040829  -2.333169632380866
-10.50024189384305  3.7835373100268197  6.872911185450292
10.837534809234596  -3.403670314760931  14.624075816854555
