C   2.9929992543  -3.9946887565  -0.4491417187
O   0.6121754810  -2.7846264943  -0.8315142595
C   0.0506538168  -0.6636895674  0.4514345584
C   1.8776150005  1.5576166831  -0.1124543892
F   4.0994600695  1.1209082135  0.9776846052
F   2.2523968838  1.7788567366  -2.5790964978
F   1.0035042413  3.7331141883  0.7577522955
C   -2.7329998278  -0.0449445324  -0.1811134382
F   -4.1508599710  -2.0659541518  0.1987047447
F   -3.5955157717  1.7996000678  1.2735573933
F   -2.9572846560  0.6596801199  -2.5762348141
F   0.1595519692  -1.0108722785  3.0068571971
H   2.7659927041  -5.8646892817  -1.2396595215
H   4.4806048647  -2.9948181308  -1.4416256266
H   3.4251142338  -4.1272396563  1.5480248344
momentum
26.094766755686855  11.017857288635627  -18.071851050500946
3.6239769312450765  -45.55193720871504  -18.22364303835625
-25.410939879973085  -5.9086098992875975  15.695639961024801
3.287931202895201  -8.838984428718538  46.14800791514913
-11.264820416708199  32.03657079467687  -2.032505307423279
-10.634914428115566  -38.076933687459224  -30.05310656859738
-37.07558620938504  -23.599250668126068  -16.571386201453496
-20.765225691802296  41.87826974261255  7.6739750694340545
-0.22291682838404406  16.187587526695417  52.75244876792086
3.753358855178927  -69.83872444707004  -26.671813664314737
61.85684974002062  87.56197411517698  -21.619306665326874
13.943309344731938  10.05429590734736  9.456069030708205
-6.363991954145014  -16.419436941054233  3.849658472118554
2.2246243011669837  6.832787019736479  -1.922748933318771
-2.942721864469866  2.4286842229399794  -0.11983496339298823
