C   2.9929992543  -3.9946887565  -0.4491417187
O   0.6121754810  -2.7846264943  -0.8315142595
C   0.0506538168  -0.6636895674  0.4514345584
C   1.8776150005  1.5576166831  -0.1124543892
F   4.0994600695  1.1209082135  0.9776846052
F   2.2523968838  1.7788567366  -2.5790964978
F   1.0035042413  3.7331141883  0.7577522955
C   -2.7329998278  -0.0449445324  -0.1811134382
F   -4.1508599710  -2.0659541518  0.1987047447
F   -3.5955157717  1.7996000678  1.2735573933
F   -2.9572846560  0.6596801199  -2.5762348141
F   0.1595519692  -1.0108722785  3.0068571971
H   2.7659927041  -5.8646892817  -1.2396595215
H   4.4806048647  -2.9948181308  -1.4416256266
H   3.4251142338  -4.1272396563  1.5480248344
momentum
-7.971481153742073  -9.707484126914606  41.7874517473743
54.13156514694271  -7.030802010627304  -7.162580908076493
41.058120819165914  -15.272507926145858  15.302819724672515
-9.601805599130559  21.275763179523445  -8.99810908732567
-7.204113185218486  -12.598490480946404  -16.818437782503196
-23.807052499506362  -60.66863541151115  -21.422662324813743
4.372533169036835  14.177796581217684  71.20351375579
-15.66249210561169  -11.061216469774108  -11.928337295942915
13.560769131294036  37.489788840968714  -19.45056641358338
-7.007782350335287  13.076848350553476  63.63403693926491
-40.82077309431737  -4.787533526972101  -77.9133310387497
-14.602463744302506  33.08293146750136  -6.467171781381112
7.179630385284589  8.844032761308975  -10.08120215671108
-1.1121566149582136  7.122590648834956  -6.371218670844085
7.143752941107285  -14.374702117475067  -5.439550016466289
