C   2.9929992543  -3.9946887565  -0.4491417187
O   0.6121754810  -2.7846264943  -0.8315142595
C   0.0506538168  -0.6636895674  0.4514345584
C   1.8776150005  1.5576166831  -0.1124543892
F   4.0994600695  1.1209082135  0.9776846052
F   2.2523968838  1.7788567366  -2.5790964978
F   1.0035042413  3.7331141883  0.7577522955
C   -2.7329998278  -0.0449445324  -0.1811134382
F   -4.1508599710  -2.0659541518  0.1987047447
F   -3.5955157717  1.7996000678  1.2735573933
F   -2.9572846560  0.6596801199  -2.5762348141
F   0.1595519692  -1.0108722785  3.0068571971
H   2.7659927041  -5.8646892817  -1.2396595215
H   4.4806048647  -2.9948181308  -1.4416256266
H   3.4251142338  -4.1272396563  1.5480248344
momentum
-7.603517820612765  6.579767094418569  1.8819195499736556
62.575456657665775  -1.3225096213254006  8.529437408086856
-44.282719104483824  2.1220257848275708  -15.459079082243251
-1.2900137276047672  -63.39922284347565  42.095323110825305
29.438971928177363  -13.994451136731385  -11.182400559698548
-1.033150304229676  31.148211722657457  -1.7506858849085718
-1.7393470733840908  51.251591485104605  -14.524092464292792
-7.659610260037266  -6.1928809215874185  -23.619170415336246
-34.35184331133311  26.3880938441809  23.599370331014402
-33.847239469035834  -14.83621007763052  22.811378999119164
2.731953448421685  -1.14606093515972  -13.126621182056702
35.270001454575876  4.709493552358189  -30.62199597677898
9.171621626819036  -7.655111620348105  5.057258929480697
1.0628810871503007  1.750875963395885  6.218260386507058
-8.665082261105553  -14.726943680277085  0.24838931788264526
