C   2.9929992543  -3.9946887565  -0.4491417187
O   0.6121754810  -2.7846264943  -0.8315142595
C   0.0506538168  -0.6636895674  0.4514345584
C   1.8776150005  1.5576166831  -0.1124543892
F   4.0994600695  1.1209082135  0.9776846052
F   2.2523968838  1.7788567366  -2.5790964978
F   1.0035042413  3.7331141883  0.7577522955
C   -2.7329998278  -0.0449445324  -0.1811134382
F   -4.1508599710  -2.0659541518  0.1987047447
F   -3.5955157717  1.7996000678  1.2735573933
F   -2.9572846560  0.6596801199  -2.5762348141
F   0.1595519692  -1.0108722785  3.0068571971
H   2.7659927041  -5.8646892817  -1.2396595215
H   4.4806048647  -2.9948181308  -1.4416256266
H   3.4251142338  -4.1272396563  1.5480248344
momentum
47.536007794215664  23.86743480365808  28.67247237071907
-6.867270978371701  11.71103431524296  -43.92786268560266
-17.89291487635211  22.667983878458205  -5.395862721969984
0.3239885927223202  -16.498031400487307  -47.26870914845535
-28.942357391621485  -7.328191633529377  -9.400000161557276
-7.206528940508999  -34.49541849594029  27.851576430565533
43.348550714857744  13.780827153866786  3.635294376857826
13.750739605069796  12.691781234750554  3.6413222102664244
4.832931562877756  -32.32416612571529  11.483507794377518
-30.356788420880573  19.998833453310166  19.723010247195745
19.304450555607698  2.44716657116549  -1.5362457814532269
-37.41458092286443  -15.032739661181896  31.82435296094712
-9.928608273524665  -1.5393642599897346  -1.4203846912131615
5.4115335726364036  0.9026190467545396  -4.264613577856005
4.5494902069958565  -1.6072869612269056  -13.669601724266556
