C   2.9929992543  -3.9946887565  -0.4491417187
O   0.6121754810  -2.7846264943  -0.8315142595
C   0.0506538168  -0.6636895674  0.4514345584
C   1.8776150005  1.5576166831  -0.1124543892
F   4.0994600695  1.1209082135  0.9776846052
F   2.2523968838  1.7788567366  -2.5790964978
F   1.0035042413  3.7331141883  0.7577522955
C   -2.7329998278  -0.0449445324  -0.1811134382
F   -4.1508599710  -2.0659541518  0.1987047447
F   -3.5955157717  1.7996000678  1.2735573933
F   -2.9572846560  0.6596801199  -2.5762348141
F   0.1595519692  -1.0108722785  3.0068571971
H   2.7659927041  -5.8646892817  -1.2396595215
H   4.4806048647  -2.9948181308  -1.4416256266
H   3.4251142338  -4.1272396563  1.5480248344
momentum
-42.710232387403934  30.364712864566076  22.699212936421585
-35.05082398712756  -63.5758785062079  -1.9362148289119372
-50.10826724110705  3.491743115435119  -40.51898719129226
10.583475953335183  25.623890387901096  -15.761267709689564
-5.326679187316622  -59.98526028437681  -35.63331600851147
37.2831219368812  37.72773152046355  30.179194872440945
-24.5699571016925  12.571632331858217  13.423453124884388
25.472080049478038  -28.846114751854664  5.749110276455961
18.36876133966033  -54.97248935696751  -25.58911276365338
20.390916719090466  56.058383424225894  10.231914472613603
15.998151834980625  -17.51926115904122  9.333034041927045
20.09904115388418  24.6025580182704  47.052358046184104
5.399432287378201  11.545848023154296  2.3304360470017422
7.428390346389018  8.43135817616231  -12.02941722019594
-3.5699921643709733  14.799306840524084  -9.118960005946157
