C   2.9929992543  -3.9946887565  -0.4491417187
O   0.6121754810  -2.7846264943  -0.8315142595
C   0.0506538168  -0.6636895674  0.4514345584
C   1.8776150005  1.5576166831  -0.1124543892
F   4.0994600695  1.1209082135  0.9776846052
F   2.2523968838  1.7788567366  -2.5790964978
F   1.0035042413  3.7331141883  0.7577522955
C   -2.7329998278  -0.0449445324  -0.1811134382
F   -4.1508599710  -2.0659541518  0.1987047447
F   -3.5955157717  1.7996000678  1.2735573933
F   -2.9572846560  0.6596801199  -2.5762348141
F   0.1595519692  -1.0108722785  3.0068571971
H   2.7659927041  -5.8646892817  -1.2396595215
H   4.4806048647  -2.9948181308  -1.4416256266
H   3.4251142338  -4.1272396563  1.5480248344
momentum
22.888686667558922  -28.961229263321094  -17.69580174932643
25.991995801012575  -25.763341950791364  34.05578928791954
6.6799309560338065  -9.865265679982874  -25.385937082324627
0.9498736616673397  -2.3276906482311643  43.55057706326239
42.460195857642674  21.976812415106455  8.659327043655578
-50.79025383761764  12.138368463497601  -32.581456217434244
-44.88755007131733  -6.148895619849739  -16.06830589048474
30.79218504614952  -21.488113540045138  0.3204292588812715
-20.514845288899192  12.413032619267113  -36.70207630387462
-43.767593848174634  76.86979148013982  23.533622177014635
13.23235154562488  12.908181612489749  18.709782377778154
18.45759584751229  -18.12097094318621  -13.805124520542298
-2.9256154611764003  3.0917638771576863  1.580783043568206
2.7698428808417344  -21.638661498547805  14.940891262095638
-1.0370327283497092  -4.707717746113055  -2.9561122749194575
