C   2.9929992543  -3.9946887565  -0.4491417187
O   0.6121754810  -2.7846264943  -0.8315142595
C   0.0506538168  -0.6636895674  0.4514345584
C   1.8776150005  1.5576166831  -0.1124543892
F   4.0994600695  1.1209082135  0.9776846052
F   2.2523968838  1.7788567366  -2.5790964978
F   1.0035042413  3.7331141883  0.7577522955
C   -2.7329998278  -0.0449445324  -0.1811134382
F   -4.1508599710  -2.0659541518  0.1987047447
F   -3.5955157717  1.7996000678  1.2735573933
F   -2.9572846560  0.6596801199  -2.5762348141
F   0.1595519692  -1.0108722785  3.0068571971
H   2.7659927041  -5.8646892817  -1.2396595215
H   4.4806048647  -2.9948181308  -1.4416256266
H   3.4251142338  -4.1272396563  1.5480248344
momentum
27.109858722735694  17.912067494325758  -20.149327310551193
-27.053227754090283  -8.817690893937412  -27.776053453403286
50.47960901309966  -29.62412577927948  -11.66393122278281
11.990323284215355  28.929342439820573  11.548286438660153
-24.71770032558657  -49.46804607998424  40.83210598962881
0.8542798240974364  55.62457546853706  -4.711327525252579
-19.90945672827234  -48.390571269047825  -24.14008008076067
42.11942487440455  -17.303027005538596  38.69288456744203
-62.50351193108462  -6.070883147425677  37.31602161921412
1.8491844001449902  37.43128020328984  -14.551295989109457
9.831979874316156  -18.625311429963055  -23.775418019903654
-11.482092703479054  31.452058079817046  -15.124263938638403
-2.031907547779413  13.802070605664914  15.491943652289958
-13.282225634771466  -4.774040906912743  -9.265349626356285
16.640951074134424  -2.4169441380362398  6.876802262080019
