C   2.9929992543  -3.9946887565  -0.4491417187
O   0.6121754810  -2.7846264943  -0.8315142595
C   0.0506538168  -0.6636895674  0.4514345584
C   1.8776150005  1.5576166831  -0.1124543892
F   4.0994600695  1.1209082135  0.9776846052
F   2.2523968838  1.7788567366  -2.5790964978
F   1.0035042413  3.7331141883  0.7577522955
C   -2.7329998278  -0.0449445324  -0.1811134382
F   -4.1508599710  -2.0659541518  0.1987047447
F   -3.5955157717  1.7996000678  1.2735573933
F   -2.9572846560  0.6596801199  -2.5762348141
F   0.1595519692  -1.0108722785  3.0068571971
H   2.7659927041  -5.8646892817  -1.2396595215
H   4.4806048647  -2.9948181308  -1.4416256266
H   3.4251142338  -4.1272396563  1.5480248344
momentum
9.356066507556093  -31.325913738817295  18.939974351762707
61.18763607662139  -17.430658170719163  5.208937901454041
-4.017037969272953  -3.1832257859704676  25.22323626847858
1.5812140009772229  38.31501176618095  -20.959491241758055
9.428915849545062  -37.24462247793263  46.32105729112375
-72.8597774948397  -30.184772233611547  3.5545624001544742
-27.346897845223264  20.493200858709354  3.3447565432778257
3.911457025103971  57.35523690645736  20.08721828395794
28.384858895565422  -1.8350396478448834  -32.38433444672105
20.62940543766082  5.845840850146227  -28.014108200139148
-37.24596890043906  5.737723310839084  9.709679475747366
15.539510972428705  -4.513824059547606  -25.286021063194642
-5.219171624183888  -5.822864122308218  -3.138416850827307
8.746291331641237  -5.500720382252203  -13.06806395989271
-12.210173722020906  9.712877596446576  -9.94490346642539
