C   2.9929992543  -3.9946887565  -0.4491417187
O   0.6121754810  -2.7846264943  -0.8315142595
C   0.0506538168  -0.6636895674  0.4514345584
C   1.8776150005  1.5576166831  -0.1124543892
F   4.0994600695  1.1209082135  0.9776846052
F   2.2523968838  1.7788567366  -2.5790964978
F   1.0035042413  3.7331141883  0.7577522955
C   -2.7329998278  -0.0449445324  -0.1811134382
F   -4.1508599710  -2.0659541518  0.1987047447
F   -3.5955157717  1.7996000678  1.2735573933
F   -2.9572846560  0.6596801199  -2.5762348141
F   0.1595519692  -1.0108722785  3.0068571971
H   2.7659927041  -5.8646892817  -1.2396595215
H   4.4806048647  -2.9948181308  -1.4416256266
H   3.4251142338  -4.1272396563  1.5480248344
momentum
-39.28308584408604  30.04838363812281  8.256805222668946
-9.944896111480226  -18.772115339479953  -44.30771177387157
22.347336329772105  16.164904063328077  32.011322052215455
2.0364210483628433  49.55545917833243  -32.54921577344163
1.6079896292002664  -44.21169844677918  -58.341033478630486
28.716131016992446  1.0163375537024295  10.627777454189983
-9.992965594120339  -5.168783609728244  39.483976184224964
-26.628101036238274  -0.9507416022850091  -8.863498881986827
33.11136056094722  -19.191325847798712  6.178138636704698
9.690464155464502  -14.563351631961563  -32.74295749174776
0.08683677852422482  0.5118007741193839  29.809883288974646
-14.515906120162649  2.7404180259222604  27.713106285981784
10.404551969417643  -2.561352610904089  5.354095397724416
8.551305470366088  0.6548631931671186  12.068144104411958
-16.45340546797755  5.117742861288026  5.585977474065939
