C   2.9929992543  -3.9946887565  -0.4491417187
O   0.6121754810  -2.7846264943  -0.8315142595
C   0.0506538168  -0.6636895674  0.4514345584
C   1.8776150005  1.5576166831  -0.1124543892
F   4.0994600695  1.1209082135  0.9776846052
F   2.2523968838  1.7788567366  -2.5790964978
F   1.0035042413  3.7331141883  0.7577522955
C   -2.7329998278  -0.0449445324  -0.1811134382
F   -4.1508599710  -2.0659541518  0.1987047447
F   -3.5955157717  1.7996000678  1.2735573933
F   -2.9572846560  0.6596801199  -2.5762348141
F   0.1595519692  -1.0108722785  3.0068571971
H   2.7659927041  -5.8646892817  -1.2396595215
H   4.4806048647  -2.9948181308  -1.4416256266
H   3.4251142338  -4.1272396563  1.5480248344
momentum
-6.311988037098022  40.86656540606147  44.03104049403151
-7.138139843076523  -31.271684189690014  -8.107445568849945
-32.6849964099406  -38.47971207891383  -11.995903186668219
-11.706047687804183  -26.2633257899505  19.56046322884561
29.823126454778443  -39.26396858647707  -37.497757371777986
-1.9353434739535622  72.5790549815912  -35.19885305567947
5.984453550284684  9.424048473623625  11.962470483318983
48.0917205374427  2.36787795568882  -21.59024935839052
1.1592404442509878  3.506458408310262  14.588566562983763
3.5878192769445283  -23.722544234043124  -28.418564327381418
-6.62640931481025  9.887604913708437  21.97345906412476
-21.703796029346197  7.469377566689461  29.018370420837282
-6.9916901346775795  9.101998902634469  -8.277003834626791
1.4956067444864543  0.04109697660319749  0.8415552500183574
4.794800062397765  3.283957730229939  9.533662888790788
