C   2.9929992543  -3.9946887565  -0.4491417187
O   0.6121754810  -2.7846264943  -0.8315142595
C   0.0506538168  -0.6636895674  0.4514345584
C   1.8776150005  1.5576166831  -0.1124543892
F   4.0994600695  1.1209082135  0.9776846052
F   2.2523968838  1.7788567366  -2.5790964978
F   1.0035042413  3.7331141883  0.7577522955
C   -2.7329998278  -0.0449445324  -0.1811134382
F   -4.1508599710  -2.0659541518  0.1987047447
F   -3.5955157717  1.7996000678  1.2735573933
F   -2.9572846560  0.6596801199  -2.5762348141
F   0.1595519692  -1.0108722785  3.0068571971
H   2.7659927041  -5.8646892817  -1.2396595215
H   4.4806048647  -2.9948181308  -1.4416256266
H   3.4251142338  -4.1272396563  1.5480248344
momentum
12.478245940145078  16.86453360638404  5.933012940098612
14.496166530356337  38.0144236221687  19.795333213991363
3.353158864977021  0.16395551396106128  0.20210906510622043
-2.7839044511707534  -27.62672665431594  1.2391037027599299
24.856738299686963  18.3958178842339  17.572437599752522
-21.493495510711618  -15.84535796865033  29.13908189237203
34.274366728568914  -7.2962800519768445  -5.436257867100651
-0.895092606480153  -34.54836459219467  35.68864659417471
-21.257003207328104  7.841900676849443  11.478200581290832
-52.975511282877385  12.025448358853405  -2.962806132152179
-4.104144964862762  8.759857159117905  -50.6071502466225
37.27959248162176  -12.606817539063298  -60.04833099772838
-6.503720595584144  3.148869428926459  0.42769628529944304
-9.143757618541754  -2.265313054527346  -8.543723198555147
-7.489553705824608  -4.804792117672179  5.55916898779397
