C   2.9929992543  -3.9946887565  -0.4491417187
O   0.6121754810  -2.7846264943  -0.8315142595
C   0.0506538168  -0.6636895674  0.4514345584
C   1.8776150005  1.5576166831  -0.1124543892
F   4.0994600695  1.1209082135  0.9776846052
F   2.2523968838  1.7788567366  -2.5790964978
F   1.0035042413  3.7331141883  0.7577522955
C   -2.7329998278  -0.0449445324  -0.1811134382
F   -4.1508599710  -2.0659541518  0.1987047447
F   -3.5955157717  1.7996000678  1.2735573933
F   -2.9572846560  0.6596801199  -2.5762348141
F   0.1595519692  -1.0108722785  3.0068571971
H   2.7659927041  -5.8646892817  -1.2396595215
H   4.4806048647  -2.9948181308  -1.4416256266
H   3.4251142338  -4.1272396563  1.5480248344
momentum
-48.15778982547986  2.656380817095665  -13.076637564496806
-13.7017690340052  -11.913001582542728  11.605841301571406
5.694356333865227  28.0097804710827  6.708329055373878
-38.34626026875247  13.012417345895317  3.758361067561718
-19.13974840801707  -0.9065368572492665  -12.689386248390376
13.994479169797039  -4.453188914156142  -25.211206849292104
-8.912615624934574  -22.495100608934816  37.06124246125354
46.83160174103046  -25.504656921490675  33.76833906784697
7.1951878248613985  25.814899203294274  -21.776482784447747
10.85614558045538  -22.09718577067962  -8.015438763566396
6.90311558845704  -2.719253084521087  -23.183522337980353
33.386988912513544  4.482741686068699  -13.470717580706506
5.576085475868952  20.35375420617049  19.97683846491449
-3.122745368006787  -1.6140212575967532  -2.1476573424405356
0.7250154791506399  -2.3375125069354166  6.784997011660026
