C   2.9929992543  -3.9946887565  -0.4491417187
O   0.6121754810  -2.7846264943  -0.8315142595
C   0.0506538168  -0.6636895674  0.4514345584
C   1.8776150005  1.5576166831  -0.1124543892
F   4.0994600695  1.1209082135  0.9776846052
F   2.2523968838  1.7788567366  -2.5790964978
F   1.0035042413  3.7331141883  0.7577522955
C   -2.7329998278  -0.0449445324  -0.1811134382
F   -4.1508599710  -2.0659541518  0.1987047447
F   -3.5955157717  1.7996000678  1.2735573933
F   -2.9572846560  0.6596801199  -2.5762348141
F   0.1595519692  -1.0108722785  3.0068571971
H   2.7659927041  -5.8646892817  -1.2396595215
H   4.4806048647  -2.9948181308  -1.4416256266
H   3.4251142338  -4.1272396563  1.5480248344
momentum
-14.113845459106958  0.11559556719690517  38.52710272508691
-15.874222347350994  -9.960099848635336  -27.100327593430475
-39.49113579030748  -10.614357597881742  -19.089278403903247
13.953279009744563  30.8453895052229  10.192128412532663
-4.005007272793277  -22.34561130999005  12.212746337580548
-4.252919973407234  19.172667632092  -18.40234412259786
0.7176473403258907  34.53110175730597  25.05282743946858
5.402805188205649  -35.4699413356055  -51.606892725730624
54.37166474529039  44.06450088239745  27.259954104165324
40.73516780808462  -1.6890934164628222  -17.827654352611408
-33.76915155953113  -28.26101068318395  42.465608003935564
0.17831462010553598  -30.04431483259278  -34.89210247985423
6.249796109873695  1.9476842243661532  -0.9438393096397697
-12.74881683168776  -0.1374102205329548  11.045189133424723
2.759994217231099  7.51454196209093  3.5091564421562125
