C   2.9929992543  -3.9946887565  -0.4491417187
O   0.6121754810  -2.7846264943  -0.8315142595
C   0.0506538168  -0.6636895674  0.4514345584
C   1.8776150005  1.5576166831  -0.1124543892
F   4.0994600695  1.1209082135  0.9776846052
F   2.2523968838  1.7788567366  -2.5790964978
F   1.0035042413  3.7331141883  0.7577522955
C   -2.7329998278  -0.0449445324  -0.1811134382
F   -4.1508599710  -2.0659541518  0.1987047447
F   -3.5955157717  1.7996000678  1.2735573933
F   -2.9572846560  0.6596801199  -2.5762348141
F   0.1595519692  -1.0108722785  3.0068571971
H   2.7659927041  -5.8646892817  -1.2396595215
H   4.4806048647  -2.9948181308  -1.4416256266
H   3.4251142338  -4.1272396563  1.5480248344
momentum
-14.667361943056719  -23.475308841099174  -12.87795619140022
-20.687239831142865  -26.799764729603226  22.0958567472682
41.18825545474305  34.10243171364378  16.185582540005665
23.703708899971954  1.6390426410988272  -29.626426512287054
-22.612630092299533  4.370165102881458  -23.143232916254572
-0.37727512022811005  38.7841252218979  59.15886232716795
59.58466526926817  6.470864349274135  -27.377566085288738
-18.525283425754388  -24.901948977357964  -31.59949358854178
28.361140180826503  0.06852019653337436  -4.217541622234785
-27.223996455101414  -18.52997093026199  26.02006743029484
2.981307657878924  -12.19287671100479  -8.058206839603915
-36.601175118727234  -3.680481775927824  23.923348997420423
5.674539865073415  0.42616685908525487  6.712006544151717
-10.654878254845753  11.503079561348468  -13.437655981795624
-10.138842026798526  11.885344715968717  -4.161161973927815
