C   2.9929992543  -3.9946887565  -0.4491417187
O   0.6121754810  -2.7846264943  -0.8315142595
C   0.0506538168  -0.6636895674  0.4514345584
C   1.8776150005  1.5576166831  -0.1124543892
F   4.0994600695  1.1209082135  0.9776846052
F   2.2523968838  1.7788567366  -2.5790964978
F   1.0035042413  3.7331141883  0.7577522955
C   -2.7329998278  -0.0449445324  -0.1811134382
F   -4.1508599710  -2.0659541518  0.1987047447
F   -3.5955157717  1.7996000678  1.2735573933
F   -2.9572846560  0.6596801199  -2.5762348141
F   0.1595519692  -1.0108722785  3.0068571971
H   2.7659927041  -5.8646892817  -1.2396595215
H   4.4806048647  -2.9948181308  -1.4416256266
H   3.4251142338  -4.1272396563  1.5480248344
momentum
52.739942930760726  -7.951452579103146  -51.66795850322511
-28.493773071772406  -2.1342943459457024  -32.77567731376681
-16.716519552242957  -38.56894306900834  23.688421419115365
73.02675290181163  27.709983045157283  48.80252578570007
-11.369475156022744  -2.750208740864255  20.407242232458874
-79.8882333743368  -1.404035456016775  -15.985966640261656
-15.974813289840403  -26.35756550564107  30.478916679768513
-22.959587449687756  -22.56136692608357  -3.2798547079936107
-11.111499991099416  33.494466022176645  -4.667325562554166
55.71268280919984  21.83248953564966  -74.48922095560809
-10.188526902372223  -25.96321732821703  15.684850283958433
13.778914462016612  58.54964226557465  37.725482574932734
10.67444191633848  -8.574846930516626  3.3819246348879135
2.543959348530281  -10.438981904703526  1.1241320123748366
-11.854838247587749  5.473962900798194  1.5733258100950502
