C   2.9929992543  -3.9946887565  -0.4491417187
O   0.6121754810  -2.7846264943  -0.8315142595
C   0.0506538168  -0.6636895674  0.4514345584
C   1.8776150005  1.5576166831  -0.1124543892
F   4.0994600695  1.1209082135  0.9776846052
F   2.2523968838  1.7788567366  -2.5790964978
F   1.0035042413  3.7331141883  0.7577522955
C   -2.7329998278  -0.0449445324  -0.1811134382
F   -4.1508599710  -2.0659541518  0.1987047447
F   -3.5955157717  1.7996000678  1.2735573933
F   -2.9572846560  0.6596801199  -2.5762348141
F   0.1595519692  -1.0108722785  3.0068571971
H   2.7659927041  -5.8646892817  -1.2396595215
H   4.4806048647  -2.9948181308  -1.4416256266
H   3.4251142338  -4.1272396563  1.5480248344
momentum
-12.181375805770527  3.8573534715239717  11.407389692809145
-40.38395032732047  -8.305142977916702  1.9373601958781732
-19.614723320141337  -41.089494853556225  -33.02130444850097
-9.638145609945482  9.76178772647546  -5.918691359097767
-9.739560201085629  35.175197073489066  21.424656883826877
-29.797035192622893  -13.805846613394602  -66.7852857292805
4.861362288823948  -32.36344820263903  45.92942917775807
20.788093324886614  -4.3806102015410335  -1.8820541930330479
-45.06534200911061  -26.89954888809234  5.485621598266769
-6.690296386238798  -15.58534724250772  -3.7375448249861227
76.05753133854415  58.63657161105748  -25.427124649258335
73.55133438654583  14.970579775571352  47.215290153176134
2.080625286006578  7.8944306084016125  12.773209006980851
1.1387138244844366  -3.681439859298803  3.5971073706903653
-4.736329340763131  15.613966199570939  -12.46460044178205
