C   2.9929992543  -3.9946887565  -0.4491417187
O   0.6121754810  -2.7846264943  -0.8315142595
C   0.0506538168  -0.6636895674  0.4514345584
C   1.8776150005  1.5576166831  -0.1124543892
F   4.0994600695  1.1209082135  0.9776846052
F   2.2523968838  1.7788567366  -2.5790964978
F   1.0035042413  3.7331141883  0.7577522955
C   -2.7329998278  -0.0449445324  -0.1811134382
F   -4.1508599710  -2.0659541518  0.1987047447
F   -3.5955157717  1.7996000678  1.2735573933
F   -2.9572846560  0.6596801199  -2.5762348141
F   0.1595519692  -1.0108722785  3.0068571971
H   2.7659927041  -5.8646892817  -1.2396595215
H   4.4806048647  -2.9948181308  -1.4416256266
H   3.4251142338  -4.1272396563  1.5480248344
momentum
-5.4478518075945965  -26.923339984332955  19.972748431074653
20.15086515483411  -25.74638939385925  21.472054605537853
-4.241997505177822  10.32676444494039  5.240789479715262
49.08955558234651  -12.41046753735574  -21.639134462859477
-13.035734281522455  39.48580409630272  6.380686888059456
2.450743406171053  -10.18015709709276  -5.758589414821615
-48.51525037242696  -27.24715600412452  15.910693533210367
13.347187053823852  8.63355677519833  47.90436305888118
-51.808923046286736  8.235023127437637  -56.14604906542469
-21.663270858292023  -5.116174334099033  -5.305138472837634
-5.600577358274498  29.906063425128604  27.608516265942278
67.40107432963177  13.3309761459492  -55.35051916820629
1.8824143955526886  2.056418460888743  11.021459475350253
3.663706900826349  -1.0785890723618208  -3.189203662322248
-7.557171979889317  -2.7415821100731783  -8.117672218238766
