C   2.9929992543  -3.9946887565  -0.4491417187
O   0.6121754810  -2.7846264943  -0.8315142595
C   0.0506538168  -0.6636895674  0.4514345584
C   1.8776150005  1.5576166831  -0.1124543892
F   4.0994600695  1.1209082135  0.9776846052
F   2.2523968838  1.7788567366  -2.5790964978
F   1.0035042413  3.7331141883  0.7577522955
C   -2.7329998278  -0.0449445324  -0.1811134382
F   -4.1508599710  -2.0659541518  0.1987047447
F   -3.5955157717  1.7996000678  1.2735573933
F   -2.9572846560  0.6596801199  -2.5762348141
F   0.1595519692  -1.0108722785  3.0068571971
H   2.7659927041  -5.8646892817  -1.2396595215
H   4.4806048647  -2.9948181308  -1.4416256266
H   3.4251142338  -4.1272396563  1.5480248344
momentum
-19.70539880703216  -18.15997044276487  21.961836514963636
18.189780263869505  -4.813591987491899  -0.40951128869764103
7.867682578768413  9.366616778671993  32.319008827433485
-62.903398349167034  1.930346201756819  -12.190468113841744
25.853355506096232  -69.97448793652416  -65.04036026731882
-48.35395603358045  46.96353006157255  3.113578379063403
-55.50971038971753  -26.726995438794937  5.611905152828067
-2.5421786822105363  15.21904575494455  23.817242415233917
37.372842703823494  17.224640115122572  -51.73465708702124
54.62586330200307  -18.63364820368384  -46.647609522784954
46.958098314945644  16.53209769477351  35.44455365469214
-6.731638379396195  17.87835560104069  46.51094213895761
5.316127604213087  3.83070735266046  2.312625128757231
0.999071821843306  3.166207931761841  2.785808899382828
-1.8429301523083363  6.097454180320582  2.2070431515934192
