C   2.9929992543  -3.9946887565  -0.4491417187
O   0.6121754810  -2.7846264943  -0.8315142595
C   0.0506538168  -0.6636895674  0.4514345584
C   1.8776150005  1.5576166831  -0.1124543892
F   4.0994600695  1.1209082135  0.9776846052
F   2.2523968838  1.7788567366  -2.5790964978
F   1.0035042413  3.7331141883  0.7577522955
C   -2.7329998278  -0.0449445324  -0.1811134382
F   -4.1508599710  -2.0659541518  0.1987047447
F   -3.5955157717  1.7996000678  1.2735573933
F   -2.9572846560  0.6596801199  -2.5762348141
F   0.1595519692  -1.0108722785  3.0068571971
H   2.7659927041  -5.8646892817  -1.2396595215
H   4.4806048647  -2.9948181308  -1.4416256266
H   3.4251142338  -4.1272396563  1.5480248344
momentum
-15.475994670581919  10.219661057010642  -24.485983312055776
6.922227119479786  -31.789882521090377  6.284244432365883
-33.0922996741775  -5.971486591258588  37.892762490801246
-21.202601861023403  37.352313470324866  -2.5273718208254685
5.447927577761656  -29.041656215243947  -59.68942130435469
-7.183105481014113  33.943709277691816  28.053607576691768
9.489732401623371  -23.679622126604286  -36.25874789348848
48.10389088047802  43.2389125102801  7.267879722369908
8.333670749853175  -14.744417184394965  -24.225142188631665
2.609613870265419  -37.19671155321069  38.489454536098876
19.83017272198815  9.836083748399934  -41.26744955877533
-23.843349871692766  5.6690177406749545  32.98982123177795
-1.2470568440715102  -0.6158869811069293  14.275744167454839
-2.956337742095367  11.44149359332756  5.061800580394928
3.5000803618375205  -8.91764218869267  17.87401823227254
