C   2.9929992543  -3.9946887565  -0.4491417187
O   0.6121754810  -2.7846264943  -0.8315142595
C   0.0506538168  -0.6636895674  0.4514345584
C   1.8776150005  1.5576166831  -0.1124543892
F   4.0994600695  1.1209082135  0.9776846052
F   2.2523968838  1.7788567366  -2.5790964978
F   1.0035042413  3.7331141883  0.7577522955
C   -2.7329998278  -0.0449445324  -0.1811134382
F   -4.1508599710  -2.0659541518  0.1987047447
F   -3.5955157717  1.7996000678  1.2735573933
F   -2.9572846560  0.6596801199  -2.5762348141
F   0.1595519692  -1.0108722785  3.0068571971
H   2.7659927041  -5.8646892817  -1.2396595215
H   4.4806048647  -2.9948181308  -1.4416256266
H   3.4251142338  -4.1272396563  1.5480248344
momentum
22.626453674252815  -12.926051080784292  -19.672857394732304
-19.39866123708437  -1.3792137273557212  16.048003800855263
30.617156713190376  -14.268089598536818  -40.252929211173885
9.289126803034987  -46.95395306974761  16.30763380470731
-11.679345054066669  27.937211191203403  14.512762203493917
26.816375060892437  -6.150668529745077  26.365797837977087
-42.34950452644113  22.17064935534699  -60.69783030642493
52.515126120418046  18.675656357504458  4.572454150564371
53.31235287115071  9.791409177050523  10.600519616941012
-52.491288087937725  11.942561978112177  -22.722021220610088
-23.122379953995406  25.279803674202608  46.397287784202
-26.961594475354453  -19.81099643395612  31.337932062409614
-10.452028420685016  2.27041312633789  -1.8223575801818002
-4.565120729600923  -3.3061524619741425  -16.95157948526204
-3.559197939934729  -12.907406498667758  -4.169671151831163
