C   2.9929992543  -3.9946887565  -0.4491417187
O   0.6121754810  -2.7846264943  -0.8315142595
C   0.0506538168  -0.6636895674  0.4514345584
C   1.8776150005  1.5576166831  -0.1124543892
F   4.0994600695  1.1209082135  0.9776846052
F   2.2523968838  1.7788567366  -2.5790964978
F   1.0035042413  3.7331141883  0.7577522955
C   -2.7329998278  -0.0449445324  -0.1811134382
F   -4.1508599710  -2.0659541518  0.1987047447
F   -3.5955157717  1.7996000678  1.2735573933
F   -2.9572846560  0.6596801199  -2.5762348141
F   0.1595519692  -1.0108722785  3.0068571971
H   2.7659927041  -5.8646892817  -1.2396595215
H   4.4806048647  -2.9948181308  -1.4416256266
H   3.4251142338  -4.1272396563  1.5480248344
momentum
-36.24356751305874  1.84267423068087  4.25080122289942
2.4551629884239596  -29.232133280113825  -0.43290909425531665
49.60213921996033  28.87183128266159  -8.18921378746799
-16.53902348476975  9.728533709861718  17.196473585980492
39.544233362677424  -10.07833669721083  20.399537425768678
-3.746840510945038  47.68609724789687  3.60028701786227
31.61048614317094  -43.80627729822461  -25.981373610571502
-43.910401978731095  -23.14115965801305  -25.421696629494573
-7.693813458322935  -10.61819544874749  -65.79958526054389
-2.9674186856082216  -37.10509497850666  7.031760579394943
-8.241807922393548  -17.41883539636318  65.90387039733692
26.62441283874911  79.38789610251263  7.9859208961285395
-9.579124527137134  -2.9696783630285273  1.786768877424787
-10.221933568414354  -3.327234713380517  -3.741598436478644
-10.812449659223248  10.252623960866453  1.0425546700042567
