C   2.9929992543  -3.9946887565  -0.4491417187
O   0.6121754810  -2.7846264943  -0.8315142595
C   0.0506538168  -0.6636895674  0.4514345584
C   1.8776150005  1.5576166831  -0.1124543892
F   4.0994600695  1.1209082135  0.9776846052
F   2.2523968838  1.7788567366  -2.5790964978
F   1.0035042413  3.7331141883  0.7577522955
C   -2.7329998278  -0.0449445324  -0.1811134382
F   -4.1508599710  -2.0659541518  0.1987047447
F   -3.5955157717  1.7996000678  1.2735573933
F   -2.9572846560  0.6596801199  -2.5762348141
F   0.1595519692  -1.0108722785  3.0068571971
H   2.7659927041  -5.8646892817  -1.2396595215
H   4.4806048647  -2.9948181308  -1.4416256266
H   3.4251142338  -4.1272396563  1.5480248344
momentum
27.35501378742926  42.23807095117314  -17.38768892775002
14.870199148514786  -28.53071809741164  2.3231212363522333
-46.417795942806734  12.137576131296079  5.810825252090717
-22.268006903225196  -16.063652966295457  19.059374065954813
30.900931513302627  -17.81051572509394  43.855261846959344
7.344583981275871  -0.8420251627520108  -63.58775564922142
20.358314019013168  7.896222924676507  14.191162049997693
-17.009704300430858  18.342242104695  25.532229908682194
-36.81860670065006  -32.28805151035382  -22.72326321012779
28.428221814418123  -13.747694776480335  -22.8992005215791
-13.908289314964014  -1.9246589255887552  22.196715341696034
17.89226441085236  41.509841167557845  -11.946094566241527
-3.5838102255101356  -1.6236666618636237  -1.9236187773886917
-0.2573508188683477  0.446838019164277  2.706709220133539
-7.351580823435725  -9.457698200052167  4.765919858699094
