C   2.9929992543  -3.9946887565  -0.4491417187
O   0.6121754810  -2.7846264943  -0.8315142595
C   0.0506538168  -0.6636895674  0.4514345584
C   1.8776150005  1.5576166831  -0.1124543892
F   4.0994600695  1.1209082135  0.9776846052
F   2.2523968838  1.7788567366  -2.5790964978
F   1.0035042413  3.7331141883  0.7577522955
C   -2.7329998278  -0.0449445324  -0.1811134382
F   -4.1508599710  -2.0659541518  0.1987047447
F   -3.5955157717  1.7996000678  1.2735573933
F   -2.9572846560  0.6596801199  -2.5762348141
F   0.1595519692  -1.0108722785  3.0068571971
H   2.7659927041  -5.8646892817  -1.2396595215
H   4.4806048647  -2.9948181308  -1.4416256266
H   3.4251142338  -4.1272396563  1.5480248344
momentum
-18.39648508975886  14.015645610355989  -7.16641438113012
27.813583494056907  45.996971486163936  -13.544378209027803
6.921167172215297  -31.422205539977707  -26.67961166695537
-28.33410627912854  5.02592974482155  -24.438320740122773
49.106937804835816  22.099013638164042  19.602252071224168
51.482888754729096  -3.475027296800743  -29.019393304812258
-28.39922484385963  -68.39249588193107  40.08775134799948
-43.81022070868858  34.19754745426031  24.390640346401725
6.6048111282527735  9.716624640004017  68.36327378725179
-39.200052174734004  41.75516690914316  -3.602351487120721
5.3093385768678445  -34.57594022033509  -75.46434610197838
16.522711667309803  -41.816076751197194  21.481312708579935
-11.093712294044204  -1.7274256621012518  6.687132072199709
2.5469471285234317  9.271490307332943  9.07254529244975
2.8013968055772085  -0.8520859546708913  -9.556696414881797
