C   2.9929992543  -3.9946887565  -0.4491417187
O   0.6121754810  -2.7846264943  -0.8315142595
C   0.0506538168  -0.6636895674  0.4514345584
C   1.8776150005  1.5576166831  -0.1124543892
F   4.0994600695  1.1209082135  0.9776846052
F   2.2523968838  1.7788567366  -2.5790964978
F   1.0035042413  3.7331141883  0.7577522955
C   -2.7329998278  -0.0449445324  -0.1811134382
F   -4.1508599710  -2.0659541518  0.1987047447
F   -3.5955157717  1.7996000678  1.2735573933
F   -2.9572846560  0.6596801199  -2.5762348141
F   0.1595519692  -1.0108722785  3.0068571971
H   2.7659927041  -5.8646892817  -1.2396595215
H   4.4806048647  -2.9948181308  -1.4416256266
H   3.4251142338  -4.1272396563  1.5480248344
momentum
-9.777668989272838  -10.560275908541058  -14.297424892844617
2.8746298061023006  -3.7516463523570445  26.136674847803498
-16.372117804240155  -3.65412605224197  -4.51111485907056
28.907143206330733  29.920022989343522  15.597431311354883
59.513823946536746  7.294305262282232  35.70565707317291
-14.570238011252778  -12.67576091513435  -59.917009299197346
-29.875931324834376  -26.18035592421634  4.457276099071064
-11.959098916049859  -19.978642062165743  52.35472405746488
19.424604621986564  43.525109739676246  -39.90896993431888
-18.625672771388203  5.662844138674786  -4.170494204776596
-9.70748596357798  -9.263462971615892  -14.510353340031598
-13.757200856250448  -8.313453922726884  19.058210570392475
2.4586450985889154  4.533791491279832  -7.780813576035921
-0.5172483318213195  -13.049934834114175  -4.32468323913439
11.830812735333552  16.772911574895797  -3.901485453437727
