C   2.9929992543  -3.9946887565  -0.4491417187
O   0.6121754810  -2.7846264943  -0.8315142595
C   0.0506538168  -0.6636895674  0.4514345584
C   1.8776150005  1.5576166831  -0.1124543892
F   4.0994600695  1.1209082135  0.9776846052
F   2.2523968838  1.7788567366  -2.5790964978
F   1.0035042413  3.7331141883  0.7577522955
C   -2.7329998278  -0.0449445324  -0.1811134382
F   -4.1508599710  -2.0659541518  0.1987047447
F   -3.5955157717  1.7996000678  1.2735573933
F   -2.9572846560  0.6596801199  -2.5762348141
F   0.1595519692  -1.0108722785  3.0068571971
H   2.7659927041  -5.8646892817  -1.2396595215
H   4.4806048647  -2.9948181308  -1.4416256266
H   3.4251142338  -4.1272396563  1.5480248344
momentum
-9.152285161393475  -5.063302582780531  -10.881838203450043
-28.036844505509638  -2.1998557697386745  2.9616443456698778
-4.433447211947296  -4.8469383530525905  9.333181284385702
4.219129043430723  28.664945668385442  -29.899450822668875
25.304598943380746  -15.948651892405596  20.205788679637752
21.280917135153217  40.37131039513876  -12.639641659771895
-51.2405822429071  -14.747247585204763  -7.542753321629255
-31.532969248063516  29.88701892438108  -28.865473136876034
-17.4059044705279  -3.2732026469648376  10.912194613330428
7.179928242249275  -36.676083517428886  -24.75685317139906
40.806649854874074  -5.373163197512279  39.77406286346031
53.0032324727698  2.551760291277153  15.927897287439263
-4.840181780262531  3.5132465715602152  3.6976532901096237
-2.814581275486026  -9.661864570445074  7.923109105983392
-2.750820105567633  -6.7041134847803  3.987381111851506
