C   2.9929992543  -3.9946887565  -0.4491417187
O   0.6121754810  -2.7846264943  -0.8315142595
C   0.0506538168  -0.6636895674  0.4514345584
C   1.8776150005  1.5576166831  -0.1124543892
F   4.0994600695  1.1209082135  0.9776846052
F   2.2523968838  1.7788567366  -2.5790964978
F   1.0035042413  3.7331141883  0.7577522955
C   -2.7329998278  -0.0449445324  -0.1811134382
F   -4.1508599710  -2.0659541518  0.1987047447
F   -3.5955157717  1.7996000678  1.2735573933
F   -2.9572846560  0.6596801199  -2.5762348141
F   0.1595519692  -1.0108722785  3.0068571971
H   2.7659927041  -5.8646892817  -1.2396595215
H   4.4806048647  -2.9948181308  -1.4416256266
H   3.4251142338  -4.1272396563  1.5480248344
momentum
-27.652555542452898  -1.2701283472923763  16.08267934935397
62.702354607845756  63.477505588688786  15.36993844600508
6.841407050803727  1.1971498509511482  -10.750467527061577
18.57247910575813  -19.75152868504884  7.268162420436829
-84.46695990164605  17.863719952182663  -4.185971767257297
3.133269244348677e-05  4.452383476389537  -3.773401028278463
39.391744231013085  -21.964581332244823  -15.04491833081043
49.5609626562871  18.83399004880623  0.10880919929030436
-36.38494162862504  -29.316029136610325  47.986671431196996
-9.423770933621753  -29.860871764017514  -6.165621705024086
-16.372615642807883  35.45236382542178  -40.51424813015133
2.7518865048760315  -24.29672316052069  3.656113495182637
-3.8268438783213448  -10.905414999636157  3.901839384278913
5.883231653449368  5.741581012175062  -17.463999820217374
-7.1480766312086885  -9.404527339569015  3.2470074520748486
