C   2.9929992543  -3.9946887565  -0.4491417187
O   0.6121754810  -2.7846264943  -0.8315142595
C   0.0506538168  -0.6636895674  0.4514345584
C   1.8776150005  1.5576166831  -0.1124543892
F   4.0994600695  1.1209082135  0.9776846052
F   2.2523968838  1.7788567366  -2.5790964978
F   1.0035042413  3.7331141883  0.7577522955
C   -2.7329998278  -0.0449445324  -0.1811134382
F   -4.1508599710  -2.0659541518  0.1987047447
F   -3.5955157717  1.7996000678  1.2735573933
F   -2.9572846560  0.6596801199  -2.5762348141
F   0.1595519692  -1.0108722785  3.0068571971
H   2.7659927041  -5.8646892817  -1.2396595215
H   4.4806048647  -2.9948181308  -1.4416256266
H   3.4251142338  -4.1272396563  1.5480248344
momentum
36.20197253510117  -23.809095781401105  -1.7945677528544897
10.464171841528609  19.94332480321447  -4.1735385639055504
5.288223088743773  -31.33497186071876  -7.21285233274637
-6.397385021730903  14.748373821534518  -16.307706748287494
-19.094127121592045  -14.402873493235843  22.902863884935993
-41.873265733752554  8.74185700359479  -26.38002378311377
-10.568668594585453  -32.2687161351526  24.029869313173357
-15.672072434670621  -7.554826540274154  24.880358209261434
24.213484508827374  26.728919368623707  18.042683991080157
34.95624787290007  8.837944289633645  -33.65956081510857
45.95340661692495  -8.67763612110318  19.051953087381083
-31.168235068912374  24.833045744107956  -12.750881213744574
4.038347775123772  6.852625522035762  2.4725930390073723
-22.657923461351572  7.957190381220208  -7.896315822827357
-13.706127993100864  -0.9330355092599575  -1.6359014596762338
