C   2.9929992543  -3.9946887565  -0.4491417187
O   0.6121754810  -2.7846264943  -0.8315142595
C   0.0506538168  -0.6636895674  0.4514345584
C   1.8776150005  1.5576166831  -0.1124543892
F   4.0994600695  1.1209082135  0.9776846052
F   2.2523968838  1.7788567366  -2.5790964978
F   1.0035042413  3.7331141883  0.7577522955
C   -2.7329998278  -0.0449445324  -0.1811134382
F   -4.1508599710  -2.0659541518  0.1987047447
F   -3.5955157717  1.7996000678  1.2735573933
F   -2.9572846560  0.6596801199  -2.5762348141
F   0.1595519692  -1.0108722785  3.0068571971
H   2.7659927041  -5.8646892817  -1.2396595215
H   4.4806048647  -2.9948181308  -1.4416256266
H   3.4251142338  -4.1272396563  1.5480248344
momentum
-6.164717306038947  15.42344535279988  17.3759467107266
28.947117129451982  6.821912951569037  -16.77821246159122
12.57361189778606  -28.666510723021467  -30.55737995949336
5.731300914017038  13.734317631960558  -2.103325933425158
1.4440862484786132  25.079732671662814  -21.572042124055375
36.899038499352606  -12.964558386751944  -20.124432226408654
-1.9181089307233026  18.113733387695508  14.753132947088005
1.6916202513229441  -3.9765697025735203  32.50972742964142
-39.93616249651085  20.478869835236182  64.55143957718603
5.738595240262589  -6.518293979180258  -24.802306515784085
14.192076794502544  12.886378238976192  9.117159644141827
-75.23569645790246  -63.44421753406239  -26.7125380111624
15.10633078004386  -1.759279292980058  -0.40906544096498393
-7.9478818904571735  1.1671460278006556  -2.1610184303266298
9.061646651758332  3.878283507489528  6.698650836823509
