C   2.9929992543  -3.9946887565  -0.4491417187
O   0.6121754810  -2.7846264943  -0.8315142595
C   0.0506538168  -0.6636895674  0.4514345584
C   1.8776150005  1.5576166831  -0.1124543892
F   4.0994600695  1.1209082135  0.9776846052
F   2.2523968838  1.7788567366  -2.5790964978
F   1.0035042413  3.7331141883  0.7577522955
C   -2.7329998278  -0.0449445324  -0.1811134382
F   -4.1508599710  -2.0659541518  0.1987047447
F   -3.5955157717  1.7996000678  1.2735573933
F   -2.9572846560  0.6596801199  -2.5762348141
F   0.1595519692  -1.0108722785  3.0068571971
H   2.7659927041  -5.8646892817  -1.2396595215
H   4.4806048647  -2.9948181308  -1.4416256266
H   3.4251142338  -4.1272396563  1.5480248344
momentum
41.86531086286601  18.498367392448298  -4.4659105030317505
-15.290459845539688  -43.37099872603862  -6.520356050607001
43.735640055007615  -68.82537644072833  -30.72465104747575
-47.38453134083468  -10.962631120678552  6.165191330045488
29.04128366243412  -53.628459111250514  37.73173081211122
-58.188911723274785  17.512669928000026  -19.56180535342837
-27.799825758973565  1.7003940959988908  1.4463035005410032
7.730428579678404  10.736646413063731  -9.992768329546752
3.6795186916838887  40.30846705820384  40.863771878495115
3.5957628641967454  13.901911962131312  8.65796341044025
36.62627514083043  15.073897293272074  -26.73858412147317
-25.363326103246063  34.837241513143866  7.47570124631261
2.6040101242267015  10.042427584731671  1.860289369562988
9.317655525704673  4.197301526775942  -9.24724506918721
-4.48286814460482  10.02444417140685  2.9915748632736245
