C   2.9929992543  -3.9946887565  -0.4491417187
O   0.6121754810  -2.7846264943  -0.8315142595
C   0.0506538168  -0.6636895674  0.4514345584
C   1.8776150005  1.5576166831  -0.1124543892
F   4.0994600695  1.1209082135  0.9776846052
F   2.2523968838  1.7788567366  -2.5790964978
F   1.0035042413  3.7331141883  0.7577522955
C   -2.7329998278  -0.0449445324  -0.1811134382
F   -4.1508599710  -2.0659541518  0.1987047447
F   -3.5955157717  1.7996000678  1.2735573933
F   -2.9572846560  0.6596801199  -2.5762348141
F   0.1595519692  -1.0108722785  3.0068571971
H   2.7659927041  -5.8646892817  -1.2396595215
H   4.4806048647  -2.9948181308  -1.4416256266
H   3.4251142338  -4.1272396563  1.5480248344
momentum
59.05689746299987  16.189644450729144  5.264984395697224
3.2092161868962505  -30.08239254828788  14.624220117589013
-41.659230369042135  -26.25494716914584  24.425343072477474
-5.252861559917748  -25.80740329410138  12.526641812067844
6.866009575530701  -28.019693149954616  56.67885682368191
2.1950331248574635  45.15746843399061  -27.98604438062564
26.39848668855319  -40.277681412330296  -32.54470615549115
19.520885424257607  22.49131425925071  -2.7443273037621085
6.963245366330383  -1.9042753937790338  17.304131041270743
-9.599986503548427  19.5747577027206  -48.29223718661353
-71.76175328094938  29.29689461509502  40.23841994743076
-19.05817673627859  28.92391238936633  -38.615277864809414
16.96416968408779  -2.3018994885816766  -3.3192580024056144
-5.229425658849391  1.2318308951162193  -9.41933478273453
11.22375013131037  -7.6903773788933805  -7.895314135548667
