C   2.9929992543  -3.9946887565  -0.4491417187
O   0.6121754810  -2.7846264943  -0.8315142595
C   0.0506538168  -0.6636895674  0.4514345584
C   1.8776150005  1.5576166831  -0.1124543892
F   4.0994600695  1.1209082135  0.9776846052
F   2.2523968838  1.7788567366  -2.5790964978
F   1.0035042413  3.7331141883  0.7577522955
C   -2.7329998278  -0.0449445324  -0.1811134382
F   -4.1508599710  -2.0659541518  0.1987047447
F   -3.5955157717  1.7996000678  1.2735573933
F   -2.9572846560  0.6596801199  -2.5762348141
F   0.1595519692  -1.0108722785  3.0068571971
H   2.7659927041  -5.8646892817  -1.2396595215
H   4.4806048647  -2.9948181308  -1.4416256266
H   3.4251142338  -4.1272396563  1.5480248344
momentum
2.4893385432221002  -37.35995136514189  14.48744330845117
-19.584151949659265  -48.058132353333534  15.794441925256214
7.280712019415306  20.387892231473007  -14.705537023922737
22.131435803700523  -23.559950293954685  9.755480668455695
10.134510566807133  -0.48633496609892857  -31.666615591686522
-6.727821407398787  26.207545052766534  6.332219059709875
-20.203590103443  45.74223337117133  22.033078612607962
31.847846847955715  22.814589012035647  42.494306917875036
-2.78986165208194  -15.955612003712119  -26.063694710802388
-9.051247976898267  30.357625260602624  -50.60021161766874
-21.74427263056691  -12.501377288240045  16.806744854706153
-3.15245045572556  -32.739201756557385  6.189914180191659
1.2011237466452898  9.316573764592338  4.535040375888279
5.557095802143606  12.973563772240105  -9.524880781907807
2.614672366483179  2.6234614297353556  -5.855812515061108
