C   2.9929992543  -3.9946887565  -0.4491417187
O   0.6121754810  -2.7846264943  -0.8315142595
C   0.0506538168  -0.6636895674  0.4514345584
C   1.8776150005  1.5576166831  -0.1124543892
F   4.0994600695  1.1209082135  0.9776846052
F   2.2523968838  1.7788567366  -2.5790964978
F   1.0035042413  3.7331141883  0.7577522955
C   -2.7329998278  -0.0449445324  -0.1811134382
F   -4.1508599710  -2.0659541518  0.1987047447
F   -3.5955157717  1.7996000678  1.2735573933
F   -2.9572846560  0.6596801199  -2.5762348141
F   0.1595519692  -1.0108722785  3.0068571971
H   2.7659927041  -5.8646892817  -1.2396595215
H   4.4806048647  -2.9948181308  -1.4416256266
H   3.4251142338  -4.1272396563  1.5480248344
momentum
2.98244639052503  22.712913035303743  -0.039123842002573975
11.305839349224117  -25.377791119539637  7.927491016647905
17.526599164127312  2.0068729148011726  -1.0613128120177018
-2.8750757059040577  -7.098329408593924  39.52080027927463
1.0827897946997913  -35.98509336837371  -39.92469942904579
16.502110149192188  37.62793995466013  11.74302615468573
-7.649357959898262  19.377589200375777  -2.999824754900705
23.14476967328533  -27.215575782202464  -28.603347133530995
-5.199295573368203  8.082126721152804  27.535649616898997
9.731039815762912  3.7804324774442186  -64.74737334262043
-33.12029320009771  2.660884261767227  66.27875020708922
-45.256039903013296  7.6958933744606375  -6.128568248471643
-7.823625387458978  5.000848696871017  -1.8033773434446085
14.423673208778885  -8.160347137102454  -2.4018398286249045
5.194361117284619  -5.247643965332483  -4.956221533024557
