C   2.9929992543  -3.9946887565  -0.4491417187
O   0.6121754810  -2.7846264943  -0.8315142595
C   0.0506538168  -0.6636895674  0.4514345584
C   1.8776150005  1.5576166831  -0.1124543892
F   4.0994600695  1.1209082135  0.9776846052
F   2.2523968838  1.7788567366  -2.5790964978
F   1.0035042413  3.7331141883  0.7577522955
C   -2.7329998278  -0.0449445324  -0.1811134382
F   -4.1508599710  -2.0659541518  0.1987047447
F   -3.5955157717  1.7996000678  1.2735573933
F   -2.9572846560  0.6596801199  -2.5762348141
F   0.1595519692  -1.0108722785  3.0068571971
H   2.7659927041  -5.8646892817  -1.2396595215
H   4.4806048647  -2.9948181308  -1.4416256266
H   3.4251142338  -4.1272396563  1.5480248344
momentum
14.465417138541556  -21.66553044297691  -5.291963434100694
3.0838249481185254  -16.257064680434695  -30.65652298732412
-12.236944184199368  -29.718269329360766  -9.796050782143165
24.155967482082698  41.73331729371609  -43.75910655040589
-23.887611769089066  15.160888836510173  18.12060223126189
-2.06005418491641  32.72694178778875  -3.325113285523753
34.35610721356653  -14.264804265185175  11.748077768093983
-39.543079021629886  -37.63185092943064  10.797776969952467
12.302038347219664  55.455795870873516  3.336733336083152
11.91735618764548  -49.51436820838715  -21.858466942566537
4.142548483060667  0.8670566589619749  21.98979133653843
-16.367571975296123  32.09930915594419  32.872939773990026
-6.051340462122969  5.386395627179882  11.13788867910921
-11.070094400960453  -5.486884752963216  5.74670807442221
6.667921107812115  -9.49779398050634  -1.1968223781620384
