C   2.9929992543  -3.9946887565  -0.4491417187
O   0.6121754810  -2.7846264943  -0.8315142595
C   0.0506538168  -0.6636895674  0.4514345584
C   1.8776150005  1.5576166831  -0.1124543892
F   4.0994600695  1.1209082135  0.9776846052
F   2.2523968838  1.7788567366  -2.5790964978
F   1.0035042413  3.7331141883  0.7577522955
C   -2.7329998278  -0.0449445324  -0.1811134382
F   -4.1508599710  -2.0659541518  0.1987047447
F   -3.5955157717  1.7996000678  1.2735573933
F   -2.9572846560  0.6596801199  -2.5762348141
F   0.1595519692  -1.0108722785  3.0068571971
H   2.7659927041  -5.8646892817  -1.2396595215
H   4.4806048647  -2.9948181308  -1.4416256266
H   3.4251142338  -4.1272396563  1.5480248344
momentum
6.2838723128530285  -0.048249276383405676  0.2862655287621267
-18.637195383762986  -17.249679600529948  -9.444608432369703
-15.022855900618097  33.26345801071353  0.8677749738112086
14.083908673302695  8.696747314283398  11.107862249198549
-48.97239207569387  0.184521941217731  9.25201722201027
-17.10434078044241  -60.76884955964501  -9.07011411990297
-42.171999996992945  -21.801780025154294  22.083893160499894
14.184084243298498  12.826949934633946  -15.591586697325944
24.253843441438743  2.0742279512863284  34.52985959378551
52.68933266898409  -6.794131988851724  25.877727880806486
9.52063250387609  37.131590592057115  -54.16880143055187
-1.6799324474672528  5.307249603761136  -10.15180082425657
12.54243065149048  -2.9648038064556985  5.524194139110111
3.311002111883831  6.484031303829422  -1.425229607793484
7.036478902687186  3.5181240371323064  -9.195953359052785
