C   2.9929992543  -3.9946887565  -0.4491417187
O   0.6121754810  -2.7846264943  -0.8315142595
C   0.0506538168  -0.6636895674  0.4514345584
C   1.8776150005  1.5576166831  -0.1124543892
F   4.0994600695  1.1209082135  0.9776846052
F   2.2523968838  1.7788567366  -2.5790964978
F   1.0035042413  3.7331141883  0.7577522955
C   -2.7329998278  -0.0449445324  -0.1811134382
F   -4.1508599710  -2.0659541518  0.1987047447
F   -3.5955157717  1.7996000678  1.2735573933
F   -2.9572846560  0.6596801199  -2.5762348141
F   0.1595519692  -1.0108722785  3.0068571971
H   2.7659927041  -5.8646892817  -1.2396595215
H   4.4806048647  -2.9948181308  -1.4416256266
H   3.4251142338  -4.1272396563  1.5480248344
momentum
-2.776672490551248  -1.8640836297236745  13.832295719951576
-5.460771940298954  -19.589938049834263  37.20431861106767
-48.35884089090307  24.404027375704054  -16.111821751389645
-71.92964675866902  -20.227075628144462  16.204560863343662
-8.430567510233013  -10.804628702784859  -41.30119275501434
6.949290928674865  3.0583803944401087  28.927755709001904
17.93727642241917  6.440086823107222  -20.027102543430804
3.458873158265153  -1.631974174321511  9.270035157073394
27.107444635584265  -3.455039590429535  -30.95773567852857
49.96594284387759  6.565985976129716  5.364187277491051
-2.1606408372128603  16.22210976190294  -7.106364321412334
10.487814971677071  -18.160349525449686  5.26860515986846
7.252096341051388  9.25912242902324  0.03375554207972516
7.752024749211242  18.964717066705326  1.4453615880471213
7.8296751499629025  -9.295583097419753  -1.7724282319711786
