C   2.9929992543  -3.9946887565  -0.4491417187
O   0.6121754810  -2.7846264943  -0.8315142595
C   0.0506538168  -0.6636895674  0.4514345584
C   1.8776150005  1.5576166831  -0.1124543892
F   4.0994600695  1.1209082135  0.9776846052
F   2.2523968838  1.7788567366  -2.5790964978
F   1.0035042413  3.7331141883  0.7577522955
C   -2.7329998278  -0.0449445324  -0.1811134382
F   -4.1508599710  -2.0659541518  0.1987047447
F   -3.5955157717  1.7996000678  1.2735573933
F   -2.9572846560  0.6596801199  -2.5762348141
F   0.1595519692  -1.0108722785  3.0068571971
H   2.7659927041  -5.8646892817  -1.2396595215
H   4.4806048647  -2.9948181308  -1.4416256266
H   3.4251142338  -4.1272396563  1.5480248344
momentum
-15.168129540349678  -3.781496157653017  -9.907386498714148
-71.00986078506642  52.03452203689095  -39.25278332206484
34.29719852993232  5.023312810901873  3.4842981155177966
7.128015362222162  21.177955150039583  21.633010264999367
-51.37680286471467  50.54101836461836  -2.5135988202671493
39.73331620363378  -36.38460121329617  -20.50668581774807
-24.547410106239507  -33.31933235545423  17.47399365213438
1.2015340355639943  27.556890695350358  -7.563086832799174
8.22473875110298  -17.508827157402894  31.527561221551462
45.425141221891195  -21.70455052193121  -20.23286950413966
57.92889739613825  -45.82377828658222  46.21197445661541
-21.89319651348677  6.211202402052534  -17.44916488407687
-11.04186369231047  0.23784389307059983  2.477584589995772
-1.8183441569580279  -0.8550313774657988  12.498701651431075
3.679479984871815  -4.292765700873477  -17.325763422019183
