C   2.9929992543  -3.9946887565  -0.4491417187
O   0.6121754810  -2.7846264943  -0.8315142595
C   0.0506538168  -0.6636895674  0.4514345584
C   1.8776150005  1.5576166831  -0.1124543892
F   4.0994600695  1.1209082135  0.9776846052
F   2.2523968838  1.7788567366  -2.5790964978
F   1.0035042413  3.7331141883  0.7577522955
C   -2.7329998278  -0.0449445324  -0.1811134382
F   -4.1508599710  -2.0659541518  0.1987047447
F   -3.5955157717  1.7996000678  1.2735573933
F   -2.9572846560  0.6596801199  -2.5762348141
F   0.1595519692  -1.0108722785  3.0068571971
H   2.7659927041  -5.8646892817  -1.2396595215
H   4.4806048647  -2.9948181308  -1.4416256266
H   3.4251142338  -4.1272396563  1.5480248344
momentum
12.14812595668369  -17.32174859113189  15.221412894788756
16.671881851074197  8.828236788726532  20.89278612204354
-22.583859349539324  10.287797326188642  -28.766035564271956
2.22632177217236  39.90516289047169  29.318402928482524
24.123618274491378  -0.6805722787590902  -37.32448908425405
-26.486760474718245  -14.733359919783753  -12.148361287762205
1.2646774456024583  -3.9835740154316985  38.91594651422684
-7.6551183259831825  -17.347599804848336  -14.763188666371505
-15.404332114365253  -24.15693563264987  0.2551233391448512
17.963927583765816  40.285515359497644  -31.003942701958973
-25.66557085279627  16.31264608694456  -3.233010493431087
26.440438888895304  -37.09689955687989  6.931716830558154
0.46724610079518303  -2.4126475095219644  4.961232064365308
5.3577518700109925  7.781002117283985  22.0831843840119
-8.593194868113146  -6.196630935800515  -10.977490658095688
