C   2.9929992543  -3.9946887565  -0.4491417187
O   0.6121754810  -2.7846264943  -0.8315142595
C   0.0506538168  -0.6636895674  0.4514345584
C   1.8776150005  1.5576166831  -0.1124543892
F   4.0994600695  1.1209082135  0.9776846052
F   2.2523968838  1.7788567366  -2.5790964978
F   1.0035042413  3.7331141883  0.7577522955
C   -2.7329998278  -0.0449445324  -0.1811134382
F   -4.1508599710  -2.0659541518  0.1987047447
F   -3.5955157717  1.7996000678  1.2735573933
F   -2.9572846560  0.6596801199  -2.5762348141
F   0.1595519692  -1.0108722785  3.0068571971
H   2.7659927041  -5.8646892817  -1.2396595215
H   4.4806048647  -2.9948181308  -1.4416256266
H   3.4251142338  -4.1272396563  1.5480248344
momentum
-37.703740538527484  -9.385939955178777  38.414846709671544
-27.70202604044519  -20.951928563235793  -18.961920319027158
-15.381456949681413  14.476128307010766  -32.74241874210102
-21.01731885128367  -28.355333131322993  -5.616578063369244
-24.939831570229916  -9.383295782169839  47.866050548708635
-34.39497957569615  35.098268633463114  20.69739096806628
3.413011698440784  -1.2890869269242768  -43.7308698232548
36.43500272858731  -10.517052975579636  -26.871518326919727
19.144694874505223  34.0522838113551  35.09644391579718
2.676716283463628  -40.22787690082175  20.149262763729165
7.687453508488657  41.13133127271317  -30.61919025426887
42.47413392884309  12.480985811837904  7.66547296893586
23.955487065768388  -13.872109119456807  -5.938027561753073
7.525346187493637  3.633423837406159  -5.9965018513623995
18.11265695725171  -6.038887639657793  1.1829422199350195
