C   2.9929992543  -3.9946887565  -0.4491417187
O   0.6121754810  -2.7846264943  -0.8315142595
C   0.0506538168  -0.6636895674  0.4514345584
C   1.8776150005  1.5576166831  -0.1124543892
F   4.0994600695  1.1209082135  0.9776846052
F   2.2523968838  1.7788567366  -2.5790964978
F   1.0035042413  3.7331141883  0.7577522955
C   -2.7329998278  -0.0449445324  -0.1811134382
F   -4.1508599710  -2.0659541518  0.1987047447
F   -3.5955157717  1.7996000678  1.2735573933
F   -2.9572846560  0.6596801199  -2.5762348141
F   0.1595519692  -1.0108722785  3.0068571971
H   2.7659927041  -5.8646892817  -1.2396595215
H   4.4806048647  -2.9948181308  -1.4416256266
H   3.4251142338  -4.1272396563  1.5480248344
momentum
0.2064839635756268  -45.21683623783067  -18.813497733598272
-16.352860499291282  11.530862242973765  -14.934213196625215
-2.817983598379365  -19.659931241178658  -21.14025675651842
-2.986494103314361  47.32082623701916  17.866224822199932
-30.113224707413163  8.018255744992869  -47.01043926330701
50.7684715741462  -8.908648340987423  5.59347651738103
-18.221241098776712  -23.198596180872926  15.547165976991602
18.835882567005523  -45.50480494580627  23.302126196844124
25.454487462596806  -1.5328323013536382  -18.046262056966825
12.363845121351831  22.901368878411077  -31.848045378589013
-22.829455319396253  12.757054006536938  14.49185707579777
-16.668435587820408  31.19879448884801  82.07100270901299
-3.2396138273760213  1.9758709974272166  -10.156393207148385
0.08835811489722217  -1.531813138021784  -4.018618384473242
5.559310976523991  9.578649738325591  7.179951563959086
