C   2.9929992543  -3.9946887565  -0.4491417187
O   0.6121754810  -2.7846264943  -0.8315142595
C   0.0506538168  -0.6636895674  0.4514345584
C   1.8776150005  1.5576166831  -0.1124543892
F   4.0994600695  1.1209082135  0.9776846052
F   2.2523968838  1.7788567366  -2.5790964978
F   1.0035042413  3.7331141883  0.7577522955
C   -2.7329998278  -0.0449445324  -0.1811134382
F   -4.1508599710  -2.0659541518  0.1987047447
F   -3.5955157717  1.7996000678  1.2735573933
F   -2.9572846560  0.6596801199  -2.5762348141
F   0.1595519692  -1.0108722785  3.0068571971
H   2.7659927041  -5.8646892817  -1.2396595215
H   4.4806048647  -2.9948181308  -1.4416256266
H   3.4251142338  -4.1272396563  1.5480248344
momentum
-16.163070455282558  -12.768178647715322  29.02416447225435
2.8959858626021187  13.133677705328092  8.653957271174153
6.008055223720319  23.9302697302515  -45.863158579375686
12.366553577094207  -6.68673737570961  0.22890733953847134
-5.360449590961163  33.59636958193589  40.60221764812285
25.23051520425539  6.0308314501613705  10.810889972039092
23.353900005291333  -1.6533043557702238  -28.368312641832382
-6.391875794200713  27.136305157563335  2.0638373422163365
6.510005512115285  -43.81776107532234  -4.879973231743092
19.764029695427528  32.71239512434573  41.17101711223638
-52.42887938055726  -23.530304015884436  16.898590551924467
-21.350348680852846  -49.56245693998646  -74.37142552448299
10.209974754174567  3.8777567167799103  7.629760708256501
-6.29380873164873  -7.6441031919697195  -12.135677661726564
1.8074574123717153  6.591134849730914  7.989766534102193
