C   2.9929992543  -3.9946887565  -0.4491417187
O   0.6121754810  -2.7846264943  -0.8315142595
C   0.0506538168  -0.6636895674  0.4514345584
C   1.8776150005  1.5576166831  -0.1124543892
F   4.0994600695  1.1209082135  0.9776846052
F   2.2523968838  1.7788567366  -2.5790964978
F   1.0035042413  3.7331141883  0.7577522955
C   -2.7329998278  -0.0449445324  -0.1811134382
F   -4.1508599710  -2.0659541518  0.1987047447
F   -3.5955157717  1.7996000678  1.2735573933
F   -2.9572846560  0.6596801199  -2.5762348141
F   0.1595519692  -1.0108722785  3.0068571971
H   2.7659927041  -5.8646892817  -1.2396595215
H   4.4806048647  -2.9948181308  -1.4416256266
H   3.4251142338  -4.1272396563  1.5480248344
momentum
-22.94751956907982  15.766719564880189  1.5308089417373434
-53.61404198159317  -7.322939994678889  -32.11816982489298
5.379332935123413  50.56006891874695  -28.40288677958525
-28.189616387080093  19.353172010273166  2.545775891161053
36.66309697550382  -8.821296724541812  -1.2317254791066963
-3.2915706332594845  9.795281237061332  46.86453202574804
6.470665532270568  -17.466893162719177  18.178698464245326
17.26624706519181  -16.27855897528429  -6.565188447488926
7.131780321957149  -17.227529329390194  38.0176938313675
39.25365954277242  17.09420431623564  4.1078997786437945
5.918596288212293  -52.382466328343476  -47.36179195170907
-20.104071241132566  5.782074093960334  6.324930602045288
7.602419397837075  -3.654777152069724  4.865273651865451
-4.283510514050858  2.2380925711697413  4.223290062721108
7.031593959221837  2.4856343172606397  -10.716824950743945
