C   2.9929992543  -3.9946887565  -0.4491417187
O   0.6121754810  -2.7846264943  -0.8315142595
C   0.0506538168  -0.6636895674  0.4514345584
C   1.8776150005  1.5576166831  -0.1124543892
F   4.0994600695  1.1209082135  0.9776846052
F   2.2523968838  1.7788567366  -2.5790964978
F   1.0035042413  3.7331141883  0.7577522955
C   -2.7329998278  -0.0449445324  -0.1811134382
F   -4.1508599710  -2.0659541518  0.1987047447
F   -3.5955157717  1.7996000678  1.2735573933
F   -2.9572846560  0.6596801199  -2.5762348141
F   0.1595519692  -1.0108722785  3.0068571971
H   2.7659927041  -5.8646892817  -1.2396595215
H   4.4806048647  -2.9948181308  -1.4416256266
H   3.4251142338  -4.1272396563  1.5480248344
momentum
12.05480920268731  14.08307542518391  -28.669464034729916
1.5975132701367392  27.74383722898517  6.5679888369968555
42.52954821195393  -15.363401380382905  -21.743305945339706
25.411737230118003  25.366497725438446  11.261027584272206
-9.46532284916557  5.0467236164857  -19.018679232083095
1.1679208786222774  -18.29007064081341  -18.908327962978536
20.70259416340591  -41.33553067826187  59.601616934143664
-35.500215785692475  34.7665028219959  8.934519897683433
-86.10546878402602  -42.08700613887039  -11.651467992023596
-4.038633059806431  18.74241994484096  -47.20922152863957
17.224503534622745  -42.34588387897834  31.407368140659063
13.999529239878656  27.59072675625682  20.54362049946883
-4.4484077076009765  2.541465209455594  3.361855874183002
-0.5028943649710254  -3.4935368643322837  1.8258825010878903
5.45787872092768  7.033728527375063  3.166050251476726
