C   2.9929992543  -3.9946887565  -0.4491417187
O   0.6121754810  -2.7846264943  -0.8315142595
C   0.0506538168  -0.6636895674  0.4514345584
C   1.8776150005  1.5576166831  -0.1124543892
F   4.0994600695  1.1209082135  0.9776846052
F   2.2523968838  1.7788567366  -2.5790964978
F   1.0035042413  3.7331141883  0.7577522955
C   -2.7329998278  -0.0449445324  -0.1811134382
F   -4.1508599710  -2.0659541518  0.1987047447
F   -3.5955157717  1.7996000678  1.2735573933
F   -2.9572846560  0.6596801199  -2.5762348141
F   0.1595519692  -1.0108722785  3.0068571971
H   2.7659927041  -5.8646892817  -1.2396595215
H   4.4806048647  -2.9948181308  -1.4416256266
H   3.4251142338  -4.1272396563  1.5480248344
momentum
15.998561369479374  30.083633172494498  19.195560959935854
40.66126769052889  -6.410759897039306  -39.71578414480964
-4.244843786898951  12.867152137214537  27.854742869271433
-25.047666493960232  15.532649775707235  33.94754522307834
11.43610438553231  -71.53705134564463  -18.055901424722336
23.24071412378477  -18.71259864352835  -30.366524630276945
38.149183615133225  1.8898150673149066  2.496230168434154
-8.507203164264673  24.852143278072923  -4.040087585014203
18.411663996453807  22.87630150587192  21.833463000892863
-73.53628188368957  -34.61889124356377  3.8418397179787505
-38.064001666844014  2.4225336335777756  -9.392035698046579
-10.185174232168873  9.59489214717544  -17.514535219919594
-4.337048696056941  10.8681670760896  -0.16016132220155938
7.123772746879308  0.22289746489186438  3.237554997368762
8.360010164430147  -0.30492866897644594  6.843030615583984
