C   2.9929992543  -3.9946887565  -0.4491417187
O   0.6121754810  -2.7846264943  -0.8315142595
C   0.0506538168  -0.6636895674  0.4514345584
C   1.8776150005  1.5576166831  -0.1124543892
F   4.0994600695  1.1209082135  0.9776846052
F   2.2523968838  1.7788567366  -2.5790964978
F   1.0035042413  3.7331141883  0.7577522955
C   -2.7329998278  -0.0449445324  -0.1811134382
F   -4.1508599710  -2.0659541518  0.1987047447
F   -3.5955157717  1.7996000678  1.2735573933
F   -2.9572846560  0.6596801199  -2.5762348141
F   0.1595519692  -1.0108722785  3.0068571971
H   2.7659927041  -5.8646892817  -1.2396595215
H   4.4806048647  -2.9948181308  -1.4416256266
H   3.4251142338  -4.1272396563  1.5480248344
momentum
-13.369317831770125  32.52666654404783  53.85312171943463
-22.665706362895378  22.957237470215677  -1.5932370054045821
5.689943533549052  -3.157093590612332  17.118271773310173
21.555208205183238  -1.1968609087166129  12.463312197913305
6.115566212283595  16.05569682872297  13.831486070401962
-30.897716560878074  -25.50516377145265  -19.764656699715587
-48.58869768969367  -0.5483743753324228  2.5035476090369877
-37.76272138533863  -23.192689766627183  -49.44578737595448
41.38642769431415  38.02494463148445  13.974445367260547
43.76412448568339  3.294143258441782  5.7300076335607875
16.418048283242374  15.056080398636338  17.49955289723104
18.27201488001381  -57.6439157613869  -55.09349955329294
4.442555820958953  -7.514554029596836  -0.46082527926454325
-1.3844213813520332  -8.941494906326945  -8.455775943567998
-2.9057995659537275  0.5194248928935615  -1.9926698418305722
