C   2.9929992543  -3.9946887565  -0.4491417187
O   0.6121754810  -2.7846264943  -0.8315142595
C   0.0506538168  -0.6636895674  0.4514345584
C   1.8776150005  1.5576166831  -0.1124543892
F   4.0994600695  1.1209082135  0.9776846052
F   2.2523968838  1.7788567366  -2.5790964978
F   1.0035042413  3.7331141883  0.7577522955
C   -2.7329998278  -0.0449445324  -0.1811134382
F   -4.1508599710  -2.0659541518  0.1987047447
F   -3.5955157717  1.7996000678  1.2735573933
F   -2.9572846560  0.6596801199  -2.5762348141
F   0.1595519692  -1.0108722785  3.0068571971
H   2.7659927041  -5.8646892817  -1.2396595215
H   4.4806048647  -2.9948181308  -1.4416256266
H   3.4251142338  -4.1272396563  1.5480248344
momentum
6.525572924442575  21.979874961437464  -5.2180868917807235
7.081571940064176  -33.66288205854876  75.20092749006209
0.6530183455766532  -28.773413561546132  -5.768954902609642
-27.98141282782055  41.88132640901762  -5.4851944251590465
-1.31651995361573  6.7832791301539075  -36.040530077068446
6.8984563821459455  54.04972390828812  18.025811342341385
35.92346063991551  -52.75812652039626  -29.39124990524383
19.194309648707108  59.54535180445304  -10.907214174170694
38.19300865626643  -58.73284424015761  -14.75497035647651
28.488554586576377  16.980794530329792  6.99746636586623
-64.97229757301658  32.25383699035515  -11.553677185364554
-52.166424794673674  -44.25131198614938  1.2662415152406767
-10.300177001720943  7.550197458338305  8.663441876581794
14.853002449086441  -24.45122449100593  5.621404393090131
-1.041309063086027  2.575459629368523  3.30041334369738
