C   2.9929992543  -3.9946887565  -0.4491417187
O   0.6121754810  -2.7846264943  -0.8315142595
C   0.0506538168  -0.6636895674  0.4514345584
C   1.8776150005  1.5576166831  -0.1124543892
F   4.0994600695  1.1209082135  0.9776846052
F   2.2523968838  1.7788567366  -2.5790964978
F   1.0035042413  3.7331141883  0.7577522955
C   -2.7329998278  -0.0449445324  -0.1811134382
F   -4.1508599710  -2.0659541518  0.1987047447
F   -3.5955157717  1.7996000678  1.2735573933
F   -2.9572846560  0.6596801199  -2.5762348141
F   0.1595519692  -1.0108722785  3.0068571971
H   2.7659927041  -5.8646892817  -1.2396595215
H   4.4806048647  -2.9948181308  -1.4416256266
H   3.4251142338  -4.1272396563  1.5480248344
momentum
13.418564846622932  9.462532061388817  24.570155094500283
-26.71687672842994  -40.8721193618664  -36.46917546900561
-58.063442718756654  24.617103922949806  -26.782504357465438
-31.92791307791039  53.336401195398615  -19.56395585368823
-13.595974101840403  -30.511449392806202  55.622715466880365
-31.153014165792364  40.94324165865599  -32.435192807572285
-0.41981563145259476  -24.75515367161849  -21.904352357096894
43.852918628892176  18.1934121734703  -8.364254781835063
-8.843466133661774  11.440528638424404  88.84745306410083
61.52480775552453  -53.482108175790614  29.875293456698678
75.91228617921251  8.696646102952576  -43.94204024276548
-33.05021080412809  -14.538552344159436  -13.084472615605327
3.0305656097990465  -3.6295875857715387  -1.09256515857985
0.4960241521123733  -0.8827765464825141  0.9988605523674455
5.360031467219962  1.8859304301803803  4.099958642222037
