C   2.9929992543  -3.9946887565  -0.4491417187
O   0.6121754810  -2.7846264943  -0.8315142595
C   0.0506538168  -0.6636895674  0.4514345584
C   1.8776150005  1.5576166831  -0.1124543892
F   4.0994600695  1.1209082135  0.9776846052
F   2.2523968838  1.7788567366  -2.5790964978
F   1.0035042413  3.7331141883  0.7577522955
C   -2.7329998278  -0.0449445324  -0.1811134382
F   -4.1508599710  -2.0659541518  0.1987047447
F   -3.5955157717  1.7996000678  1.2735573933
F   -2.9572846560  0.6596801199  -2.5762348141
F   0.1595519692  -1.0108722785  3.0068571971
H   2.7659927041  -5.8646892817  -1.2396595215
H   4.4806048647  -2.9948181308  -1.4416256266
H   3.4251142338  -4.1272396563  1.5480248344
momentum
-57.270788938639875  -22.240810034701685  -9.684895046065252
44.77193873222887  41.98569206070624  26.649023733238213
-16.58626422425739  -25.607180120229305  40.1251016537354
-46.1180274281864  1.2382939908202601  5.002219434028218
16.044089459671866  39.136282349181116  -11.770915556558156
32.980006930115316  -25.35885528767883  -50.774431917213754
11.10380944543119  -1.5810592300480093  31.034565400854
7.304677171534441  12.10962693751164  -45.51681584706
1.5268520544487068  -25.178863833690098  -2.7156561584138554
21.49676669001092  -10.147742740044368  24.42916869505473
-4.508509666854669  -3.3783232170831092  -15.080002489012006
-16.467940022777878  6.742009162964457  22.744369075299748
-6.597691704260288  14.762886570858692  -16.784270599036173
6.312981432302593  -2.896198999174091  -4.0804833925533375
5.428769975172738  0.1578104223046597  6.635237592275994
