C   2.9929992543  -3.9946887565  -0.4491417187
O   0.6121754810  -2.7846264943  -0.8315142595
C   0.0506538168  -0.6636895674  0.4514345584
C   1.8776150005  1.5576166831  -0.1124543892
F   4.0994600695  1.1209082135  0.9776846052
F   2.2523968838  1.7788567366  -2.5790964978
F   1.0035042413  3.7331141883  0.7577522955
C   -2.7329998278  -0.0449445324  -0.1811134382
F   -4.1508599710  -2.0659541518  0.1987047447
F   -3.5955157717  1.7996000678  1.2735573933
F   -2.9572846560  0.6596801199  -2.5762348141
F   0.1595519692  -1.0108722785  3.0068571971
H   2.7659927041  -5.8646892817  -1.2396595215
H   4.4806048647  -2.9948181308  -1.4416256266
H   3.4251142338  -4.1272396563  1.5480248344
momentum
1.5088509231051814  28.196486872956353  0.8709649204890878
53.68710506152176  -18.76235144637064  29.624423978185273
-47.689375746471256  -5.202281600547932  25.60610829389003
-12.730111220022565  3.937608746836806  42.45510056625066
39.625081388601444  -49.56168269233747  -97.04781532710594
64.9402146428585  5.340681812224593  -10.166128447994756
-4.706259020088125  -18.756484141413956  40.37886806771175
1.573029436966418  27.379637903768245  -13.281337957610456
-5.468792932102543  -42.788401685963684  -27.98015061493088
-38.530909104804024  25.19162640467287  20.945662011252598
-43.54530368499075  3.429705028217682  -8.442423032705001
-13.833214615003273  42.633191852001495  0.8060964101841522
10.083970215062552  -12.83628796632386  -2.710876362432185
-1.2299921966802931  2.133681703540591  -6.686347993150217
-4.333293166611488  10.657389589579589  5.5432574665637535
