C   2.9929992543  -3.9946887565  -0.4491417187
O   0.6121754810  -2.7846264943  -0.8315142595
C   0.0506538168  -0.6636895674  0.4514345584
C   1.8776150005  1.5576166831  -0.1124543892
F   4.0994600695  1.1209082135  0.9776846052
F   2.2523968838  1.7788567366  -2.5790964978
F   1.0035042413  3.7331141883  0.7577522955
C   -2.7329998278  -0.0449445324  -0.1811134382
F   -4.1508599710  -2.0659541518  0.1987047447
F   -3.5955157717  1.7996000678  1.2735573933
F   -2.9572846560  0.6596801199  -2.5762348141
F   0.1595519692  -1.0108722785  3.0068571971
H   2.7659927041  -5.8646892817  -1.2396595215
H   4.4806048647  -2.9948181308  -1.4416256266
H   3.4251142338  -4.1272396563  1.5480248344
momentum
-39.87962045026416  12.696968143209613  -23.748266452688995
-9.749065878858252  -36.5106328501933  -8.958131553772033
41.52304007976787  19.780535559486616  13.089074723918078
9.245313505677686  38.898406708026904  1.2896939615350496
-20.587530092805398  -17.247621480021365  -5.367725767396603
44.05983065052729  26.306244226778286  6.4429101779093285
-4.521908001774271  15.735107168305623  7.335665426653285
-12.95711031688763  9.417154470677028  22.239083679724278
19.41491495131546  -44.54190018251306  -23.267225284481903
24.27103988277422  5.111082740111177  19.68270273072453
-27.264819099360867  -47.33537178752399  -42.68989630177388
2.6562904127715252  35.0181287275082  38.74242511674904
-7.337278591256561  -5.419857803167575  -13.034606368831776
-4.113236127518372  -11.764630376026401  -1.3275210084625053
-14.906281685193216  0.4218362435215696  9.425962706369667
