C   2.9929992543  -3.9946887565  -0.4491417187
O   0.6121754810  -2.7846264943  -0.8315142595
C   0.0506538168  -0.6636895674  0.4514345584
C   1.8776150005  1.5576166831  -0.1124543892
F   4.0994600695  1.1209082135  0.9776846052
F   2.2523968838  1.7788567366  -2.5790964978
F   1.0035042413  3.7331141883  0.7577522955
C   -2.7329998278  -0.0449445324  -0.1811134382
F   -4.1508599710  -2.0659541518  0.1987047447
F   -3.5955157717  1.7996000678  1.2735573933
F   -2.9572846560  0.6596801199  -2.5762348141
F   0.1595519692  -1.0108722785  3.0068571971
H   2.7659927041  -5.8646892817  -1.2396595215
H   4.4806048647  -2.9948181308  -1.4416256266
H   3.4251142338  -4.1272396563  1.5480248344
momentum
-29.99671525163001  34.808563018981  8.40695389180317
11.197828656593932  38.43370669623512  17.876701555209927
-17.225451159148754  -32.03975822388493  -15.262936263642999
33.42515113503329  3.4297071499112457  26.8579537238539
27.753225892560074  15.855595918340372  -3.5447088343313573
-7.894219527841601  -53.06171387255632  22.684975430012674
19.22785692286248  17.271648398157286  -15.214977672364173
-8.973027525785998  40.42494042005539  -12.964121136029103
24.51538571370686  20.889991128937503  17.07886526431219
-51.91592492476174  -61.81766788303289  -7.601870638374652
-8.092059918204564  -8.996195181903186  -28.73785457998232
31.936910786031657  -31.094163756868944  4.810401404974979
-16.59263548256993  14.548130799321358  -2.557040622994506
0.8964155504838228  3.1512863355429497  -15.635991293048583
-8.451264401829683  -1.702617294766642  3.3172008786909712
