C   2.9929992543  -3.9946887565  -0.4491417187
O   0.6121754810  -2.7846264943  -0.8315142595
C   0.0506538168  -0.6636895674  0.4514345584
C   1.8776150005  1.5576166831  -0.1124543892
F   4.0994600695  1.1209082135  0.9776846052
F   2.2523968838  1.7788567366  -2.5790964978
F   1.0035042413  3.7331141883  0.7577522955
C   -2.7329998278  -0.0449445324  -0.1811134382
F   -4.1508599710  -2.0659541518  0.1987047447
F   -3.5955157717  1.7996000678  1.2735573933
F   -2.9572846560  0.6596801199  -2.5762348141
F   0.1595519692  -1.0108722785  3.0068571971
H   2.7659927041  -5.8646892817  -1.2396595215
H   4.4806048647  -2.9948181308  -1.4416256266
H   3.4251142338  -4.1272396563  1.5480248344
momentum
27.96086516155348  12.301504297339259  -18.185639896324812
8.376481240938606  -24.303846121866943  -29.30916214066367
-17.940416920103125  -44.78845519857306  17.669094886309274
20.818615749911533  -15.733663374690654  45.729784953005655
-16.62926466134597  14.218143513130837  -17.205128326224628
57.15358658003305  0.7714247872841463  -11.330703605307734
-14.446755319077562  43.392984712333586  -12.647045436847879
9.476556691742106  7.998511663404597  -21.195619440583297
-10.202330512276209  26.335613624978485  46.38857247766901
-16.720486833083385  -15.800939853928963  -6.934669379259643
-18.683649065048606  5.2409180362181935  16.698505106868865
-20.615743061916348  1.2131520918142664  -14.257485721956812
-0.25282037475839025  -3.8759655280322622  9.99922345569903
-4.1245638677230865  0.22185923296072543  1.6981232363961378
-4.157836444740775  -7.357787152534081  -6.813462199436151
