C   2.9929992543  -3.9946887565  -0.4491417187
O   0.6121754810  -2.7846264943  -0.8315142595
C   0.0506538168  -0.6636895674  0.4514345584
C   1.8776150005  1.5576166831  -0.1124543892
F   4.0994600695  1.1209082135  0.9776846052
F   2.2523968838  1.7788567366  -2.5790964978
F   1.0035042413  3.7331141883  0.7577522955
C   -2.7329998278  -0.0449445324  -0.1811134382
F   -4.1508599710  -2.0659541518  0.1987047447
F   -3.5955157717  1.7996000678  1.2735573933
F   -2.9572846560  0.6596801199  -2.5762348141
F   0.1595519692  -1.0108722785  3.0068571971
H   2.7659927041  -5.8646892817  -1.2396595215
H   4.4806048647  -2.9948181308  -1.4416256266
H   3.4251142338  -4.1272396563  1.5480248344
momentum
33.628488534278816  23.478099705740224  1.7224056831699057
-73.21107877492122  14.153901857820747  -13.487663737404812
-43.9001821383182  -33.03785697604968  1.6192638174340097
6.384401239134563  -18.86749616945317  14.261475602381498
4.305999025491696  34.45308055731561  21.76593291642185
-23.132174851114755  -30.8788412188117  -24.564156388367046
-16.658523846419566  -27.097858337593646  11.054165134446611
12.469409931393232  25.428925224488733  -42.15354403388443
-35.98340491027687  66.74929153824468  9.456287209665616
-10.443414035910756  -48.70623205489024  -29.125581028521342
38.286296310795834  -1.7381133119370653  11.916479646913894
83.50725521505704  1.0281333663880343  47.04651567913779
6.589750878002449  -0.9899670233364775  -5.562902295067623
13.107536956889332  3.019461005125305  -7.954068595263218
4.727593755614269  -6.377965058365408  4.3773748891326845
