C   2.9929992543  -3.9946887565  -0.4491417187
O   0.6121754810  -2.7846264943  -0.8315142595
C   0.0506538168  -0.6636895674  0.4514345584
C   1.8776150005  1.5576166831  -0.1124543892
F   4.0994600695  1.1209082135  0.9776846052
F   2.2523968838  1.7788567366  -2.5790964978
F   1.0035042413  3.7331141883  0.7577522955
C   -2.7329998278  -0.0449445324  -0.1811134382
F   -4.1508599710  -2.0659541518  0.1987047447
F   -3.5955157717  1.7996000678  1.2735573933
F   -2.9572846560  0.6596801199  -2.5762348141
F   0.1595519692  -1.0108722785  3.0068571971
H   2.7659927041  -5.8646892817  -1.2396595215
H   4.4806048647  -2.9948181308  -1.4416256266
H   3.4251142338  -4.1272396563  1.5480248344
momentum
-1.209965796260729  18.801595292332877  16.32669390736188
-8.130494943554568  21.044082949512404  8.378366270041573
-14.897570287928714  -8.134143589012371  1.8968135421470917
-0.5644620887429743  15.068358798519794  -11.263755094568152
26.777267050040912  28.455440466365275  28.755436841639074
3.958839853013136  14.477070706929197  13.408769799195786
53.661091271735586  -33.81340998866923  -22.246277891969928
7.298617513486929  -15.872193246478915  7.477398670713708
-25.8211909573849  10.340416397097396  -39.073288705444945
-8.176372744695755  17.299892877538174  -17.78761067516168
-59.5719773411003  -36.12511072929033  39.053787379850355
24.84700369056737  -24.80642130646272  -28.98072263474413
0.013847117560903429  -5.661874211505188  -1.9962189296318111
0.9808217679381575  6.5652632278134435  8.047772660857861
0.7824806380528667  -7.6492467401927025  -2.0559441448274813
