C   2.9929992543  -3.9946887565  -0.4491417187
O   0.6121754810  -2.7846264943  -0.8315142595
C   0.0506538168  -0.6636895674  0.4514345584
C   1.8776150005  1.5576166831  -0.1124543892
F   4.0994600695  1.1209082135  0.9776846052
F   2.2523968838  1.7788567366  -2.5790964978
F   1.0035042413  3.7331141883  0.7577522955
C   -2.7329998278  -0.0449445324  -0.1811134382
F   -4.1508599710  -2.0659541518  0.1987047447
F   -3.5955157717  1.7996000678  1.2735573933
F   -2.9572846560  0.6596801199  -2.5762348141
F   0.1595519692  -1.0108722785  3.0068571971
H   2.7659927041  -5.8646892817  -1.2396595215
H   4.4806048647  -2.9948181308  -1.4416256266
H   3.4251142338  -4.1272396563  1.5480248344
momentum
-8.209534700136947  -67.15117834685265  -16.355813341151276
67.06725862154465  46.96286434111977  14.871340295078856
-1.5996839489882582  -28.45654025931009  8.00306244191408
18.651745406041073  -44.1909060350571  4.995460857896281
17.239107203850494  4.265978012973242  -37.703479582586
-20.05595344772296  26.383748108760482  9.322733126725927
-17.391975637726773  53.0287542133281  -13.398750024565848
-9.822963101786096  4.844931087008288  -24.26741193515625
-26.656047601047746  38.009450333089795  13.568658391452237
-43.16720977958149  -60.97913807019826  -47.28577097392376
25.96889330645751  39.00242175871612  53.15684539734475
-20.10926032605871  4.146419212032452  35.14510414881222
-4.327318673726467  -9.265884367070814  3.3878959703444567
6.2398671387720865  -7.063269070282854  -8.975783943943371
16.06291385329873  0.4684544428497329  5.197441936616932
