C   2.9929992543  -3.9946887565  -0.4491417187
O   0.6121754810  -2.7846264943  -0.8315142595
C   0.0506538168  -0.6636895674  0.4514345584
C   1.8776150005  1.5576166831  -0.1124543892
F   4.0994600695  1.1209082135  0.9776846052
F   2.2523968838  1.7788567366  -2.5790964978
F   1.0035042413  3.7331141883  0.7577522955
C   -2.7329998278  -0.0449445324  -0.1811134382
F   -4.1508599710  -2.0659541518  0.1987047447
F   -3.5955157717  1.7996000678  1.2735573933
F   -2.9572846560  0.6596801199  -2.5762348141
F   0.1595519692  -1.0108722785  3.0068571971
H   2.7659927041  -5.8646892817  -1.2396595215
H   4.4806048647  -2.9948181308  -1.4416256266
H   3.4251142338  -4.1272396563  1.5480248344
momentum
-19.59768104561305  -17.452075520634953  -8.870504016229074
6.1449751990890125  20.520752309292565  -28.743506096422244
22.303817109876164  7.014830607728855  20.806645667682666
-18.705910835144522  -3.1100174707012966  -1.3730197987514552
-27.098414465575445  29.705079185665628  -0.0447754276147021
-18.32470637728011  -54.52506958881765  5.0339573166743925
27.561125757485474  27.90717385692908  -13.117559136734313
17.242975971936854  -3.0836868210020647  -17.04534250115278
33.50346315175268  -10.132284344247479  -24.358732323663183
-24.358333878871534  7.168838702705108  62.76146284437745
23.0954554686623  2.1761092567997564  -7.986764568528939
-15.895049124717467  -10.15673493940018  -6.141388467352996
-7.355779591368565  10.144258214260889  4.952329973195646
-10.466468968735736  -4.5046673371342  7.06054927972516
12.233307963633573  -2.5752551316707355  6.835136074191245
