C   2.9929992543  -3.9946887565  -0.4491417187
O   0.6121754810  -2.7846264943  -0.8315142595
C   0.0506538168  -0.6636895674  0.4514345584
C   1.8776150005  1.5576166831  -0.1124543892
F   4.0994600695  1.1209082135  0.9776846052
F   2.2523968838  1.7788567366  -2.5790964978
F   1.0035042413  3.7331141883  0.7577522955
C   -2.7329998278  -0.0449445324  -0.1811134382
F   -4.1508599710  -2.0659541518  0.1987047447
F   -3.5955157717  1.7996000678  1.2735573933
F   -2.9572846560  0.6596801199  -2.5762348141
F   0.1595519692  -1.0108722785  3.0068571971
H   2.7659927041  -5.8646892817  -1.2396595215
H   4.4806048647  -2.9948181308  -1.4416256266
H   3.4251142338  -4.1272396563  1.5480248344
momentum
1.0809183170753367  5.391409144743874  9.42969283645586
-26.76926771416743  -4.345957870020403  -11.886736617383768
-3.257871615380687  45.527772796409856  21.77006943462733
-5.393296375034876  3.4983828012289053  18.30556522656507
-17.064427533498318  8.783269358346589  -5.280111396118075
-20.469107919545387  -1.6602383245865977  33.53090360306216
41.658826776215  -26.150413932802373  2.1515712927419144
-12.150004266779774  -5.472701940769501  -20.865565039470706
-43.59354330773531  -4.892340303539089  14.9505715449649
14.293752254881904  -16.888849223393965  -36.327282488926144
24.30120921801855  -15.721216738897091  -7.051695389953996
39.11919601573443  1.3273871198713716  4.845959743700214
8.458895971913112  5.2186767029075725  0.5586307372341928
-5.640446556033956  -2.580840344551585  -15.391727082614684
5.4699765894530925  8.06243763542531  -8.840833326899519
