C   2.9929992543  -3.9946887565  -0.4491417187
O   0.6121754810  -2.7846264943  -0.8315142595
C   0.0506538168  -0.6636895674  0.4514345584
C   1.8776150005  1.5576166831  -0.1124543892
F   4.0994600695  1.1209082135  0.9776846052
F   2.2523968838  1.7788567366  -2.5790964978
F   1.0035042413  3.7331141883  0.7577522955
C   -2.7329998278  -0.0449445324  -0.1811134382
F   -4.1508599710  -2.0659541518  0.1987047447
F   -3.5955157717  1.7996000678  1.2735573933
F   -2.9572846560  0.6596801199  -2.5762348141
F   0.1595519692  -1.0108722785  3.0068571971
H   2.7659927041  -5.8646892817  -1.2396595215
H   4.4806048647  -2.9948181308  -1.4416256266
H   3.4251142338  -4.1272396563  1.5480248344
momentum
-11.087177528394687  -15.123577294375455  -12.277485281274389
-36.00928503890049  -17.885495738685247  -46.990406533806194
33.14806615659081  31.50559139402213  -5.516285909198152
-15.06767221823109  -20.612756303530784  47.122713837897116
-1.3881444681380877  42.65315131848044  16.081989858461426
-4.218685707556892  -15.587466278737812  -9.112041327095186
-52.89784957192263  22.51896844139328  -2.3965560943798634
26.463502880997204  -19.77975988380556  21.403596285652046
17.114294551138048  14.899253234000662  -4.2752566011292705
22.887099337351177  49.91723426457159  -33.56675185827857
14.012650143030566  -31.069463216122468  21.542371497272732
20.11982274352667  -42.783710617626966  -0.1356895083590009
-14.614985364752851  6.532505921943349  17.05436091543095
3.8457830231780847  3.5415504945324394  -14.51487375759016
-2.4629837277818294  -8.772711700465647  5.481502450029413
