C   2.9929992543  -3.9946887565  -0.4491417187
O   0.6121754810  -2.7846264943  -0.8315142595
C   0.0506538168  -0.6636895674  0.4514345584
C   1.8776150005  1.5576166831  -0.1124543892
F   4.0994600695  1.1209082135  0.9776846052
F   2.2523968838  1.7788567366  -2.5790964978
F   1.0035042413  3.7331141883  0.7577522955
C   -2.7329998278  -0.0449445324  -0.1811134382
F   -4.1508599710  -2.0659541518  0.1987047447
F   -3.5955157717  1.7996000678  1.2735573933
F   -2.9572846560  0.6596801199  -2.5762348141
F   0.1595519692  -1.0108722785  3.0068571971
H   2.7659927041  -5.8646892817  -1.2396595215
H   4.4806048647  -2.9948181308  -1.4416256266
H   3.4251142338  -4.1272396563  1.5480248344
momentum
38.69163398293202  -29.294989973454673  16.6914908633835
11.925385774369037  35.40721243116262  -27.585253251019218
31.67036674105428  -3.309208227247676  45.143776516667856
-37.28787463623952  43.76991493568733  4.384627111566251
22.033015145658673  -24.34832380209183  -40.60934202808837
1.7943758726392054  -28.22254835391893  -24.32458821506423
-18.32839747431622  10.676840694811874  -2.0722035908844356
2.71573164389932  7.8144085736155535  27.30399980367147
-25.801283758749243  34.22032428403854  -39.83182147743474
-29.849866950048067  -35.49003250376004  21.712072256802504
13.730050328789062  3.1506910328957503  -19.094779308424936
6.0905030731873095  -13.206140941821975  27.95017860944143
-16.668941885115117  3.323420489726436  -5.250130811726702
1.8345654099597186  -6.270697930819334  13.833392562533739
-2.7200198207020705  0.6959931073576806  1.5784231348774382
