C   2.9929992543  -3.9946887565  -0.4491417187
O   0.6121754810  -2.7846264943  -0.8315142595
C   0.0506538168  -0.6636895674  0.4514345584
C   1.8776150005  1.5576166831  -0.1124543892
F   4.0994600695  1.1209082135  0.9776846052
F   2.2523968838  1.7788567366  -2.5790964978
F   1.0035042413  3.7331141883  0.7577522955
C   -2.7329998278  -0.0449445324  -0.1811134382
F   -4.1508599710  -2.0659541518  0.1987047447
F   -3.5955157717  1.7996000678  1.2735573933
F   -2.9572846560  0.6596801199  -2.5762348141
F   0.1595519692  -1.0108722785  3.0068571971
H   2.7659927041  -5.8646892817  -1.2396595215
H   4.4806048647  -2.9948181308  -1.4416256266
H   3.4251142338  -4.1272396563  1.5480248344
momentum
-1.683920707461047  8.625306691676318  16.31506210113463
-15.957959311807494  -23.665580573264233  18.454573789283607
7.450876993109641  -28.556067420986274  -17.746249121145755
16.218918408113808  0.04765174895381498  -27.023225115034904
-30.084201176182418  -32.00067727033371  40.77640808903661
-21.85625174690469  9.666532224530673  -30.080811425307648
-62.345352576613124  0.3611407590700914  -43.53703175239294
14.88313603871134  -7.265594194604456  9.781171315791013
25.305973029998448  14.114477880416022  9.663878925461791
26.165163101360445  -18.010033224124243  9.23162378009898
44.76718921505643  73.67558090221765  33.493965800836435
-9.272867763490508  -10.298632319280044  -24.507167234056798
8.371142599745475  5.162044745391543  3.777947677548278
0.5227201948892046  7.712609195632787  -4.746387136108051
-2.4929740535367144  0.5930758191478295  6.283375534814053
