C   2.9929992543  -3.9946887565  -0.4491417187
O   0.6121754810  -2.7846264943  -0.8315142595
C   0.0506538168  -0.6636895674  0.4514345584
C   1.8776150005  1.5576166831  -0.1124543892
F   4.0994600695  1.1209082135  0.9776846052
F   2.2523968838  1.7788567366  -2.5790964978
F   1.0035042413  3.7331141883  0.7577522955
C   -2.7329998278  -0.0449445324  -0.1811134382
F   -4.1508599710  -2.0659541518  0.1987047447
F   -3.5955157717  1.7996000678  1.2735573933
F   -2.9572846560  0.6596801199  -2.5762348141
F   0.1595519692  -1.0108722785  3.0068571971
H   2.7659927041  -5.8646892817  -1.2396595215
H   4.4806048647  -2.9948181308  -1.4416256266
H   3.4251142338  -4.1272396563  1.5480248344
momentum
-31.523486698170185  16.86902300066902  15.926411981120422
21.642053619624125  13.791020367895637  60.20015870438396
-2.425256114037382  -32.63375541112958  -14.484772628963427
-4.889248073348228  -16.524679099336037  -10.152215629012854
6.036930915582309  18.9333993679857  -43.7992174363181
-47.887272759576135  17.3130638221095  12.155327210166035
36.428137184134435  3.1026437889473604  21.063579868245956
30.250984929383737  36.278265407163545  31.68768739338494
48.08261276931693  18.640894789992217  -53.74915880253859
-3.136513291729035  32.017212835500494  3.388398219229253
-11.381013427369094  -60.79669644578259  -13.632981458552468
-41.41455849801459  -59.10595504279175  2.801485244998605
-4.458203937836601  8.470917651045175  -1.8570882120684076
8.538015444211414  0.44558145056038617  -13.488055547824645
-4.020079437971819  3.7780734970166345  3.433074862103803
