C   2.9929992543  -3.9946887565  -0.4491417187
O   0.6121754810  -2.7846264943  -0.8315142595
C   0.0506538168  -0.6636895674  0.4514345584
C   1.8776150005  1.5576166831  -0.1124543892
F   4.0994600695  1.1209082135  0.9776846052
F   2.2523968838  1.7788567366  -2.5790964978
F   1.0035042413  3.7331141883  0.7577522955
C   -2.7329998278  -0.0449445324  -0.1811134382
F   -4.1508599710  -2.0659541518  0.1987047447
F   -3.5955157717  1.7996000678  1.2735573933
F   -2.9572846560  0.6596801199  -2.5762348141
F   0.1595519692  -1.0108722785  3.0068571971
H   2.7659927041  -5.8646892817  -1.2396595215
H   4.4806048647  -2.9948181308  -1.4416256266
H   3.4251142338  -4.1272396563  1.5480248344
momentum
-16.218161866675004  -2.666845801100972  -1.938090021194683
7.847625150230933  -55.354025299679236  -33.748435711116365
1.294305651153187  -24.962807861989678  11.045904754248154
-33.76231671664126  -5.300716010909038  5.528399198556359
-62.65959122487556  27.636972449694554  -46.47517002778105
54.69025302824294  17.61081744542327  64.96066781046478
1.426864281972758  -28.413584811143476  -36.421597134214785
-9.804980095226272  12.14934890363498  1.4347063623350862
45.01119479013537  51.51204788202789  -2.834646536875342
-21.308039267953273  1.6302395983575917  -14.326121879170511
15.934816591297635  -1.5103992821165475  71.2902273782965
-0.7363494325340658  16.47539514649317  -20.100602145877957
9.764318759477886  -7.570147218907031  5.813210241731681
-5.961658306123903  -0.8440111098558307  10.301232284553743
14.875033471202212  -0.3069026952177871  -14.02476139441722
