C   2.9929992543  -3.9946887565  -0.4491417187
O   0.6121754810  -2.7846264943  -0.8315142595
C   0.0506538168  -0.6636895674  0.4514345584
C   1.8776150005  1.5576166831  -0.1124543892
F   4.0994600695  1.1209082135  0.9776846052
F   2.2523968838  1.7788567366  -2.5790964978
F   1.0035042413  3.7331141883  0.7577522955
C   -2.7329998278  -0.0449445324  -0.1811134382
F   -4.1508599710  -2.0659541518  0.1987047447
F   -3.5955157717  1.7996000678  1.2735573933
F   -2.9572846560  0.6596801199  -2.5762348141
F   0.1595519692  -1.0108722785  3.0068571971
H   2.7659927041  -5.8646892817  -1.2396595215
H   4.4806048647  -2.9948181308  -1.4416256266
H   3.4251142338  -4.1272396563  1.5480248344
momentum
3.392586663535866  14.675627285688071  -18.605072044357716
12.386537787828571  20.569217271056587  -43.921416659362414
7.789229267201789  -9.046423641208111  19.523839466702267
10.550397398237836  -21.052869153201424  -51.870690999560736
-16.41024570230352  -1.0433183444804983  37.41145749978114
52.411193265791965  55.6597869576053  3.52286950604897
25.04727694608166  -5.6408967994172885  -31.810789909800594
14.209341457088234  59.118427212368545  -6.340574731812955
-44.967537431516014  -31.539362886205677  71.82239789110842
-56.80082391648226  -37.152263274514155  -13.373197932624146
13.399938907814473  -21.068783661795898  5.545196141370985
-2.2969878140724442  -9.929942694813198  9.803750860494853
-17.173581463696795  4.955661771293609  0.2726915038383234
-6.904506526206204  -11.80888012695031  7.835801995898825
5.434510082870817  -7.073826506456313  10.075813532551843
