C   2.9929992543  -3.9946887565  -0.4491417187
O   0.6121754810  -2.7846264943  -0.8315142595
C   0.0506538168  -0.6636895674  0.4514345584
C   1.8776150005  1.5576166831  -0.1124543892
F   4.0994600695  1.1209082135  0.9776846052
F   2.2523968838  1.7788567366  -2.5790964978
F   1.0035042413  3.7331141883  0.7577522955
C   -2.7329998278  -0.0449445324  -0.1811134382
F   -4.1508599710  -2.0659541518  0.1987047447
F   -3.5955157717  1.7996000678  1.2735573933
F   -2.9572846560  0.6596801199  -2.5762348141
F   0.1595519692  -1.0108722785  3.0068571971
H   2.7659927041  -5.8646892817  -1.2396595215
H   4.4806048647  -2.9948181308  -1.4416256266
H   3.4251142338  -4.1272396563  1.5480248344
momentum
24.24931648914856  -8.617484277554507  20.75016361246108
-36.764132828841184  43.92923068679369  -55.038144483168026
25.48999351561682  18.566938538648778  -7.953265726454999
-2.4213647775136233  6.855667452502726  10.542188674416943
12.234877621251822  -23.537086685679657  0.5244447110058801
19.157469895469486  -14.481910910616788  0.0319478805034665
-8.31362876475209  -3.5257459722973916  -17.197313037731018
6.175189238612023  3.687711116378828  20.444285118396284
-18.21913959828593  -38.28062825630236  47.356509135383945
-38.029366333570415  2.512833153578357  6.827165194905264
19.482379535589462  18.01054998336291  -33.63065796886044
1.6624641866257357  -14.67273393091556  2.7340048822908383
-8.939631207277435  -17.335388318049127  1.4162883102973358
11.896365224525448  19.214941030661162  0.15971315324124322
-7.5256948795026775  7.037583888942267  3.056022476319892
