C   2.9929992543  -3.9946887565  -0.4491417187
O   0.6121754810  -2.7846264943  -0.8315142595
C   0.0506538168  -0.6636895674  0.4514345584
C   1.8776150005  1.5576166831  -0.1124543892
F   4.0994600695  1.1209082135  0.9776846052
F   2.2523968838  1.7788567366  -2.5790964978
F   1.0035042413  3.7331141883  0.7577522955
C   -2.7329998278  -0.0449445324  -0.1811134382
F   -4.1508599710  -2.0659541518  0.1987047447
F   -3.5955157717  1.7996000678  1.2735573933
F   -2.9572846560  0.6596801199  -2.5762348141
F   0.1595519692  -1.0108722785  3.0068571971
H   2.7659927041  -5.8646892817  -1.2396595215
H   4.4806048647  -2.9948181308  -1.4416256266
H   3.4251142338  -4.1272396563  1.5480248344
momentum
10.872231970000348  15.973467025486043  -54.57567500394107
5.347955438265165  12.31706728564126  -3.488105289609735
-0.4306798753992095  -2.7001547873072123  3.1614765218223857
-2.905034333195544  8.987041615335471  -6.60592060246453
18.663507971895168  35.5816804118955  25.99776388331402
19.05423736882239  -98.67463988157206  14.136541284477316
-19.97249479658266  60.97281408074927  -0.4163392630857505
-11.350805863188445  -13.891758649339257  -6.714441279433912
-51.56874544380276  -30.26844825695273  -12.672271289919335
0.12506940430003163  32.899777510550884  19.918114275116007
15.293964058521066  5.231631085161134  0.9782200024299326
33.10127431537053  -20.397202093081447  17.15682138011623
3.627698659975495  -4.861337549707653  0.9841288909012191
-1.2413849244036637  -4.2642445808247045  -3.2678469256130236
-18.66852786385526  3.776643197226627  4.941722000324877
