C   2.9929992543  -3.9946887565  -0.4491417187
O   0.6121754810  -2.7846264943  -0.8315142595
C   0.0506538168  -0.6636895674  0.4514345584
C   1.8776150005  1.5576166831  -0.1124543892
F   4.0994600695  1.1209082135  0.9776846052
F   2.2523968838  1.7788567366  -2.5790964978
F   1.0035042413  3.7331141883  0.7577522955
C   -2.7329998278  -0.0449445324  -0.1811134382
F   -4.1508599710  -2.0659541518  0.1987047447
F   -3.5955157717  1.7996000678  1.2735573933
F   -2.9572846560  0.6596801199  -2.5762348141
F   0.1595519692  -1.0108722785  3.0068571971
H   2.7659927041  -5.8646892817  -1.2396595215
H   4.4806048647  -2.9948181308  -1.4416256266
H   3.4251142338  -4.1272396563  1.5480248344
momentum
-6.738683078969102  11.694258655337752  10.371200421154066
24.732520200648114  6.470024948390234  39.527230431958415
6.146489527374681  36.6398324703544  -2.5709979302260075
-20.683015235503916  -12.612371045747588  -1.223771519549473
13.3315718809241  -58.964938220301796  -22.54442088659179
-36.63874542760357  22.654747618290962  12.496221250157266
27.587612303872827  69.87143521324924  -24.279353583941234
41.70617283575352  5.059507256874789  -30.73127044092723
-36.58700205897774  10.226258283515978  -31.811833099072125
-13.409629501204618  -83.85931809863798  -18.800572378410433
-33.43682944648401  30.064063657614383  37.690100469126236
30.475422138926028  -12.97071312100126  11.176736981266865
4.039176784280353  -3.146114490552215  4.701264683445352
8.404672274762223  -12.857000904029073  23.693570930410296
-8.340400111127556  -8.229564093474346  -7.445806944432198
