C   2.9929992543  -3.9946887565  -0.4491417187
O   0.6121754810  -2.7846264943  -0.8315142595
C   0.0506538168  -0.6636895674  0.4514345584
C   1.8776150005  1.5576166831  -0.1124543892
F   4.0994600695  1.1209082135  0.9776846052
F   2.2523968838  1.7788567366  -2.5790964978
F   1.0035042413  3.7331141883  0.7577522955
C   -2.7329998278  -0.0449445324  -0.1811134382
F   -4.1508599710  -2.0659541518  0.1987047447
F   -3.5955157717  1.7996000678  1.2735573933
F   -2.9572846560  0.6596801199  -2.5762348141
F   0.1595519692  -1.0108722785  3.0068571971
H   2.7659927041  -5.8646892817  -1.2396595215
H   4.4806048647  -2.9948181308  -1.4416256266
H   3.4251142338  -4.1272396563  1.5480248344
momentum
-22.422934996687147  37.89961987357324  18.310737788183143
14.047885400297364  31.406112259801883  -18.509915122869984
9.661518165583526  5.998091331064283  7.572503295528527
-11.312579973133559  -24.839415821134374  18.859612138046586
-8.311014660245462  -15.543414906131916  -35.683193326549016
0.944965079515117  4.5339208328121305  25.599924667886928
48.70101928382495  -38.68910097969204  -9.758873464465214
-20.205605996679697  -36.8323114905368  -40.63964888398922
2.359978514899092  9.978139096459158  -50.93827884461852
-18.180826511970395  -15.239536783021936  -12.624934974700762
-21.340775512365664  -9.045095711758233  82.35908372201472
13.723495605794854  61.58578282604261  15.976722028343445
3.527792493550719  12.134292888302987  0.5973381618419511
5.2478555496661174  -12.48923851657263  -3.1520131395765034
3.417796963528337  -10.324543337314207  1.9776598654744593
