C   2.9929992543  -3.9946887565  -0.4491417187
O   0.6121754810  -2.7846264943  -0.8315142595
C   0.0506538168  -0.6636895674  0.4514345584
C   1.8776150005  1.5576166831  -0.1124543892
F   4.0994600695  1.1209082135  0.9776846052
F   2.2523968838  1.7788567366  -2.5790964978
F   1.0035042413  3.7331141883  0.7577522955
C   -2.7329998278  -0.0449445324  -0.1811134382
F   -4.1508599710  -2.0659541518  0.1987047447
F   -3.5955157717  1.7996000678  1.2735573933
F   -2.9572846560  0.6596801199  -2.5762348141
F   0.1595519692  -1.0108722785  3.0068571971
H   2.7659927041  -5.8646892817  -1.2396595215
H   4.4806048647  -2.9948181308  -1.4416256266
H   3.4251142338  -4.1272396563  1.5480248344
momentum
-4.0579004228830335  2.1955054096729416  38.35622420366168
-27.46734860229064  -5.4470509865581205  -19.342990912028206
-31.65912904091073  -3.5558808337695766  -44.644113601979655
-46.991576975694954  -36.19563520546151  -12.593456397847543
25.682399568837752  -47.3364217551767  19.1786307873062
0.7792724542967302  45.719849589512194  -3.0417408436562217
-13.510540823378587  6.062345430962246  -27.281020899262007
-7.5348210669067175  32.4861592276758  12.810604251965385
56.95636005693765  -30.2953216261791  0.8183645519362057
-23.709693119598  6.006196786691719  -10.111513530577433
32.68850400492823  16.07841682973411  15.477771375908778
46.63857412385693  1.744861731705702  28.41754514204921
-3.059180194732768  11.891202507488236  6.65264492657159
-7.029409422795156  7.777995839658524  2.6759099966216495
2.368707359914512  -7.1785918235207085  -7.076475443505776
