C   2.9929992543  -3.9946887565  -0.4491417187
O   0.6121754810  -2.7846264943  -0.8315142595
C   0.0506538168  -0.6636895674  0.4514345584
C   1.8776150005  1.5576166831  -0.1124543892
F   4.0994600695  1.1209082135  0.9776846052
F   2.2523968838  1.7788567366  -2.5790964978
F   1.0035042413  3.7331141883  0.7577522955
C   -2.7329998278  -0.0449445324  -0.1811134382
F   -4.1508599710  -2.0659541518  0.1987047447
F   -3.5955157717  1.7996000678  1.2735573933
F   -2.9572846560  0.6596801199  -2.5762348141
F   0.1595519692  -1.0108722785  3.0068571971
H   2.7659927041  -5.8646892817  -1.2396595215
H   4.4806048647  -2.9948181308  -1.4416256266
H   3.4251142338  -4.1272396563  1.5480248344
momentum
0.46885721479879133  60.91446601473427  33.43556169684079
-4.625313262955417  -45.94080422607553  -20.86415558835684
2.2897013521289447  -9.614387370669128  -13.533795615023347
6.8355083177199525  -21.931898806245755  -9.55813451937452
-11.835479802965486  32.0183878382853  13.631301896590966
-33.49181043817638  11.65985098900322  -22.938584213432495
40.75732468570843  -37.33533530084089  9.698365055225501
-4.09455264687341  21.094037280389895  28.351085640902078
-26.590319282319232  17.26944612971965  -13.41204662520615
33.74634534483218  -31.450601262587185  -1.236409670021784
14.835729329036498  -4.705453927254999  -8.493495503279998
-24.240913083765314  12.218177597733424  23.789248020324074
3.770616698974928  -6.557802698918726  -3.022889627428788
8.626078174551306  6.409771579455329  -20.523350199061294
-6.6855702600705005  -3.40439642985877  4.438116835529666
