C   2.9929992543  -3.9946887565  -0.4491417187
O   0.6121754810  -2.7846264943  -0.8315142595
C   0.0506538168  -0.6636895674  0.4514345584
C   1.8776150005  1.5576166831  -0.1124543892
F   4.0994600695  1.1209082135  0.9776846052
F   2.2523968838  1.7788567366  -2.5790964978
F   1.0035042413  3.7331141883  0.7577522955
C   -2.7329998278  -0.0449445324  -0.1811134382
F   -4.1508599710  -2.0659541518  0.1987047447
F   -3.5955157717  1.7996000678  1.2735573933
F   -2.9572846560  0.6596801199  -2.5762348141
F   0.1595519692  -1.0108722785  3.0068571971
H   2.7659927041  -5.8646892817  -1.2396595215
H   4.4806048647  -2.9948181308  -1.4416256266
H   3.4251142338  -4.1272396563  1.5480248344
momentum
5.381531938066757  -12.480877382002669  22.99521598948332
58.57125582343055  -56.74609215921048  -34.12424379011816
-45.56066198204981  17.723765689473325  10.313954528012259
32.712997021243766  -14.76534006482151  21.946553159251522
-31.709701816849783  10.539872669628586  -6.337430938595152
-17.607873254034104  3.853988098272753  -26.377688200341957
-15.900723263746439  4.72662596867454  29.0476844619853
40.18559279942796  -0.08825021801468712  0.05889145984546085
-0.5923458179900448  54.32446417506891  31.74415467390953
-5.795094499056286  -6.678778193345971  -10.446841619225298
-20.757419316617348  14.204304218057585  23.053864905046268
-17.77685437055071  -2.073006544009927  -72.41136518424916
10.877458839586621  -8.949449145839754  0.03338348391159828
5.500220415013494  -2.7702312090528567  -1.3922266047384861
2.3099568313629053  -0.3156519585382638  12.14962488905554
