C   2.9929992543  -3.9946887565  -0.4491417187
O   0.6121754810  -2.7846264943  -0.8315142595
C   0.0506538168  -0.6636895674  0.4514345584
C   1.8776150005  1.5576166831  -0.1124543892
F   4.0994600695  1.1209082135  0.9776846052
F   2.2523968838  1.7788567366  -2.5790964978
F   1.0035042413  3.7331141883  0.7577522955
C   -2.7329998278  -0.0449445324  -0.1811134382
F   -4.1508599710  -2.0659541518  0.1987047447
F   -3.5955157717  1.7996000678  1.2735573933
F   -2.9572846560  0.6596801199  -2.5762348141
F   0.1595519692  -1.0108722785  3.0068571971
H   2.7659927041  -5.8646892817  -1.2396595215
H   4.4806048647  -2.9948181308  -1.4416256266
H   3.4251142338  -4.1272396563  1.5480248344
momentum
20.870959657810218  -33.930626303254094  0.8547822342116617
55.13659044726688  -24.511357309735498  29.518278969391293
-18.71064190993583  17.762928905846014  -12.782593040448134
0.02384317434881292  3.7649935775308014  34.14695705633105
-42.89207877329241  22.710290349211654  -23.141317003952516
3.796383602886227  49.40425267820823  -45.87722084056143
-1.98272952186262  -62.71948483866898  9.828533586258182
-30.016106593263455  -9.774434869279107  -10.266770199107121
-0.03304681007554529  25.51038798820444  5.0157544494379245
61.74408752631511  3.551354833888783  -4.332751862565207
-5.1330780882188085  18.146477352473525  23.11182409150356
-46.450585524545836  3.526399545131753  -5.981546022493291
12.125002512531307  -7.644728560771454  3.511127723298724
-7.787307299412581  -8.354040542412092  -9.914956300457288
-0.9027308249678244  3.459915518321321  6.167548586348713
