C   2.9929992543  -3.9946887565  -0.4491417187
O   0.6121754810  -2.7846264943  -0.8315142595
C   0.0506538168  -0.6636895674  0.4514345584
C   1.8776150005  1.5576166831  -0.1124543892
F   4.0994600695  1.1209082135  0.9776846052
F   2.2523968838  1.7788567366  -2.5790964978
F   1.0035042413  3.7331141883  0.7577522955
C   -2.7329998278  -0.0449445324  -0.1811134382
F   -4.1508599710  -2.0659541518  0.1987047447
F   -3.5955157717  1.7996000678  1.2735573933
F   -2.9572846560  0.6596801199  -2.5762348141
F   0.1595519692  -1.0108722785  3.0068571971
H   2.7659927041  -5.8646892817  -1.2396595215
H   4.4806048647  -2.9948181308  -1.4416256266
H   3.4251142338  -4.1272396563  1.5480248344
momentum
-8.452197462256434  17.33993209815947  -3.2138712304993597
19.0738643010767  -44.249921003350444  2.253752182661511
-76.2660509486003  -6.755029746382082  30.00457543553491
-9.927175311759225  -3.9893732654371177  0.7726413604281014
2.836069353841274  -16.413463417569627  9.744998223292493
15.117599263270382  14.631534818647408  -23.098999429320173
-6.181871937201053  -9.93881547470403  -20.574392075579574
9.837308865705904  22.060821255372613  -13.67840734699982
8.223134717655865  -0.04574509317865026  3.5428333785500152
-3.6712418863971936  11.262510775932943  -8.80335325474828
4.722104039650205  9.605295130094232  -5.710163053135238
35.756620396332906  -25.440178601194766  35.647385728352354
-6.36655150725068  14.416765530828537  -5.959730236116337
2.8066772254312977  6.976169122000709  4.471034214631806
12.040974771958734  9.634211440861392  -4.80165289395869
