C   2.9929992543  -3.9946887565  -0.4491417187
O   0.6121754810  -2.7846264943  -0.8315142595
C   0.0506538168  -0.6636895674  0.4514345584
C   1.8776150005  1.5576166831  -0.1124543892
F   4.0994600695  1.1209082135  0.9776846052
F   2.2523968838  1.7788567366  -2.5790964978
F   1.0035042413  3.7331141883  0.7577522955
C   -2.7329998278  -0.0449445324  -0.1811134382
F   -4.1508599710  -2.0659541518  0.1987047447
F   -3.5955157717  1.7996000678  1.2735573933
F   -2.9572846560  0.6596801199  -2.5762348141
F   0.1595519692  -1.0108722785  3.0068571971
H   2.7659927041  -5.8646892817  -1.2396595215
H   4.4806048647  -2.9948181308  -1.4416256266
H   3.4251142338  -4.1272396563  1.5480248344
momentum
33.11443528210173  33.48900670325326  17.03284550499365
-41.64579955530034  12.865042690390654  -27.91989087826449
48.07563952008739  -31.242089209619675  -62.68093993405816
-5.085487953469608  23.237221287561916  24.71945688312899
-61.637620966443656  0.3989502700237287  30.59306646750296
37.46058557036449  -28.731146374018966  -19.585575169977584
42.09483288138154  12.11202622380124  -25.08321366707814
-21.345053238949504  17.42784664333589  -1.5752874857177714
-25.851823647389914  -39.49631683641793  10.540415839632846
-44.559898275687544  51.13178177186768  14.03273905507128
-9.924015996645506  -3.4775133374566902  6.424594720769295
51.349702228499886  -39.76510400766013  35.36642955433287
7.950973778349973  4.281154070867443  0.008340109449685756
-3.5434754198325953  -4.739692562805968  0.9735584317111297
-5.809871581736885  -6.796088753951619  -2.9832955399898884
