C   2.9929992543  -3.9946887565  -0.4491417187
O   0.6121754810  -2.7846264943  -0.8315142595
C   0.0506538168  -0.6636895674  0.4514345584
C   1.8776150005  1.5576166831  -0.1124543892
F   4.0994600695  1.1209082135  0.9776846052
F   2.2523968838  1.7788567366  -2.5790964978
F   1.0035042413  3.7331141883  0.7577522955
C   -2.7329998278  -0.0449445324  -0.1811134382
F   -4.1508599710  -2.0659541518  0.1987047447
F   -3.5955157717  1.7996000678  1.2735573933
F   -2.9572846560  0.6596801199  -2.5762348141
F   0.1595519692  -1.0108722785  3.0068571971
H   2.7659927041  -5.8646892817  -1.2396595215
H   4.4806048647  -2.9948181308  -1.4416256266
H   3.4251142338  -4.1272396563  1.5480248344
momentum
-17.339903752902867  -23.97108088821687  -4.724595168951148
4.174511196533153  41.181208052414185  26.86711270502371
3.327746076578631  8.471693413825468  -9.702916751467885
-6.44778568909969  31.04672164675274  18.28058310734338
-28.908313524181963  5.202376321700165  -56.30468843679767
69.69941633725172  -40.33111309984293  -10.104583805796107
25.104496268910655  12.63604897679632  26.565100135828818
-3.159893227140538  29.11043782283656  -8.74534253157022
47.47232225029602  -40.62526229701276  17.90390296849701
-54.76478341780502  18.49742467717062  -30.351257785370077
-29.960410728408558  7.051726375425844  34.102468560158314
-25.28236234559706  -47.83795517764467  -6.966227290567169
9.011515615640375  4.0094275143243605  -3.5107092124902817
-9.307967620180849  -2.0604282674838847  7.945292437023367
16.819690703672304  -2.2227127593806797  -1.177325965707987
