C   2.9929992543  -3.9946887565  -0.4491417187
O   0.6121754810  -2.7846264943  -0.8315142595
C   0.0506538168  -0.6636895674  0.4514345584
C   1.8776150005  1.5576166831  -0.1124543892
F   4.0994600695  1.1209082135  0.9776846052
F   2.2523968838  1.7788567366  -2.5790964978
F   1.0035042413  3.7331141883  0.7577522955
C   -2.7329998278  -0.0449445324  -0.1811134382
F   -4.1508599710  -2.0659541518  0.1987047447
F   -3.5955157717  1.7996000678  1.2735573933
F   -2.9572846560  0.6596801199  -2.5762348141
F   0.1595519692  -1.0108722785  3.0068571971
H   2.7659927041  -5.8646892817  -1.2396595215
H   4.4806048647  -2.9948181308  -1.4416256266
H   3.4251142338  -4.1272396563  1.5480248344
momentum
11.889023735241341  -20.843351932045874  28.88739217070649
-27.34876995176566  26.1731932359514  7.81962501127464
2.4794515014496836  17.394911051742305  -65.94782518666801
-34.724563655922104  13.865119826454578  0.5381390071470842
5.0107970293086375  -10.440714335824042  -23.21727364181351
34.15063175805597  -9.769470407885489  21.687554141426492
0.5747816924750991  41.13112659077013  -29.06560989250794
-27.85286593182089  -57.86975051407518  -16.6036359321911
41.83435317663083  -33.46692772745596  13.653903343975575
32.2713597274225  46.51340826575849  29.211907704190075
-12.668584773545122  47.38592713993256  1.2736501189897222
-38.31240041657973  -72.31274655439142  21.812980757150665
1.041851222695509  -4.402573776849214  1.6411647059867425
-2.89746738813547  4.5645849404749415  6.379347737028828
15.012653868459084  11.651750950249845  1.9559813420211178
