C   2.9929992543  -3.9946887565  -0.4491417187
O   0.6121754810  -2.7846264943  -0.8315142595
C   0.0506538168  -0.6636895674  0.4514345584
C   1.8776150005  1.5576166831  -0.1124543892
F   4.0994600695  1.1209082135  0.9776846052
F   2.2523968838  1.7788567366  -2.5790964978
F   1.0035042413  3.7331141883  0.7577522955
C   -2.7329998278  -0.0449445324  -0.1811134382
F   -4.1508599710  -2.0659541518  0.1987047447
F   -3.5955157717  1.7996000678  1.2735573933
F   -2.9572846560  0.6596801199  -2.5762348141
F   0.1595519692  -1.0108722785  3.0068571971
H   2.7659927041  -5.8646892817  -1.2396595215
H   4.4806048647  -2.9948181308  -1.4416256266
H   3.4251142338  -4.1272396563  1.5480248344
momentum
23.826364115434682  -28.7355881865883  -0.7808165283407362
15.020622719423482  16.392950125494448  -5.448227596548788
13.86216973681214  11.401660635287838  27.09837490699647
-18.90425795643754  -9.753597584420328  -19.942482189490207
-23.002366047734647  -21.67312014455789  10.474707560805824
-27.25619305066712  34.2203624482854  -12.51004097004508
13.034723161249675  -25.561849847437795  6.8709817293095865
-9.946719192694298  27.171000967789563  -49.854101576472544
7.562176247828561  16.50512430955497  37.03317817580238
30.01988377120204  -44.64525877680434  35.934721156850266
29.53793676267162  -16.903553279488357  -8.631079803322093
-46.187110712475175  41.744960299982274  -24.493278403583084
-5.680089743236515  -0.5912970376115732  4.994589975916305
-0.7333056198107474  3.6908280790805232  8.149742725488982
-1.2139396010692383  -4.197454730458805  -8.726190218405486
