C   2.9929992543  -3.9946887565  -0.4491417187
O   0.6121754810  -2.7846264943  -0.8315142595
C   0.0506538168  -0.6636895674  0.4514345584
C   1.8776150005  1.5576166831  -0.1124543892
F   4.0994600695  1.1209082135  0.9776846052
F   2.2523968838  1.7788567366  -2.5790964978
F   1.0035042413  3.7331141883  0.7577522955
C   -2.7329998278  -0.0449445324  -0.1811134382
F   -4.1508599710  -2.0659541518  0.1987047447
F   -3.5955157717  1.7996000678  1.2735573933
F   -2.9572846560  0.6596801199  -2.5762348141
F   0.1595519692  -1.0108722785  3.0068571971
H   2.7659927041  -5.8646892817  -1.2396595215
H   4.4806048647  -2.9948181308  -1.4416256266
H   3.4251142338  -4.1272396563  1.5480248344
momentum
-24.005442667608932  21.99606952053435  -13.118990487818508
25.758782684010498  21.365944956656307  47.62909937755666
23.78869332064238  -15.505875842390587  13.806092972778341
-5.166812978307847  -32.92950371908313  9.521506005479301
-9.362943613127538  46.640767713154126  5.283903026898366
-5.335552555580939  -17.68268176152013  -55.38604848729351
39.08806378780283  -44.62234164071943  27.14094134437193
-37.817786909152694  -20.202527768868325  -8.082892239968533
-2.158212100802728  20.38163356339953  -47.98762188003688
24.02999162519859  -23.577734842622156  -25.18125446058137
-5.280659334609698  4.743910178824608  56.670753792276095
-13.645205650435505  25.19457204355238  3.5056891638831993
1.2895617679434273  -1.5165217166660858  0.3774425460098517
0.20892529206292362  6.5453427535709965  -4.546453135142727
-11.221251685980045  9.033622366773129  -9.63301920028625
