C   2.9929992543  -3.9946887565  -0.4491417187
O   0.6121754810  -2.7846264943  -0.8315142595
C   0.0506538168  -0.6636895674  0.4514345584
C   1.8776150005  1.5576166831  -0.1124543892
F   4.0994600695  1.1209082135  0.9776846052
F   2.2523968838  1.7788567366  -2.5790964978
F   1.0035042413  3.7331141883  0.7577522955
C   -2.7329998278  -0.0449445324  -0.1811134382
F   -4.1508599710  -2.0659541518  0.1987047447
F   -3.5955157717  1.7996000678  1.2735573933
F   -2.9572846560  0.6596801199  -2.5762348141
F   0.1595519692  -1.0108722785  3.0068571971
H   2.7659927041  -5.8646892817  -1.2396595215
H   4.4806048647  -2.9948181308  -1.4416256266
H   3.4251142338  -4.1272396563  1.5480248344
momentum
-14.343128754210342  -27.01737084299243  35.27238999193631
34.32372442799361  13.635629032123026  -67.69853533273495
-46.284735477549276  9.682472185778987  -12.428690041694017
26.116121218349274  -27.299477644659063  -18.44412591848164
-1.1456796762444064  32.986343300282975  -6.357856065401126
9.234291215719889  22.17218583829485  28.508547324642237
-10.62454211617519  31.57513212121474  -5.269570410309527
37.99252127804624  18.069997777908775  -26.430398794160553
-41.08401703580069  -0.1686452680762484  30.27855509719927
1.7295267161665706  -29.426858588486628  -18.483384010420643
-2.7899701649656476  -4.948938835959494  53.65313407461039
6.5823514572749415  -17.649065689721024  -0.7181318154742671
0.6541048592919184  -7.177265054402149  6.0998899259654955
-0.6800793358415451  -9.857203242493622  -3.128405552273493
0.504006789269519  -4.122955920551201  5.130283404624133
