C   2.9929992543  -3.9946887565  -0.4491417187
O   0.6121754810  -2.7846264943  -0.8315142595
C   0.0506538168  -0.6636895674  0.4514345584
C   1.8776150005  1.5576166831  -0.1124543892
F   4.0994600695  1.1209082135  0.9776846052
F   2.2523968838  1.7788567366  -2.5790964978
F   1.0035042413  3.7331141883  0.7577522955
C   -2.7329998278  -0.0449445324  -0.1811134382
F   -4.1508599710  -2.0659541518  0.1987047447
F   -3.5955157717  1.7996000678  1.2735573933
F   -2.9572846560  0.6596801199  -2.5762348141
F   0.1595519692  -1.0108722785  3.0068571971
H   2.7659927041  -5.8646892817  -1.2396595215
H   4.4806048647  -2.9948181308  -1.4416256266
H   3.4251142338  -4.1272396563  1.5480248344
momentum
11.14962380134537  -21.69971244972748  -7.101883604172518
-39.80536892898327  -33.7541498563393  -26.425459831308235
11.88106591903265  -50.495020307317915  13.980535947072255
-5.814714455790108  -13.248299241783695  -3.65725882503738
-26.540964097394163  40.95610682561399  50.43253912417207
46.04213186384993  0.45973395585527554  22.26471439230846
-18.465400891159586  11.667177038265633  3.550599552617966
44.14592111239723  1.5876689526853756  2.8795192347005556
27.387434509349948  12.753958658414483  5.591131206115094
-44.01605572458789  65.44412575282061  -10.08207247390286
-73.17444422655369  -17.926614405302654  -13.460769198844032
64.50095511864019  19.911018457070618  -21.177796331506247
-4.172389450220691  -5.836370907922515  -6.808209289612822
3.274214110609594  -2.3762534274317884  -0.574434880027686
3.919243302790077  -7.260921889755613  -8.839096199011777
