C   2.9929992543  -3.9946887565  -0.4491417187
O   0.6121754810  -2.7846264943  -0.8315142595
C   0.0506538168  -0.6636895674  0.4514345584
C   1.8776150005  1.5576166831  -0.1124543892
F   4.0994600695  1.1209082135  0.9776846052
F   2.2523968838  1.7788567366  -2.5790964978
F   1.0035042413  3.7331141883  0.7577522955
C   -2.7329998278  -0.0449445324  -0.1811134382
F   -4.1508599710  -2.0659541518  0.1987047447
F   -3.5955157717  1.7996000678  1.2735573933
F   -2.9572846560  0.6596801199  -2.5762348141
F   0.1595519692  -1.0108722785  3.0068571971
H   2.7659927041  -5.8646892817  -1.2396595215
H   4.4806048647  -2.9948181308  -1.4416256266
H   3.4251142338  -4.1272396563  1.5480248344
momentum
17.49613190168695  1.2983650574040642  -40.66787512949005
51.918339780937345  -1.3186387748231487  20.222675115943893
-0.5482403052219723  -11.59630586494437  31.81207957767524
13.638488294047018  -23.458967128836438  -48.35241500570819
44.365642049038655  -36.61783280393028  15.515848275706148
-31.054508460589258  24.32141308509443  41.018813130379975
-4.567773154985585  -32.22679175247124  -37.08629883358834
-1.4990609696618589  11.742211950970047  46.11173034549508
-20.03326937484437  -8.648672098136549  10.363486993331314
-43.487765075849794  0.6159168381949139  -12.21500074320975
4.01513516134146  31.937892532265934  -3.3827193470128
-36.2160055688125  36.49685903875085  -37.04472946546553
2.3609403090833476  -0.5031734968309641  -0.9701365228117587
9.26390838385342  -0.8527751938080846  16.440457787795832
-5.686180852655613  8.543648453133711  -1.8088119859298883
