C   2.9929992543  -3.9946887565  -0.4491417187
O   0.6121754810  -2.7846264943  -0.8315142595
C   0.0506538168  -0.6636895674  0.4514345584
C   1.8776150005  1.5576166831  -0.1124543892
F   4.0994600695  1.1209082135  0.9776846052
F   2.2523968838  1.7788567366  -2.5790964978
F   1.0035042413  3.7331141883  0.7577522955
C   -2.7329998278  -0.0449445324  -0.1811134382
F   -4.1508599710  -2.0659541518  0.1987047447
F   -3.5955157717  1.7996000678  1.2735573933
F   -2.9572846560  0.6596801199  -2.5762348141
F   0.1595519692  -1.0108722785  3.0068571971
H   2.7659927041  -5.8646892817  -1.2396595215
H   4.4806048647  -2.9948181308  -1.4416256266
H   3.4251142338  -4.1272396563  1.5480248344
momentum
-5.893355490007868  -8.289710094781245  32.172752401089134
-9.767380750483394  44.0660196335535  -23.980537958383337
-1.673559642913759  25.06919524044911  -17.47381922481209
-37.74824943922385  -3.9966577825579264  21.030864255399006
-4.152574139680921  -16.851618615101867  5.7220859668916155
68.2985558117782  -24.85485446052714  13.895368720604504
-12.862955474301781  -15.102765769481342  -63.035905218328644
14.05723335458963  34.48845082301236  2.733138860166922
20.282710295513535  -24.67691823415884  65.38928306302057
-46.83600053313792  -8.686226584124766  6.722173429986272
-4.831210354997171  37.32578345984961  23.31094090584222
-5.502542837960462  -45.48804698173496  -63.808966723899665
19.45451215157314  8.772997526542827  4.825010845387805
9.776154282459444  4.066634627809791  0.7734159592551543
-2.395723133608783  -4.899893142540433  -7.859301241149508
