C   2.9929992543  -3.9946887565  -0.4491417187
O   0.6121754810  -2.7846264943  -0.8315142595
C   0.0506538168  -0.6636895674  0.4514345584
C   1.8776150005  1.5576166831  -0.1124543892
F   4.0994600695  1.1209082135  0.9776846052
F   2.2523968838  1.7788567366  -2.5790964978
F   1.0035042413  3.7331141883  0.7577522955
C   -2.7329998278  -0.0449445324  -0.1811134382
F   -4.1508599710  -2.0659541518  0.1987047447
F   -3.5955157717  1.7996000678  1.2735573933
F   -2.9572846560  0.6596801199  -2.5762348141
F   0.1595519692  -1.0108722785  3.0068571971
H   2.7659927041  -5.8646892817  -1.2396595215
H   4.4806048647  -2.9948181308  -1.4416256266
H   3.4251142338  -4.1272396563  1.5480248344
momentum
2.3280418044040885  -20.528921398353496  29.98416235214798
3.8492263862429916  25.3575976720171  42.74725460732177
-24.17232047177762  -13.513800104136676  -39.85881349324131
-10.393104982294362  21.45961141534021  4.918889162627718
12.561706772084815  -49.57053194897989  -10.743041937749373
-35.84753464766474  22.48849165584244  -27.65454422011765
13.077832910646025  -11.262168564368977  42.22100481713703
36.855942791232174  -13.230273729359936  -10.908450093639697
-12.85783934967163  -19.62820921485323  -29.118483728274466
-0.5577185598772532  0.5527080918627505  -14.023308596590072
-9.609084526049871  8.832252140097335  33.54539526675125
20.110377368562943  45.434174152871456  -22.13441698192894
7.2208816346772  -0.9827587071031105  -7.868641700803254
-1.4080173216748078  1.250847617337195  1.5044451641079046
-1.1161223051040177  3.699358929606044  7.315901115517556
