C   2.9929992543  -3.9946887565  -0.4491417187
O   0.6121754810  -2.7846264943  -0.8315142595
C   0.0506538168  -0.6636895674  0.4514345584
C   1.8776150005  1.5576166831  -0.1124543892
F   4.0994600695  1.1209082135  0.9776846052
F   2.2523968838  1.7788567366  -2.5790964978
F   1.0035042413  3.7331141883  0.7577522955
C   -2.7329998278  -0.0449445324  -0.1811134382
F   -4.1508599710  -2.0659541518  0.1987047447
F   -3.5955157717  1.7996000678  1.2735573933
F   -2.9572846560  0.6596801199  -2.5762348141
F   0.1595519692  -1.0108722785  3.0068571971
H   2.7659927041  -5.8646892817  -1.2396595215
H   4.4806048647  -2.9948181308  -1.4416256266
H   3.4251142338  -4.1272396563  1.5480248344
momentum
12.021030658333293  -32.531735816681014  10.334611650074388
25.53182586574238  -2.939454435414658  -37.123240998477385
-30.13609203842949  -7.88500222847063  5.7457745415177985
-1.6468379311385664  17.447026648039817  1.4436758720129754
32.8293234163656  24.072404949366206  -27.009343883847418
-5.739167665447129  -2.829519778215036  -39.940930131849846
-11.599778456375516  -29.49644873471018  55.64496820118202
-15.403406052588002  5.749054546963134  14.68938858765116
-38.38940152696371  -10.0462717881557  -10.967243330890051
34.62353132424132  -24.049429547248383  5.3709551836283245
18.674838963690448  7.941494111686628  -23.39944716697981
-16.10797192564985  57.84043191730336  38.98162136295424
-1.379442138718415  8.647407948341835  -5.827924692402861
-7.8097188458331726  -8.403192269485963  6.462554659977998
4.23128613443962  -3.9172719061959773  5.60476945909307
