C   2.9929992543  -3.9946887565  -0.4491417187
O   0.6121754810  -2.7846264943  -0.8315142595
C   0.0506538168  -0.6636895674  0.4514345584
C   1.8776150005  1.5576166831  -0.1124543892
F   4.0994600695  1.1209082135  0.9776846052
F   2.2523968838  1.7788567366  -2.5790964978
F   1.0035042413  3.7331141883  0.7577522955
C   -2.7329998278  -0.0449445324  -0.1811134382
F   -4.1508599710  -2.0659541518  0.1987047447
F   -3.5955157717  1.7996000678  1.2735573933
F   -2.9572846560  0.6596801199  -2.5762348141
F   0.1595519692  -1.0108722785  3.0068571971
H   2.7659927041  -5.8646892817  -1.2396595215
H   4.4806048647  -2.9948181308  -1.4416256266
H   3.4251142338  -4.1272396563  1.5480248344
momentum
47.76130116508116  -36.88080131807929  -10.857315615484156
10.662191016345519  17.523258922895344  37.691432363649064
-40.93203355670672  -17.670387318728782  12.280390869728729
-19.623772420857275  -44.08468569260349  -30.474262814989814
44.07081485400487  -14.653480564605335  27.287920284944793
-13.24133944735715  35.90249821019374  -3.0815211951053563
7.037004610885176  -3.1163317012709864  28.120477284912972
-14.066712981492149  7.153081369528224  8.555501911595659
9.583868838518361  18.358016923053764  -0.8989848342992321
-22.803692583620748  -4.770146040211165  -37.55421457858749
-24.99643720831072  1.77394330803955  3.739621614949248
12.48897064906659  52.204562145391755  -18.368565478600146
1.1027904714714343  -5.897002060286144  -0.9749849624795734
4.661456631273566  3.204731240744811  -8.507191860628524
-2.1460595448861666  -8.535022126331349  -6.989517384356229
