C   2.9929992543  -3.9946887565  -0.4491417187
O   0.6121754810  -2.7846264943  -0.8315142595
C   0.0506538168  -0.6636895674  0.4514345584
C   1.8776150005  1.5576166831  -0.1124543892
F   4.0994600695  1.1209082135  0.9776846052
F   2.2523968838  1.7788567366  -2.5790964978
F   1.0035042413  3.7331141883  0.7577522955
C   -2.7329998278  -0.0449445324  -0.1811134382
F   -4.1508599710  -2.0659541518  0.1987047447
F   -3.5955157717  1.7996000678  1.2735573933
F   -2.9572846560  0.6596801199  -2.5762348141
F   0.1595519692  -1.0108722785  3.0068571971
H   2.7659927041  -5.8646892817  -1.2396595215
H   4.4806048647  -2.9948181308  -1.4416256266
H   3.4251142338  -4.1272396563  1.5480248344
momentum
20.465449709887952  28.024539463529084  23.49426814214992
17.19223680963083  0.1839835481926532  -15.709508128170825
18.564705805437384  63.0045567599059  -4.961132815671701
13.37976173844402  -20.674151014994592  -12.903292402638998
-26.302610586943164  -32.85322867120528  -37.03284521509918
-20.044236150086427  -19.409139045646523  18.337243014680684
-16.46983625156212  -21.072152332935044  22.61283702739181
10.908881122534366  -1.7018419493082866  -34.746941179699775
-24.31282503283264  56.81171114666249  41.2730027636409
-38.86580000840781  -44.428505548939306  -20.694054379180507
10.08477925458874  30.466603570087777  -2.8122496570126803
31.446721974316407  -35.56707374650797  5.270726653298011
1.8121581561360618  -10.924547416387052  3.9992240344865966
-5.297155657283348  1.073832538469411  11.28113552493108
8.05303708181526  6.519467185845659  2.7071879678948405
