C   2.9929992543  -3.9946887565  -0.4491417187
O   0.6121754810  -2.7846264943  -0.8315142595
C   0.0506538168  -0.6636895674  0.4514345584
C   1.8776150005  1.5576166831  -0.1124543892
F   4.0994600695  1.1209082135  0.9776846052
F   2.2523968838  1.7788567366  -2.5790964978
F   1.0035042413  3.7331141883  0.7577522955
C   -2.7329998278  -0.0449445324  -0.1811134382
F   -4.1508599710  -2.0659541518  0.1987047447
F   -3.5955157717  1.7996000678  1.2735573933
F   -2.9572846560  0.6596801199  -2.5762348141
F   0.1595519692  -1.0108722785  3.0068571971
H   2.7659927041  -5.8646892817  -1.2396595215
H   4.4806048647  -2.9948181308  -1.4416256266
H   3.4251142338  -4.1272396563  1.5480248344
momentum
-9.726894374359317  -15.392126471526684  -4.508956091554146
-24.69654080454938  -44.36834894547153  32.03872302711798
-12.688736504759932  35.98078339016045  -3.6048219333395637
-13.386388418869979  41.75750935846513  -26.227413746168406
-54.58059552076303  39.20034409319952  -31.39744858492481
46.35595324367777  -24.932006170867783  63.62808299503913
9.918119031892012  41.14554218336209  0.11723346333487684
54.00967412065843  -45.222755497294244  -9.850461526609593
1.7842421702461473  28.357659338704515  -11.935428977441786
17.007099329932053  6.332745396025776  64.32438924128803
-11.993067670197016  -15.223772175748582  -28.21675948311113
-16.982358030079155  -27.350116862790426  -31.230686382575765
8.366855817404419  -9.596347926262665  -2.5180005251320146
-0.31018351836371927  -4.628821596571087  -3.3997133729851767
7.116146765203553  -5.6401071587481315  -7.074054592815938
