C   2.9929992543  -3.9946887565  -0.4491417187
O   0.6121754810  -2.7846264943  -0.8315142595
C   0.0506538168  -0.6636895674  0.4514345584
C   1.8776150005  1.5576166831  -0.1124543892
F   4.0994600695  1.1209082135  0.9776846052
F   2.2523968838  1.7788567366  -2.5790964978
F   1.0035042413  3.7331141883  0.7577522955
C   -2.7329998278  -0.0449445324  -0.1811134382
F   -4.1508599710  -2.0659541518  0.1987047447
F   -3.5955157717  1.7996000678  1.2735573933
F   -2.9572846560  0.6596801199  -2.5762348141
F   0.1595519692  -1.0108722785  3.0068571971
H   2.7659927041  -5.8646892817  -1.2396595215
H   4.4806048647  -2.9948181308  -1.4416256266
H   3.4251142338  -4.1272396563  1.5480248344
momentum
7.141239720987055  27.722908475677617  17.48479192997173
-3.4690034296654266  17.900442429640385  1.4207642356984944
8.18233188322579  -27.18441922891687  15.383463200283492
15.641429035836918  3.1929223501066564  22.71746308487378
-23.477592692293534  -25.58223976587678  -2.266025510314704
-20.168069519690373  14.202848572501953  -12.827832612982633
26.354926913626247  -1.4556180265311922  -43.75398705202281
-0.41453480312604246  -26.33646413739388  22.476229819510287
53.71603630843417  14.196774319609057  -16.01698175747166
-24.92970306276959  20.336454729824233  -28.97818305868594
1.021557217683106  2.9969415358148175  68.02896037129895
-66.7203676674203  8.518985254009701  -16.68420978456646
3.571734557042824  2.086291173065889  -23.487965774707064
8.146740677690905  -16.034805422288674  -6.383591496370677
15.400493760863627  -14.100416505680935  2.9507559474240286
