C   2.9929992543  -3.9946887565  -0.4491417187
O   0.6121754810  -2.7846264943  -0.8315142595
C   0.0506538168  -0.6636895674  0.4514345584
C   1.8776150005  1.5576166831  -0.1124543892
F   4.0994600695  1.1209082135  0.9776846052
F   2.2523968838  1.7788567366  -2.5790964978
F   1.0035042413  3.7331141883  0.7577522955
C   -2.7329998278  -0.0449445324  -0.1811134382
F   -4.1508599710  -2.0659541518  0.1987047447
F   -3.5955157717  1.7996000678  1.2735573933
F   -2.9572846560  0.6596801199  -2.5762348141
F   0.1595519692  -1.0108722785  3.0068571971
H   2.7659927041  -5.8646892817  -1.2396595215
H   4.4806048647  -2.9948181308  -1.4416256266
H   3.4251142338  -4.1272396563  1.5480248344
momentum
-26.71863127667379  2.8530200371540055  16.060485314474718
-15.168056834610415  3.636653881745019  14.486064819838871
1.879356753498331  23.850638486803124  33.19948822071526
5.9268706702836305  12.869938392558764  -22.67318281034476
4.911796082744201  -15.722040775218941  -20.260585476804064
-9.198826619931976  28.191248779099322  45.45398109619912
14.131798711973998  6.033164127167661  -59.811009802380774
16.707251911052836  -24.782449491012947  -19.131989035381228
-53.31967759516932  8.987178183245204  -34.18455626935414
5.441330138419922  -28.408802154429985  33.18138103679279
31.32512387050359  -6.683338341827009  0.8615897985427831
11.596999057819538  -26.750404021162495  24.52718837585049
11.029796475388867  -2.8665138187177934  -11.90838567372651
-8.209332183813194  1.6834193925332555  3.995912124451274
9.779217308154204  16.497835845218656  -3.777739239850952
