C   2.9929992543  -3.9946887565  -0.4491417187
O   0.6121754810  -2.7846264943  -0.8315142595
C   0.0506538168  -0.6636895674  0.4514345584
C   1.8776150005  1.5576166831  -0.1124543892
F   4.0994600695  1.1209082135  0.9776846052
F   2.2523968838  1.7788567366  -2.5790964978
F   1.0035042413  3.7331141883  0.7577522955
C   -2.7329998278  -0.0449445324  -0.1811134382
F   -4.1508599710  -2.0659541518  0.1987047447
F   -3.5955157717  1.7996000678  1.2735573933
F   -2.9572846560  0.6596801199  -2.5762348141
F   0.1595519692  -1.0108722785  3.0068571971
H   2.7659927041  -5.8646892817  -1.2396595215
H   4.4806048647  -2.9948181308  -1.4416256266
H   3.4251142338  -4.1272396563  1.5480248344
momentum
31.111591102762933  -31.291599550230103  6.899380912742882
-2.6617240122451045  43.88677369964352  -12.602214091181505
-12.43791869354611  -19.006602939436824  -17.906176473512378
-16.60754246994241  -14.311144041732776  19.13176242804012
-9.566730290244278  -14.503010019627482  -23.510062716927663
14.73456280641187  19.116420979971526  2.549024173849498
28.84978903705575  8.141493973713569  9.037038046284591
-9.666048074285234  -20.63601884646997  14.728685953133022
12.66376218035883  -44.73475542133932  15.848500259362547
-22.302558520760922  29.771548857993977  20.44837713869748
4.223702127842395  16.127883278210845  -37.52625817092366
-13.33182186756728  33.14493902946584  -2.942707084755889
-9.149497593299143  -3.63952895417005  5.04233385648354
-5.3753298334809045  -3.733107337378045  4.795776644519275
9.886330184958322  1.0810835990053493  -3.9962135414218203
