C   2.9929992543  -3.9946887565  -0.4491417187
O   0.6121754810  -2.7846264943  -0.8315142595
C   0.0506538168  -0.6636895674  0.4514345584
C   1.8776150005  1.5576166831  -0.1124543892
F   4.0994600695  1.1209082135  0.9776846052
F   2.2523968838  1.7788567366  -2.5790964978
F   1.0035042413  3.7331141883  0.7577522955
C   -2.7329998278  -0.0449445324  -0.1811134382
F   -4.1508599710  -2.0659541518  0.1987047447
F   -3.5955157717  1.7996000678  1.2735573933
F   -2.9572846560  0.6596801199  -2.5762348141
F   0.1595519692  -1.0108722785  3.0068571971
H   2.7659927041  -5.8646892817  -1.2396595215
H   4.4806048647  -2.9948181308  -1.4416256266
H   3.4251142338  -4.1272396563  1.5480248344
momentum
-10.702122724477027  41.29665693652451  -17.361837702738647
-8.244801072892967  -38.85538585996508  -7.285026676640416
15.913438733683568  10.452219636332664  15.308802474164814
-20.274032706762032  10.600197208126747  35.9404534625401
12.312257277447143  -11.32092510931114  -26.59194989234688
-5.301400627671704  -14.423379012432763  -4.405091580608655
-61.198134167079935  9.43048648746481  1.401554202766643
44.20672746155585  15.687419077994456  27.393386081638695
-13.993829944416438  -16.80162458482849  15.87764093584659
44.31592198073768  39.27804774853907  -40.79557465513241
28.67222594514401  -0.2972237842343321  13.815600077649316
-37.40115661770193  -35.45100428828187  -22.82611419293545
6.800942775987396  2.27585397075509  2.5164587879532303
-8.193637898382903  -4.066664305024725  -2.8656064647677533
12.983241567036675  -7.508806262142983  9.804865292854801
