C   2.9929992543  -3.9946887565  -0.4491417187
O   0.6121754810  -2.7846264943  -0.8315142595
C   0.0506538168  -0.6636895674  0.4514345584
C   1.8776150005  1.5576166831  -0.1124543892
F   4.0994600695  1.1209082135  0.9776846052
F   2.2523968838  1.7788567366  -2.5790964978
F   1.0035042413  3.7331141883  0.7577522955
C   -2.7329998278  -0.0449445324  -0.1811134382
F   -4.1508599710  -2.0659541518  0.1987047447
F   -3.5955157717  1.7996000678  1.2735573933
F   -2.9572846560  0.6596801199  -2.5762348141
F   0.1595519692  -1.0108722785  3.0068571971
H   2.7659927041  -5.8646892817  -1.2396595215
H   4.4806048647  -2.9948181308  -1.4416256266
H   3.4251142338  -4.1272396563  1.5480248344
momentum
-16.05043500559387  -34.73452962655553  22.499313971711878
34.51829180466663  -18.045100002803824  -0.8704456775117363
14.650994020310565  11.040953306927495  1.291989333390522
47.80782237792694  -16.58548357969359  -35.00961559600442
24.51869295899149  -3.6551807042693323  -33.64322097816226
-26.04382595946275  18.33451608666512  49.97905996119197
-55.867086957896774  50.13024062621274  15.16702390551851
4.495214266337593  24.335327487536286  -2.8586360016119907
-26.343376512181546  -31.624717480005554  -26.014458487656622
-10.296741664555523  19.684180084303986  -42.045698924390024
-20.09739291070232  11.248863008075093  51.03714614760197
26.47642497159846  -17.38561085761774  -6.251696570207994
-9.962986597264328  9.872420342055014  8.944936578199476
16.939807647572167  -9.562935001488256  0.4695848252594192
-4.85310791357825  -12.729639616825642  -2.7987628155180064
