C   2.9929992543  -3.9946887565  -0.4491417187
O   0.6121754810  -2.7846264943  -0.8315142595
C   0.0506538168  -0.6636895674  0.4514345584
C   1.8776150005  1.5576166831  -0.1124543892
F   4.0994600695  1.1209082135  0.9776846052
F   2.2523968838  1.7788567366  -2.5790964978
F   1.0035042413  3.7331141883  0.7577522955
C   -2.7329998278  -0.0449445324  -0.1811134382
F   -4.1508599710  -2.0659541518  0.1987047447
F   -3.5955157717  1.7996000678  1.2735573933
F   -2.9572846560  0.6596801199  -2.5762348141
F   0.1595519692  -1.0108722785  3.0068571971
H   2.7659927041  -5.8646892817  -1.2396595215
H   4.4806048647  -2.9948181308  -1.4416256266
H   3.4251142338  -4.1272396563  1.5480248344
momentum
40.70795097779446  -13.334917807035323  -15.079522997524123
-21.85222059880605  -40.17606565649265  -5.8701793827620286
-22.990955493072615  12.630292773068865  -7.193398743251869
29.256491334202202  13.754709637765034  23.033262336983668
27.958856674377817  30.907415212007873  -16.076916276048372
-3.238101678865277  -8.278032538589336  19.78254312902891
-58.45117727333817  3.67227639165367  11.05339816310944
-26.876841764305986  -14.897183435689064  26.860028613725852
-19.80175254191894  1.8954946123837426  36.28256600181127
-1.5810565144826345  85.83300867905872  -25.946375012352483
49.486324133255955  -19.303330739062186  -13.199533533668207
6.517434979268397  -57.607100891204595  -28.783100003029553
-6.39537715273827  8.856393385298043  -1.7211838886706468
6.2082111626457674  -7.851334101921704  -2.38250555711643
0.7363770604606688  4.10029649364894  -0.7155383711263361
