C   2.9929992543  -3.9946887565  -0.4491417187
O   0.6121754810  -2.7846264943  -0.8315142595
C   0.0506538168  -0.6636895674  0.4514345584
C   1.8776150005  1.5576166831  -0.1124543892
F   4.0994600695  1.1209082135  0.9776846052
F   2.2523968838  1.7788567366  -2.5790964978
F   1.0035042413  3.7331141883  0.7577522955
C   -2.7329998278  -0.0449445324  -0.1811134382
F   -4.1508599710  -2.0659541518  0.1987047447
F   -3.5955157717  1.7996000678  1.2735573933
F   -2.9572846560  0.6596801199  -2.5762348141
F   0.1595519692  -1.0108722785  3.0068571971
H   2.7659927041  -5.8646892817  -1.2396595215
H   4.4806048647  -2.9948181308  -1.4416256266
H   3.4251142338  -4.1272396563  1.5480248344
momentum
0.12465765280210858  -11.504207273533591  -21.3445481082657
-13.827015868969653  -35.724032577665994  28.020922138528167
-13.912003661011347  6.619407826249777  51.92497379954307
-44.952475966009295  -5.851865559955803  -4.075256360412715
20.64059840008422  -8.91288546312522  -36.62432158554666
-42.137822929055275  24.92697148749658  58.6484634177992
-23.86264763406512  -11.852382588203643  -37.976453765159626
31.299187989394202  10.568230163472004  -50.72413826591841
20.30371276815161  -8.302462470184008  -11.709885722474718
-15.051085624140201  29.915027884552888  43.5870976952462
35.486034509364  27.280315700137912  -44.07335221590185
34.573292107946905  -1.5830309780770666  18.526400503664295
8.875421323287776  -3.8041127313130723  1.0217903698258148
6.654593273959883  -7.538095121532126  7.953280864212294
-4.4206792895409635  -3.736425933425719  -2.7465149501240056
