C   2.9929992543  -3.9946887565  -0.4491417187
O   0.6121754810  -2.7846264943  -0.8315142595
C   0.0506538168  -0.6636895674  0.4514345584
C   1.8776150005  1.5576166831  -0.1124543892
F   4.0994600695  1.1209082135  0.9776846052
F   2.2523968838  1.7788567366  -2.5790964978
F   1.0035042413  3.7331141883  0.7577522955
C   -2.7329998278  -0.0449445324  -0.1811134382
F   -4.1508599710  -2.0659541518  0.1987047447
F   -3.5955157717  1.7996000678  1.2735573933
F   -2.9572846560  0.6596801199  -2.5762348141
F   0.1595519692  -1.0108722785  3.0068571971
H   2.7659927041  -5.8646892817  -1.2396595215
H   4.4806048647  -2.9948181308  -1.4416256266
H   3.4251142338  -4.1272396563  1.5480248344
momentum
53.56016116808618  2.3179492112924565  -30.849184262859303
-70.26735226873676  0.2173484170230673  8.710206187679134
-45.3440806739663  -28.111138508056914  53.273941262238274
-6.641201009216467  11.336120808378446  12.892935545292922
-6.283252489492902  -3.4647546620351655  7.4483552406026545
33.66575387201502  -9.617894516517223  -43.45081457234473
-15.908265076396194  47.26742649815554  18.42160098389245
22.655463023332548  -5.298362123811082  19.481440294074595
2.3580577147937194  -13.258383818619807  27.059061095788664
53.115407085029375  -2.1681704068889776  -31.646950121075964
-3.0355443095755024  8.125210521599428  -28.25334415110191
-12.26045449868225  -8.879768668375853  -20.207031530254955
2.0864677946095234  3.2457928030422525  5.170279990916261
-7.582819633652516  13.984845885340773  8.320287529097866
-0.39919491553857417  -16.604521023768477  -5.867613020023879
