C   2.9929992543  -3.9946887565  -0.4491417187
O   0.6121754810  -2.7846264943  -0.8315142595
C   0.0506538168  -0.6636895674  0.4514345584
C   1.8776150005  1.5576166831  -0.1124543892
F   4.0994600695  1.1209082135  0.9776846052
F   2.2523968838  1.7788567366  -2.5790964978
F   1.0035042413  3.7331141883  0.7577522955
C   -2.7329998278  -0.0449445324  -0.1811134382
F   -4.1508599710  -2.0659541518  0.1987047447
F   -3.5955157717  1.7996000678  1.2735573933
F   -2.9572846560  0.6596801199  -2.5762348141
F   0.1595519692  -1.0108722785  3.0068571971
H   2.7659927041  -5.8646892817  -1.2396595215
H   4.4806048647  -2.9948181308  -1.4416256266
H   3.4251142338  -4.1272396563  1.5480248344
momentum
10.830230620241464  -5.556491387837979  0.645782849467449
-21.85298232643484  14.727079151953603  -14.476717956720458
-20.396235985500596  27.76501837461416  8.406623042997996
49.331187627875785  3.1100911574621217  13.649087127969764
12.894605720694654  34.35284533677889  -10.029476461490109
0.7853792522814026  34.697356689550006  19.424137012679637
24.66420682137253  -71.27998257238713  -16.455781192950433
-15.501948944907502  24.705774639833223  -11.23582565522294
-10.131000012754356  -6.0459401392321865  1.422705464408424
-42.327556120456535  -2.0643253966929693  -4.944999785770974
-7.518857276007173  -34.30081259613331  8.28621369874382
26.161326532249475  1.61430923571581  1.9967947057212787
10.918560775383945  -6.390093959640666  4.473472772099228
-1.0326123503964342  -7.944213651845118  2.373119010908057
-16.78843405061659  -6.259121936544497  -3.504311876915977
