C   2.9929992543  -3.9946887565  -0.4491417187
O   0.6121754810  -2.7846264943  -0.8315142595
C   0.0506538168  -0.6636895674  0.4514345584
C   1.8776150005  1.5576166831  -0.1124543892
F   4.0994600695  1.1209082135  0.9776846052
F   2.2523968838  1.7788567366  -2.5790964978
F   1.0035042413  3.7331141883  0.7577522955
C   -2.7329998278  -0.0449445324  -0.1811134382
F   -4.1508599710  -2.0659541518  0.1987047447
F   -3.5955157717  1.7996000678  1.2735573933
F   -2.9572846560  0.6596801199  -2.5762348141
F   0.1595519692  -1.0108722785  3.0068571971
H   2.7659927041  -5.8646892817  -1.2396595215
H   4.4806048647  -2.9948181308  -1.4416256266
H   3.4251142338  -4.1272396563  1.5480248344
momentum
-3.220557716499537  17.24228444669198  -10.942441757719344
36.59963479332693  -76.6804516213461  19.772510302356984
-52.83684346320411  16.107686262226775  -37.451644232694036
32.306898378270056  8.970249756434294  32.537097765183645
29.970068646633568  -17.098532609020324  -14.535353044469066
-27.409397453824806  21.63855739859601  -36.477961677584254
-11.09293231603999  53.448278401838984  45.54226197238535
-37.4717564436713  52.53230252089128  38.645904605451086
25.914461283835216  -2.9564774183764735  -21.791783090381088
13.747273213357  -11.668428493434932  -20.739053616862368
39.50790472572623  -63.62927872250364  12.36760762585298
-20.901626999935388  14.836414468144081  3.4633297219400485
-21.43392066193849  1.6455631189240665  -6.482578748805764
-0.9530833783010161  -7.55350918937354  -7.765633944443038
-3.3091865379890564  -6.470266942390782  3.470317201255466
