C   2.9929992543  -3.9946887565  -0.4491417187
O   0.6121754810  -2.7846264943  -0.8315142595
C   0.0506538168  -0.6636895674  0.4514345584
C   1.8776150005  1.5576166831  -0.1124543892
F   4.0994600695  1.1209082135  0.9776846052
F   2.2523968838  1.7788567366  -2.5790964978
F   1.0035042413  3.7331141883  0.7577522955
C   -2.7329998278  -0.0449445324  -0.1811134382
F   -4.1508599710  -2.0659541518  0.1987047447
F   -3.5955157717  1.7996000678  1.2735573933
F   -2.9572846560  0.6596801199  -2.5762348141
F   0.1595519692  -1.0108722785  3.0068571971
H   2.7659927041  -5.8646892817  -1.2396595215
H   4.4806048647  -2.9948181308  -1.4416256266
H   3.4251142338  -4.1272396563  1.5480248344
momentum
-6.071790743313758  0.6949179408340926  20.41428331169444
0.21838897908575272  30.865261416000894  -4.611027647409654
19.50362423996164  -10.44380919440771  -12.61296374181473
-10.156310890221565  -38.19485180631271  -38.21287312641033
-5.665256684420372  24.40503001458292  3.682256037707984
21.991363401402385  25.911763322876574  -28.69302223942092
40.18782825191841  -28.127327002724094  16.271350120909126
-24.165766726115397  1.4142487073481134  -16.983746037551946
-11.753884157172413  -77.15858133770841  12.718075648016415
-26.38407545850623  64.15447331552114  37.99577162384383
17.08880050988985  6.577402385969687  -17.856220406045487
-7.4756611387834875  -10.591179406701608  25.641761748021988
0.16245725477242193  -5.421990318977911  -8.671114647255312
-4.338173050359333  16.064176211387046  2.833849994099706
-3.053028440548894  -0.5336413994107855  8.077583015497721
