C   2.9929992543  -3.9946887565  -0.4491417187
O   0.6121754810  -2.7846264943  -0.8315142595
C   0.0506538168  -0.6636895674  0.4514345584
C   1.8776150005  1.5576166831  -0.1124543892
F   4.0994600695  1.1209082135  0.9776846052
F   2.2523968838  1.7788567366  -2.5790964978
F   1.0035042413  3.7331141883  0.7577522955
C   -2.7329998278  -0.0449445324  -0.1811134382
F   -4.1508599710  -2.0659541518  0.1987047447
F   -3.5955157717  1.7996000678  1.2735573933
F   -2.9572846560  0.6596801199  -2.5762348141
F   0.1595519692  -1.0108722785  3.0068571971
H   2.7659927041  -5.8646892817  -1.2396595215
H   4.4806048647  -2.9948181308  -1.4416256266
H   3.4251142338  -4.1272396563  1.5480248344
momentum
6.216237136565348  -4.750206204030948  25.738136247381604
-15.85922053727522  28.16393040949892  5.843560765086764
8.022494008840567  -4.57868325898724  26.74071712997235
-6.941013086101021  42.08417923239024  21.68355938255793
-5.7054908243594715  -21.99613676672971  4.503809225328352
-1.4323618489101193  8.368812509661915  -40.932147287678944
-35.505364537437586  4.444509067297209  16.008629225530157
-19.406419314655796  1.8550248655671453  32.81988783242913
-52.73877977296244  -20.294440719509197  25.833183625224688
74.98014865073907  -21.537164358747038  -39.724474257585136
28.68971492108954  8.940284301664766  -31.743206900772957
19.54521600512124  -12.344512186715095  -34.33955802243295
-3.3259611809581213  -2.425209946123787  -0.7015035663233307
4.899382358842063  3.348895262334602  -3.7753544540135424
-1.7166337496804935  -9.479464486504378  -7.820681643563608
