C   2.9929992543  -3.9946887565  -0.4491417187
O   0.6121754810  -2.7846264943  -0.8315142595
C   0.0506538168  -0.6636895674  0.4514345584
C   1.8776150005  1.5576166831  -0.1124543892
F   4.0994600695  1.1209082135  0.9776846052
F   2.2523968838  1.7788567366  -2.5790964978
F   1.0035042413  3.7331141883  0.7577522955
C   -2.7329998278  -0.0449445324  -0.1811134382
F   -4.1508599710  -2.0659541518  0.1987047447
F   -3.5955157717  1.7996000678  1.2735573933
F   -2.9572846560  0.6596801199  -2.5762348141
F   0.1595519692  -1.0108722785  3.0068571971
H   2.7659927041  -5.8646892817  -1.2396595215
H   4.4806048647  -2.9948181308  -1.4416256266
H   3.4251142338  -4.1272396563  1.5480248344
momentum
5.830932997245594  -29.82843486633848  2.521039944795608
21.10068803856383  -22.615386193154286  -17.541124848500285
-4.617043271626059  -24.906971047081914  14.2772244505279
20.882014219920446  18.572135974368507  18.25616792290377
13.542258412785303  25.756579569686444  32.24317158002971
-35.96733588692974  -51.220294190691384  -22.45334968464391
-45.81078031861132  25.003646152491946  -4.639129982331896
2.748289423418068  -17.043357637908475  53.86219290020857
30.64176262910602  15.033706683665477  -4.741331046205532
23.752928146564283  -3.792302773102538  -11.674856228299857
-37.68574669536488  78.74980756628858  -64.46303131269966
-1.0171355004167844  0.928487778300301  17.368980875287022
3.8490005786648167  -7.463335544483096  -4.899511900159404
2.034949060883503  -7.997945043126509  -4.696565819492382
0.9747816013618273  0.9072886408297693  -3.294339825876204
