C   2.9929992543  -3.9946887565  -0.4491417187
O   0.6121754810  -2.7846264943  -0.8315142595
C   0.0506538168  -0.6636895674  0.4514345584
C   1.8776150005  1.5576166831  -0.1124543892
F   4.0994600695  1.1209082135  0.9776846052
F   2.2523968838  1.7788567366  -2.5790964978
F   1.0035042413  3.7331141883  0.7577522955
C   -2.7329998278  -0.0449445324  -0.1811134382
F   -4.1508599710  -2.0659541518  0.1987047447
F   -3.5955157717  1.7996000678  1.2735573933
F   -2.9572846560  0.6596801199  -2.5762348141
F   0.1595519692  -1.0108722785  3.0068571971
H   2.7659927041  -5.8646892817  -1.2396595215
H   4.4806048647  -2.9948181308  -1.4416256266
H   3.4251142338  -4.1272396563  1.5480248344
momentum
15.224909608490114  -40.24044938079257  -7.526082895488506
6.638968714138109  17.511780720761454  -4.614672744660829
26.600891160473495  -16.781067241412135  -12.328079861042161
-24.91497514732179  32.02771954087765  -23.828799286023337
-47.50327626835451  10.854773128967441  12.84347346144475
4.2912755274039505  16.479217679143247  55.05406233212187
9.195763130429764  46.744875626191664  -42.28737659429851
21.450395557070454  -22.421145886211033  17.56855073801803
-47.48240955271536  27.27740358700726  -19.79279880794644
26.99470983625496  30.876201621794635  -12.093941752866861
-1.1562956426682323  -46.761339844990324  29.85012920757622
8.191923506165258  -44.155098440912965  22.672681079223278
-2.1613093130867562  4.153530202105766  0.6606309232275897
8.676180534101565  -9.163051784269797  -15.424443254095273
-4.241973040072097  -5.83984863057966  -1.3214773176841879
