C   2.9929992543  -3.9946887565  -0.4491417187
O   0.6121754810  -2.7846264943  -0.8315142595
C   0.0506538168  -0.6636895674  0.4514345584
C   1.8776150005  1.5576166831  -0.1124543892
F   4.0994600695  1.1209082135  0.9776846052
F   2.2523968838  1.7788567366  -2.5790964978
F   1.0035042413  3.7331141883  0.7577522955
C   -2.7329998278  -0.0449445324  -0.1811134382
F   -4.1508599710  -2.0659541518  0.1987047447
F   -3.5955157717  1.7996000678  1.2735573933
F   -2.9572846560  0.6596801199  -2.5762348141
F   0.1595519692  -1.0108722785  3.0068571971
H   2.7659927041  -5.8646892817  -1.2396595215
H   4.4806048647  -2.9948181308  -1.4416256266
H   3.4251142338  -4.1272396563  1.5480248344
momentum
-39.57937659914406  14.781918284382355  -32.37323950749527
15.505091190458048  3.2285639819303236  -33.080595107188245
20.347241729415128  -6.504359468542761  -11.136044479138189
41.94740173202905  -21.585040625259197  4.773248237811446
17.56453670027758  31.018141762412757  55.012470535949376
-12.36439382484743  -21.873309343648533  -31.622380362532834
-2.3644692684350423  -2.954779875964626  -12.178502004781446
-5.222931447181824  -11.032402709254008  -5.706596908806127
-31.773944255841286  -39.879446118243195  -34.86661274133082
0.04522058495275962  0.7539811293403622  17.540958282608518
-3.8012390402433054  4.952993526468751  25.77899851979127
9.548751458043201  53.389119182538536  44.56158861330552
-8.832915167724604  -5.434488506915579  11.545726735934721
0.16804443438692065  9.487154395221756  -0.021405560570475185
-1.1653963180760103  -8.871036436422877  1.6185841179688867
