C   2.9929992543  -3.9946887565  -0.4491417187
O   0.6121754810  -2.7846264943  -0.8315142595
C   0.0506538168  -0.6636895674  0.4514345584
C   1.8776150005  1.5576166831  -0.1124543892
F   4.0994600695  1.1209082135  0.9776846052
F   2.2523968838  1.7788567366  -2.5790964978
F   1.0035042413  3.7331141883  0.7577522955
C   -2.7329998278  -0.0449445324  -0.1811134382
F   -4.1508599710  -2.0659541518  0.1987047447
F   -3.5955157717  1.7996000678  1.2735573933
F   -2.9572846560  0.6596801199  -2.5762348141
F   0.1595519692  -1.0108722785  3.0068571971
H   2.7659927041  -5.8646892817  -1.2396595215
H   4.4806048647  -2.9948181308  -1.4416256266
H   3.4251142338  -4.1272396563  1.5480248344
momentum
-4.271866887262109  -71.86694315484846  -1.1260964586792515
-109.0639824563105  32.7577077698101  28.316693341515375
-13.02432588728162  -5.299745012940127  -3.941358334139699
-38.3069419287067  25.72444397497084  5.434878377933976
26.253022568122365  65.68368725157163  -27.317795436378088
40.25787659327885  -13.017611793131035  -9.167876005275938
33.39742389492844  10.740984959382107  52.60653830528723
20.924989512948343  15.97123342739962  8.854307794324283
46.647748828228  16.930151914352045  -18.88381604859132
-43.085152632669796  -46.59604390083689  -1.7359371089545885
8.40020656339371  -32.08794578192573  -22.648752126566162
24.52793428928536  -2.5494484865654305  -5.959070480136267
-1.221443963791785  -2.582251285395999  2.4209773771889633
1.7038383043959424  4.062199939678775  -3.2737751891315434
6.889254191804161  2.430639680895947  -3.378796311994265
