C   2.9929992543  -3.9946887565  -0.4491417187
O   0.6121754810  -2.7846264943  -0.8315142595
C   0.0506538168  -0.6636895674  0.4514345584
C   1.8776150005  1.5576166831  -0.1124543892
F   4.0994600695  1.1209082135  0.9776846052
F   2.2523968838  1.7788567366  -2.5790964978
F   1.0035042413  3.7331141883  0.7577522955
C   -2.7329998278  -0.0449445324  -0.1811134382
F   -4.1508599710  -2.0659541518  0.1987047447
F   -3.5955157717  1.7996000678  1.2735573933
F   -2.9572846560  0.6596801199  -2.5762348141
F   0.1595519692  -1.0108722785  3.0068571971
H   2.7659927041  -5.8646892817  -1.2396595215
H   4.4806048647  -2.9948181308  -1.4416256266
H   3.4251142338  -4.1272396563  1.5480248344
momentum
30.827810031551117  -12.405279244610831  -0.43026554759907776
33.187857323530146  3.2884147507180788  -33.18411348822857
-14.965545873950811  -0.07005937058949178  -2.314415718592487
2.851138874002554  24.681956577257214  5.666606664902423
-4.919499288975518  -5.2819523979846945  -16.521969693348876
-33.81467677818051  17.022451597437286  1.0040850739541782
16.626929583735095  -36.999803462823984  -37.49747900516868
26.18319654693321  -9.79799710874797  -7.056586301097236
12.526585984287749  27.783721025731808  8.635419559266237
31.768991655268728  -5.09564618713335  31.967070394067786
-1.0358183671342005  -8.307003248030968  3.14884144767497
-103.35307565877625  8.338056527231437  48.8293798952674
0.1030150799118626  4.875382103199305  -7.25751284910327
11.613665548921553  -2.617147027461662  -2.6791316323262846
-8.013210035793222  -5.621421880679881  7.555401671325169
