C   2.9929992543  -3.9946887565  -0.4491417187
O   0.6121754810  -2.7846264943  -0.8315142595
C   0.0506538168  -0.6636895674  0.4514345584
C   1.8776150005  1.5576166831  -0.1124543892
F   4.0994600695  1.1209082135  0.9776846052
F   2.2523968838  1.7788567366  -2.5790964978
F   1.0035042413  3.7331141883  0.7577522955
C   -2.7329998278  -0.0449445324  -0.1811134382
F   -4.1508599710  -2.0659541518  0.1987047447
F   -3.5955157717  1.7996000678  1.2735573933
F   -2.9572846560  0.6596801199  -2.5762348141
F   0.1595519692  -1.0108722785  3.0068571971
H   2.7659927041  -5.8646892817  -1.2396595215
H   4.4806048647  -2.9948181308  -1.4416256266
H   3.4251142338  -4.1272396563  1.5480248344
momentum
-10.355016081558933  29.835055961669386  -4.53107921741841
15.69193447789544  33.939117313599965  26.262097884274496
9.004925299579694  -4.648771605940605  -31.8316738690843
3.489863553839045  -25.820693212218668  -16.293879950518374
-11.307296166077911  -38.52747448727772  -18.19396291787774
-21.53703266721365  -10.906176183996898  61.620892989742835
42.28708431758189  13.945114615164744  2.124161489335379
-0.5990007024218503  -10.343104825624303  -24.4795322022926
7.436226364426434  -43.56575293036064  -22.207326239958658
-20.24155825235571  32.08828722557499  41.7045844858962
-21.114919103941922  -12.549395539713688  -39.66727773883804
18.515126641564787  26.912439071079966  24.416187973110315
-5.066329383117836  -2.1108118913510445  0.39679863513161734
-1.7990291773180223  9.618913941833382  -7.891567309173023
-4.347700112320612  2.1375453779572813  7.960546099451154
