C   2.9929992543  -3.9946887565  -0.4491417187
O   0.6121754810  -2.7846264943  -0.8315142595
C   0.0506538168  -0.6636895674  0.4514345584
C   1.8776150005  1.5576166831  -0.1124543892
F   4.0994600695  1.1209082135  0.9776846052
F   2.2523968838  1.7788567366  -2.5790964978
F   1.0035042413  3.7331141883  0.7577522955
C   -2.7329998278  -0.0449445324  -0.1811134382
F   -4.1508599710  -2.0659541518  0.1987047447
F   -3.5955157717  1.7996000678  1.2735573933
F   -2.9572846560  0.6596801199  -2.5762348141
F   0.1595519692  -1.0108722785  3.0068571971
H   2.7659927041  -5.8646892817  -1.2396595215
H   4.4806048647  -2.9948181308  -1.4416256266
H   3.4251142338  -4.1272396563  1.5480248344
momentum
-24.741882963464374  -4.701743246681761  4.48112716801477
55.71576221001021  -31.72419537084604  -11.992554155147868
-50.39630404021399  39.16983803425924  -2.2264455548036923
6.779439149331354  -40.19748373903148  28.243867847173227
-44.47104069153953  49.27078544194719  -17.98891039392197
0.8109111737815596  -33.32508306757056  -14.683579632326216
-0.07384888984626171  11.560908137048225  59.950296623164235
5.878432188799791  1.6859660538468757  -19.1128118058796
-4.1980303652039  -36.87692642693763  -13.073941811412901
61.53476725914027  34.38164494767046  -4.351614959834094
7.864633705984801  -21.75530173828859  31.029726626788662
5.31771497715773  30.301062444345025  -24.979024064391798
-5.10594379506798  -3.1664777322324373  -15.327973707666706
-18.37490029961265  -5.569062158046615  9.131180648003843
4.207301731288851  10.125992581295229  -8.706838597195633
