C   2.9929992543  -3.9946887565  -0.4491417187
O   0.6121754810  -2.7846264943  -0.8315142595
C   0.0506538168  -0.6636895674  0.4514345584
C   1.8776150005  1.5576166831  -0.1124543892
F   4.0994600695  1.1209082135  0.9776846052
F   2.2523968838  1.7788567366  -2.5790964978
F   1.0035042413  3.7331141883  0.7577522955
C   -2.7329998278  -0.0449445324  -0.1811134382
F   -4.1508599710  -2.0659541518  0.1987047447
F   -3.5955157717  1.7996000678  1.2735573933
F   -2.9572846560  0.6596801199  -2.5762348141
F   0.1595519692  -1.0108722785  3.0068571971
H   2.7659927041  -5.8646892817  -1.2396595215
H   4.4806048647  -2.9948181308  -1.4416256266
H   3.4251142338  -4.1272396563  1.5480248344
momentum
-4.66585780556183  11.909771530001398  10.0814160034625
10.48256854017512  26.289456971717986  -12.651967496364458
21.35090200428808  -33.087951082128775  9.474647580675525
1.2552536955481666  18.44273343074446  -8.843340679231186
-31.827650573113726  33.25039499852246  25.14077368567564
-44.32008321725037  -34.552644766912785  4.749283840570258
34.46970893868678  -33.3204990243267  33.55638344802986
-12.120217870149924  -3.79772544742239  -7.942907477905714
-38.127747256150506  3.1528768105371676  35.68788632219288
19.735519745236452  11.084479999775592  -13.91389837619387
-3.5157752381791276  10.916997866285136  -57.03164655683506
35.21991739113436  -9.541501446813387  -15.951081477240223
1.1790860894903348  0.09016164057614659  6.240968194184554
12.408693770566124  0.5005016581818186  -5.9505377464858995
-1.4671062603480522  -1.2486151663372036  -2.722625186430992
