C   2.9929992543  -3.9946887565  -0.4491417187
O   0.6121754810  -2.7846264943  -0.8315142595
C   0.0506538168  -0.6636895674  0.4514345584
C   1.8776150005  1.5576166831  -0.1124543892
F   4.0994600695  1.1209082135  0.9776846052
F   2.2523968838  1.7788567366  -2.5790964978
F   1.0035042413  3.7331141883  0.7577522955
C   -2.7329998278  -0.0449445324  -0.1811134382
F   -4.1508599710  -2.0659541518  0.1987047447
F   -3.5955157717  1.7996000678  1.2735573933
F   -2.9572846560  0.6596801199  -2.5762348141
F   0.1595519692  -1.0108722785  3.0068571971
H   2.7659927041  -5.8646892817  -1.2396595215
H   4.4806048647  -2.9948181308  -1.4416256266
H   3.4251142338  -4.1272396563  1.5480248344
momentum
-8.71619169698872  -6.56228703909073  2.1612048524634417
55.97939034407639  -11.36877223081034  28.819235582050148
-22.75122271666019  -13.510172452183372  17.941221130301372
4.328057592993561  16.688510822039092  19.464730117727157
-9.129247129168856  -28.287085710908617  -16.331931632775984
26.9359814411786  -25.855390585456536  -29.47746435293916
-53.092854375659016  25.720782821355016  13.130721900023685
-16.0943557481325  56.31118187380185  4.869103104916828
-37.18657369458637  -31.421399736277124  3.770039524235877
61.12611855950417  -12.418061505718404  9.644581287093878
-5.906002359186736  12.812904451259035  -39.83984416422849
0.857890316676396  -3.9207134503623493  1.1583106872043674
-9.678274972543024  -2.0679404022081322  -15.056432081733655
0.3156900755774958  15.501207212435823  -3.310989703543257
12.506855012027476  7.488553581473467  3.0096814451260743
