C   2.9929992543  -3.9946887565  -0.4491417187
O   0.6121754810  -2.7846264943  -0.8315142595
C   0.0506538168  -0.6636895674  0.4514345584
C   1.8776150005  1.5576166831  -0.1124543892
F   4.0994600695  1.1209082135  0.9776846052
F   2.2523968838  1.7788567366  -2.5790964978
F   1.0035042413  3.7331141883  0.7577522955
C   -2.7329998278  -0.0449445324  -0.1811134382
F   -4.1508599710  -2.0659541518  0.1987047447
F   -3.5955157717  1.7996000678  1.2735573933
F   -2.9572846560  0.6596801199  -2.5762348141
F   0.1595519692  -1.0108722785  3.0068571971
H   2.7659927041  -5.8646892817  -1.2396595215
H   4.4806048647  -2.9948181308  -1.4416256266
H   3.4251142338  -4.1272396563  1.5480248344
momentum
18.097704954693654  -8.976174364599933  -22.961420977049855
1.733364615460732  24.025375891244405  17.858961126709893
-33.836665705686656  -20.618520550722568  13.024505895807339
-43.329032016695045  -19.702032852482727  -27.42532464584561
12.008989161173293  -0.004902162258191083  54.65135760939568
-31.765586915116213  -14.468169916668026  -9.573941449616623
-9.568227488486459  -7.581232172078946  -37.87696332777406
44.918983158305984  8.79570613856749  -13.39201529523189
39.84381393578508  -10.814247710053612  -7.670703080368784
21.833180241642374  -4.253850596527785  7.819430435765058
-17.391363983750058  55.4450011889661  -17.302922729518176
-0.4664773058396996  0.2650847421872946  42.755521836730914
-9.036484140765156  0.6358866405488413  1.9182067452492715
2.793251449703592  -3.4212888955520944  -2.2467959716179293
4.2634221084658925  0.3619218108201495  0.5174474015104553
