C   2.9929992543  -3.9946887565  -0.4491417187
O   0.6121754810  -2.7846264943  -0.8315142595
C   0.0506538168  -0.6636895674  0.4514345584
C   1.8776150005  1.5576166831  -0.1124543892
F   4.0994600695  1.1209082135  0.9776846052
F   2.2523968838  1.7788567366  -2.5790964978
F   1.0035042413  3.7331141883  0.7577522955
C   -2.7329998278  -0.0449445324  -0.1811134382
F   -4.1508599710  -2.0659541518  0.1987047447
F   -3.5955157717  1.7996000678  1.2735573933
F   -2.9572846560  0.6596801199  -2.5762348141
F   0.1595519692  -1.0108722785  3.0068571971
H   2.7659927041  -5.8646892817  -1.2396595215
H   4.4806048647  -2.9948181308  -1.4416256266
H   3.4251142338  -4.1272396563  1.5480248344
momentum
22.95892664261863  -19.058242724489347  -9.296716192953433
6.647362864257198  53.61130075348611  -14.728472211668851
-48.12744083372213  -38.427924315227976  16.973286528325488
-21.32209239815384  -14.113989146148738  25.801939630916646
19.463949784771884  42.84031758258738  4.624647656053388
3.985902195435043  -31.326541891010468  -12.307831546596226
-17.879147425563332  11.007465857079982  4.494565568830567
-29.326130922674913  -21.225984349623474  -1.9663313505588136
-30.661058742929807  68.23391267107873  19.11277365064865
63.319930146056464  -40.15814413187622  2.943296344837001
26.202252969605194  -14.674062636302756  -46.48812786079533
4.675129605449117  2.1667721068720844  29.73508046595952
7.753108111527502  7.242481804653619  -6.755581232010832
-13.505912123674499  -9.466359567276111  -1.9441387241193946
5.75527543061044  3.104558232663457  -10.097441763469613
