C   2.9929992543  -3.9946887565  -0.4491417187
O   0.6121754810  -2.7846264943  -0.8315142595
C   0.0506538168  -0.6636895674  0.4514345584
C   1.8776150005  1.5576166831  -0.1124543892
F   4.0994600695  1.1209082135  0.9776846052
F   2.2523968838  1.7788567366  -2.5790964978
F   1.0035042413  3.7331141883  0.7577522955
C   -2.7329998278  -0.0449445324  -0.1811134382
F   -4.1508599710  -2.0659541518  0.1987047447
F   -3.5955157717  1.7996000678  1.2735573933
F   -2.9572846560  0.6596801199  -2.5762348141
F   0.1595519692  -1.0108722785  3.0068571971
H   2.7659927041  -5.8646892817  -1.2396595215
H   4.4806048647  -2.9948181308  -1.4416256266
H   3.4251142338  -4.1272396563  1.5480248344
momentum
12.149620353654651  9.05862256029032  -27.24242194123974
-25.681321201114468  -9.726355838287697  -17.3968506985508
-0.7627706587614411  61.489244185955066  -1.1284838928777496
11.711212034621253  -23.31068382971336  18.36812434849968
5.874494677209243  -29.575373936206034  -14.3148347083253
4.35980223549266  -34.46157747152141  53.34928523329989
-28.15657650190732  79.98990004207229  11.248503923081431
53.63312218885334  -10.9593992471704  76.11956189225361
-26.134077695041032  -20.06734277194522  -20.339216003825438
-15.974542444599626  35.38905773392211  -12.481109558344192
7.6000401467474115  -62.35985014725709  -34.45153863752806
24.005178442020192  1.6170648880126022  -26.55819641323474
-4.781060289615462  2.400829976121353  -3.954771385996305
-13.528104273409687  -1.6803995569086796  6.517132968762115
-3.720862493277211  1.6088757171445205  -7.880402055433136
