C   2.9929992543  -3.9946887565  -0.4491417187
O   0.6121754810  -2.7846264943  -0.8315142595
C   0.0506538168  -0.6636895674  0.4514345584
C   1.8776150005  1.5576166831  -0.1124543892
F   4.0994600695  1.1209082135  0.9776846052
F   2.2523968838  1.7788567366  -2.5790964978
F   1.0035042413  3.7331141883  0.7577522955
C   -2.7329998278  -0.0449445324  -0.1811134382
F   -4.1508599710  -2.0659541518  0.1987047447
F   -3.5955157717  1.7996000678  1.2735573933
F   -2.9572846560  0.6596801199  -2.5762348141
F   0.1595519692  -1.0108722785  3.0068571971
H   2.7659927041  -5.8646892817  -1.2396595215
H   4.4806048647  -2.9948181308  -1.4416256266
H   3.4251142338  -4.1272396563  1.5480248344
momentum
-7.296448551608925  -13.068413476872342  3.9226320933002254
45.122171973538364  24.88234064786437  22.844168715814963
-11.245477417432014  -36.587274553011504  -3.0624730378455007
-13.680505450842467  -9.050072445442863  53.03027246159648
-6.0514282381722095  24.66669455842235  -12.730382849496923
24.05031325944281  -11.937143243001357  -84.62586851878268
-25.51613213995335  21.241060071708027  11.370994973522452
-18.91296842107817  -35.34381411261001  9.10119021437561
-10.531902552956772  -3.8803898904349996  -53.218805002945565
40.385893938427714  33.449355629598365  26.936086988022037
1.288031633238444  8.692368307460228  1.2608257174308932
12.431547409589454  -7.688650472700097  29.524901471146578
-10.895665515472457  -6.6906410203499265  -6.458563782836384
-11.558510795124102  9.63100020739011  -3.467269215489677
-7.7867314613311525  1.107321212939937  5.436747442463098
