C   2.9929992543  -3.9946887565  -0.4491417187
O   0.6121754810  -2.7846264943  -0.8315142595
C   0.0506538168  -0.6636895674  0.4514345584
C   1.8776150005  1.5576166831  -0.1124543892
F   4.0994600695  1.1209082135  0.9776846052
F   2.2523968838  1.7788567366  -2.5790964978
F   1.0035042413  3.7331141883  0.7577522955
C   -2.7329998278  -0.0449445324  -0.1811134382
F   -4.1508599710  -2.0659541518  0.1987047447
F   -3.5955157717  1.7996000678  1.2735573933
F   -2.9572846560  0.6596801199  -2.5762348141
F   0.1595519692  -1.0108722785  3.0068571971
H   2.7659927041  -5.8646892817  -1.2396595215
H   4.4806048647  -2.9948181308  -1.4416256266
H   3.4251142338  -4.1272396563  1.5480248344
momentum
9.59000374471082  -15.820340315970869  -13.390706455213374
-31.543090416765576  -6.518202963783047  0.9835181753526633
-28.52510897416386  8.660748893008188  -0.4344240782346659
68.03000828038158  12.695561878430878  -11.939105126823362
-27.11715494291384  59.15956069807878  -20.81330823459749
5.120570438734883  34.92721024462239  -8.457696653177205
-4.452191203122895  -27.045788154741302  -18.199882535453916
-36.19896680518691  30.81335457187188  -22.42956194092673
1.4568523953471189  -56.93595707147435  9.472816951928102
19.538168534666934  32.21557895855996  26.467291162834023
64.7915453685597  -12.972392009072767  23.380310380051004
-26.827770604374358  -46.92809418421676  23.399188359920387
3.6692934651561235  -2.708107644453808  5.122675849297039
-5.404116442100282  -10.573618543619492  10.698301728323884
-11.85832310634658  1.4054937960898113  -3.689129454674692
