C   2.9929992543  -3.9946887565  -0.4491417187
O   0.6121754810  -2.7846264943  -0.8315142595
C   0.0506538168  -0.6636895674  0.4514345584
C   1.8776150005  1.5576166831  -0.1124543892
F   4.0994600695  1.1209082135  0.9776846052
F   2.2523968838  1.7788567366  -2.5790964978
F   1.0035042413  3.7331141883  0.7577522955
C   -2.7329998278  -0.0449445324  -0.1811134382
F   -4.1508599710  -2.0659541518  0.1987047447
F   -3.5955157717  1.7996000678  1.2735573933
F   -2.9572846560  0.6596801199  -2.5762348141
F   0.1595519692  -1.0108722785  3.0068571971
H   2.7659927041  -5.8646892817  -1.2396595215
H   4.4806048647  -2.9948181308  -1.4416256266
H   3.4251142338  -4.1272396563  1.5480248344
momentum
-1.214734907466259  14.376019756634896  5.25531410338098
-6.470035587974746  11.181491350537703  9.381452917108211
64.640016850242  20.74063158057688  -34.57907947949794
-21.802624256460803  -4.627989969351885  39.419849985743284
27.759396883357486  -37.25946766715423  36.12129298159902
10.622169009324404  38.726905692954844  -44.11939342850113
-34.00461802774947  -66.66317313325389  -33.266432418551
-12.521509211221458  -5.312804228497578  36.18315976252294
40.41651934083459  7.2553024275808795  29.138664561000677
-45.88763605975538  3.3582758019962125  -9.146832791125105
-8.880708832633351  30.209722946770825  -19.534944391570722
-2.8462455797515407  4.498712482087127  -21.970685824547527
1.951406671390834  1.3188471110124478  2.3261085864807804
-11.019897719980115  -14.404693831423357  -6.35880046320128
-0.5452914186368074  -2.2798842649982283  10.940004515647965
