C   2.9929992543  -3.9946887565  -0.4491417187
O   0.6121754810  -2.7846264943  -0.8315142595
C   0.0506538168  -0.6636895674  0.4514345584
C   1.8776150005  1.5576166831  -0.1124543892
F   4.0994600695  1.1209082135  0.9776846052
F   2.2523968838  1.7788567366  -2.5790964978
F   1.0035042413  3.7331141883  0.7577522955
C   -2.7329998278  -0.0449445324  -0.1811134382
F   -4.1508599710  -2.0659541518  0.1987047447
F   -3.5955157717  1.7996000678  1.2735573933
F   -2.9572846560  0.6596801199  -2.5762348141
F   0.1595519692  -1.0108722785  3.0068571971
H   2.7659927041  -5.8646892817  -1.2396595215
H   4.4806048647  -2.9948181308  -1.4416256266
H   3.4251142338  -4.1272396563  1.5480248344
momentum
-14.095959784536648  -43.769226624497136  48.465502254917126
10.948126514568544  -6.031952610921509  24.884502330378762
3.762102270201047  1.8625067044986197  1.5888937984013969
-36.77294399086984  4.1769408794420135  -25.95476427615646
36.15104108591298  -14.906968631892331  -0.05905363819890805
-26.43752719865001  67.49415953440275  1.7904470906260794
-6.786335951949997  -1.821397117468845  -17.269635308653715
-27.34026956964405  -29.656371545946698  -36.80257402286344
30.619553988088377  39.58885158741228  5.490983397149665
20.500244277552014  -36.08066362282378  -11.144032276868638
-4.207675346395982  35.08296132330107  19.47149092575518
1.953996462756465  -13.384320268876474  -4.896856815977584
-5.8064298303246025  7.372101960145245  -5.869537720726746
15.161511074439247  -2.663594275184599  0.7355556289466738
1.847074346274723  -7.287794985245805  -0.09669150466779759
