C   2.9929992543  -3.9946887565  -0.4491417187
O   0.6121754810  -2.7846264943  -0.8315142595
C   0.0506538168  -0.6636895674  0.4514345584
C   1.8776150005  1.5576166831  -0.1124543892
F   4.0994600695  1.1209082135  0.9776846052
F   2.2523968838  1.7788567366  -2.5790964978
F   1.0035042413  3.7331141883  0.7577522955
C   -2.7329998278  -0.0449445324  -0.1811134382
F   -4.1508599710  -2.0659541518  0.1987047447
F   -3.5955157717  1.7996000678  1.2735573933
F   -2.9572846560  0.6596801199  -2.5762348141
F   0.1595519692  -1.0108722785  3.0068571971
H   2.7659927041  -5.8646892817  -1.2396595215
H   4.4806048647  -2.9948181308  -1.4416256266
H   3.4251142338  -4.1272396563  1.5480248344
momentum
-35.02434616252568  32.479558083322324  18.102695138109258
4.019338829066394  -6.805950233745712  -4.3553838485767935
14.938253523219283  11.042487322822819  5.05873832691362
-38.06277960004195  -2.984668358305513  45.42611070122343
2.442079921542356  -55.89859359595876  -32.725108407689895
0.530404344422612  42.43062021608212  49.71369570037843
3.2567424344165117  -2.474029789282382  -42.50364683225097
-14.31133079703616  14.5010044535269  -6.922016184656241
-25.492245328496832  36.03149140537689  -46.588193345471076
58.54123413399353  -43.44373370333346  14.934102215403744
2.7383301541167473  -78.67680473670445  13.027342062181793
22.37609606054093  39.01992314768886  0.5686497564875939
1.3843929283229381  10.56531052943339  -4.297633923540698
4.343555930108195  -0.7628116127803939  -0.9161401404929498
-2.0523601641910245  5.044176695538433  -8.524493236674507
