C   2.9929992543  -3.9946887565  -0.4491417187
O   0.6121754810  -2.7846264943  -0.8315142595
C   0.0506538168  -0.6636895674  0.4514345584
C   1.8776150005  1.5576166831  -0.1124543892
F   4.0994600695  1.1209082135  0.9776846052
F   2.2523968838  1.7788567366  -2.5790964978
F   1.0035042413  3.7331141883  0.7577522955
C   -2.7329998278  -0.0449445324  -0.1811134382
F   -4.1508599710  -2.0659541518  0.1987047447
F   -3.5955157717  1.7996000678  1.2735573933
F   -2.9572846560  0.6596801199  -2.5762348141
F   0.1595519692  -1.0108722785  3.0068571971
H   2.7659927041  -5.8646892817  -1.2396595215
H   4.4806048647  -2.9948181308  -1.4416256266
H   3.4251142338  -4.1272396563  1.5480248344
momentum
5.106575406908463  -3.0564827486255437  45.40163013945402
-25.070475420604108  -8.140608750265192  -91.32159281391459
6.732097871777446  13.256687981400995  -13.419539121485284
26.60950686583059  3.506488398379221  -0.9913688492139288
4.730743116082709  0.7277140246565107  -22.96985348645678
-6.242346019449629  -6.33831155304667  27.5627575447388
-4.051968371837854  21.084997514796072  -1.539341042129712
46.82514698225945  -8.354111721942274  -4.05031783028777
-17.577152396354  10.599788775160178  5.5525387554615335
12.685482994324863  -13.162466572812045  33.57905425733076
-21.18607829923735  -17.906633128862953  0.703995378278982
-46.36253996527044  -0.8953246974065139  12.40145188107669
-3.200249922126318  3.8121304599581913  7.533299245097177
17.660327285454752  -1.059510365150926  0.8262524189852368
3.4470469353247255  5.38228102734375  0.9079459835640855
