C   2.9929992543  -3.9946887565  -0.4491417187
O   0.6121754810  -2.7846264943  -0.8315142595
C   0.0506538168  -0.6636895674  0.4514345584
C   1.8776150005  1.5576166831  -0.1124543892
F   4.0994600695  1.1209082135  0.9776846052
F   2.2523968838  1.7788567366  -2.5790964978
F   1.0035042413  3.7331141883  0.7577522955
C   -2.7329998278  -0.0449445324  -0.1811134382
F   -4.1508599710  -2.0659541518  0.1987047447
F   -3.5955157717  1.7996000678  1.2735573933
F   -2.9572846560  0.6596801199  -2.5762348141
F   0.1595519692  -1.0108722785  3.0068571971
H   2.7659927041  -5.8646892817  -1.2396595215
H   4.4806048647  -2.9948181308  -1.4416256266
H   3.4251142338  -4.1272396563  1.5480248344
momentum
32.37328169115841  -9.530855254298759  19.773811502247757
39.79452334523663  38.83116625544691  -0.11576395783812535
34.844997026339406  40.78016128866311  -59.0148869852265
-1.0614815533454283  -23.805517748069683  -12.412279971885887
-58.16470965652842  22.9087006862344  9.340917551353462
-12.175449557745255  -26.266638877831813  -22.184954685676587
20.253330977170595  -44.85967657114575  -12.876035971246699
-8.739920545056515  29.268453466334194  7.9980077210656475
-16.058372559415456  -21.412409435977235  59.81838231889508
4.299895415410048  -4.147138201911436  -20.6809608971325
26.882317499642888  45.84039220521525  39.8011022581189
-66.05441338818818  -49.25300800338316  -13.1504004579827
1.537461958152951  13.092756448106265  13.345547462372206
0.8669968385929473  10.189558061502801  -1.4631879485407746
1.9917954959995376  -22.037850812002556  -8.401545444329612
