C   2.9929992543  -3.9946887565  -0.4491417187
O   0.6121754810  -2.7846264943  -0.8315142595
C   0.0506538168  -0.6636895674  0.4514345584
C   1.8776150005  1.5576166831  -0.1124543892
F   4.0994600695  1.1209082135  0.9776846052
F   2.2523968838  1.7788567366  -2.5790964978
F   1.0035042413  3.7331141883  0.7577522955
C   -2.7329998278  -0.0449445324  -0.1811134382
F   -4.1508599710  -2.0659541518  0.1987047447
F   -3.5955157717  1.7996000678  1.2735573933
F   -2.9572846560  0.6596801199  -2.5762348141
F   0.1595519692  -1.0108722785  3.0068571971
H   2.7659927041  -5.8646892817  -1.2396595215
H   4.4806048647  -2.9948181308  -1.4416256266
H   3.4251142338  -4.1272396563  1.5480248344
momentum
-0.4196552493692812  -3.1677026348229305  -1.1603100789022267
-2.3218995624103913  29.093288974774797  9.097838930912028
3.2174478684215586  -15.075187209803648  44.657350329940705
-14.645930228102108  17.83550930031599  -14.868207560669463
-31.412949940769693  -40.61028987958021  -36.82701412337352
-29.498383759077203  -19.851954685766906  41.11793850319442
24.122435904382872  53.61086462791061  -3.7174014316124864
53.393666351509395  12.324457405536155  -26.570887628009828
3.527451053257122  -44.4525725563092  -3.351448629484909
36.901666754079386  -14.683253839794467  2.4661039862573952
-1.748121845224524  16.11602425827931  -5.712745968719328
-47.22943708981511  1.6244478752982099  -5.197046630114362
-4.554536991069875  -1.8223389123938238  -3.1855329679894044
-4.955976198376348  1.858549983779559  -2.516865459628627
15.786232701951441  6.152211875541039  5.4707791269077015
