C   2.9929992543  -3.9946887565  -0.4491417187
O   0.6121754810  -2.7846264943  -0.8315142595
C   0.0506538168  -0.6636895674  0.4514345584
C   1.8776150005  1.5576166831  -0.1124543892
F   4.0994600695  1.1209082135  0.9776846052
F   2.2523968838  1.7788567366  -2.5790964978
F   1.0035042413  3.7331141883  0.7577522955
C   -2.7329998278  -0.0449445324  -0.1811134382
F   -4.1508599710  -2.0659541518  0.1987047447
F   -3.5955157717  1.7996000678  1.2735573933
F   -2.9572846560  0.6596801199  -2.5762348141
F   0.1595519692  -1.0108722785  3.0068571971
H   2.7659927041  -5.8646892817  -1.2396595215
H   4.4806048647  -2.9948181308  -1.4416256266
H   3.4251142338  -4.1272396563  1.5480248344
momentum
-55.108490182635066  22.31497761220162  4.929613555961631
-8.243778940745171  -6.546124718651722  -8.247255966669695
-4.196902311573252  -33.65841894992269  -12.64055047496793
-13.97580175880742  45.73798207591561  -9.181572765224143
-21.153476622504016  -1.1971064556319553  9.07867253337165
32.167033632162614  -43.87827357539248  16.43495384042734
20.574781633344635  36.352688646463726  -29.0007817066602
41.673695387306516  -11.22474968277004  5.6968306619532365
37.64308994833555  -13.544732442841413  -34.509141008177004
19.142047534494193  11.515894379462969  8.238222201262287
-51.30718261729564  5.340670367021172  31.43121329429185
-12.874902769872845  -40.32305253977138  12.566890616290381
0.6153822268638933  6.468943598120458  9.000676229918833
8.074378248686003  11.026102602703471  1.447181170829245
7.130037338845554  11.133589595682698  -5.099683480031673
