C   2.9929992543  -3.9946887565  -0.4491417187
O   0.6121754810  -2.7846264943  -0.8315142595
C   0.0506538168  -0.6636895674  0.4514345584
C   1.8776150005  1.5576166831  -0.1124543892
F   4.0994600695  1.1209082135  0.9776846052
F   2.2523968838  1.7788567366  -2.5790964978
F   1.0035042413  3.7331141883  0.7577522955
C   -2.7329998278  -0.0449445324  -0.1811134382
F   -4.1508599710  -2.0659541518  0.1987047447
F   -3.5955157717  1.7996000678  1.2735573933
F   -2.9572846560  0.6596801199  -2.5762348141
F   0.1595519692  -1.0108722785  3.0068571971
H   2.7659927041  -5.8646892817  -1.2396595215
H   4.4806048647  -2.9948181308  -1.4416256266
H   3.4251142338  -4.1272396563  1.5480248344
momentum
14.37977717736138  15.485430850171772  24.75842585274785
-10.879367541332913  13.074223517154023  -5.576385534708787
18.18228284765326  -13.656156864700806  -5.714810077814015
-6.649619449984752  -8.786634879388998  -28.40209173786079
24.55074033840542  4.583082825165652  -14.080039891544242
42.586888036404595  -2.216012341460937  -34.35342155240507
-24.869769369714597  -25.741092947954087  38.88499426445797
-27.05009484669633  -28.363461235022584  -4.669495074914024
-37.05654555057864  14.080971818374174  -28.662727346016204
28.691880985322076  -0.8178580170925203  21.498109093008715
-14.594205117200499  5.080394765834651  13.837611818878909
-12.366369411119631  29.460716397890106  21.599142518623797
13.038897062372172  -1.7725566895026839  -4.667054874301711
-13.666104162449761  3.223660762675961  7.459504610342101
5.7123767254942415  -3.7538778284599714  -1.7901354815591337
