C   2.9929992543  -3.9946887565  -0.4491417187
O   0.6121754810  -2.7846264943  -0.8315142595
C   0.0506538168  -0.6636895674  0.4514345584
C   1.8776150005  1.5576166831  -0.1124543892
F   4.0994600695  1.1209082135  0.9776846052
F   2.2523968838  1.7788567366  -2.5790964978
F   1.0035042413  3.7331141883  0.7577522955
C   -2.7329998278  -0.0449445324  -0.1811134382
F   -4.1508599710  -2.0659541518  0.1987047447
F   -3.5955157717  1.7996000678  1.2735573933
F   -2.9572846560  0.6596801199  -2.5762348141
F   0.1595519692  -1.0108722785  3.0068571971
H   2.7659927041  -5.8646892817  -1.2396595215
H   4.4806048647  -2.9948181308  -1.4416256266
H   3.4251142338  -4.1272396563  1.5480248344
momentum
-2.3818688478331045  57.27446912957487  -18.4385183059543
3.4608981666337857  -21.112428495532324  46.128114263135224
-34.51874354662722  17.554424393941375  -13.668605656215213
-5.992976733338056  14.160018577809767  12.308510967133463
-25.05533184875911  0.6520703243917725  10.360109492548803
-8.39592147767806  -63.97559723381779  18.51964677384932
41.632869897731595  2.967362315872354  -21.466257007504662
3.982056232908839  28.682495928934443  47.70222652837369
5.521595767615739  -37.550649307248136  -45.46953109124859
1.8061915918043319  2.5846695134515167  -44.573843544876105
12.084095215613143  8.841356903410807  80.16082220051308
-0.701647513345866  -3.2969548843072887  -53.72935015680479
9.342609856679765  -8.040016712636481  -7.297940743055469
-0.3287065497244292  -1.3654602281321653  -2.8989261144661036
-0.015838224696171833  3.499046985866629  -7.877771059750541
