C   2.9929992543  -3.9946887565  -0.4491417187
O   0.6121754810  -2.7846264943  -0.8315142595
C   0.0506538168  -0.6636895674  0.4514345584
C   1.8776150005  1.5576166831  -0.1124543892
F   4.0994600695  1.1209082135  0.9776846052
F   2.2523968838  1.7788567366  -2.5790964978
F   1.0035042413  3.7331141883  0.7577522955
C   -2.7329998278  -0.0449445324  -0.1811134382
F   -4.1508599710  -2.0659541518  0.1987047447
F   -3.5955157717  1.7996000678  1.2735573933
F   -2.9572846560  0.6596801199  -2.5762348141
F   0.1595519692  -1.0108722785  3.0068571971
H   2.7659927041  -5.8646892817  -1.2396595215
H   4.4806048647  -2.9948181308  -1.4416256266
H   3.4251142338  -4.1272396563  1.5480248344
momentum
7.02806217628925  -5.564253277147727  39.60943270548075
12.148611739404455  21.11451727862397  1.5328478129778715
42.84655151113824  -33.60351720355735  0.30048021528864177
16.17567896121242  -16.40199174090849  -20.141270105862127
1.7820067319065493  2.3359483286852805  -20.765655832423224
2.929910454402497  42.31448228135429  -29.803742678390375
-12.356776182307673  -0.30333727998923987  19.346562406007067
7.2178736862999555  19.292109806890668  6.831679863419486
-31.586546032416507  -28.822338797601965  4.777446084273203
45.24534049727153  18.739942179524128  -17.17712740732617
-33.89874245451912  9.912557985629668  27.963735646368733
-67.55118412736883  -33.53542552897998  -25.018713053678773
-3.2483370040958675  -5.056006173126033  3.5282466649325843
6.858112200531756  8.750406297049683  1.3002694848204415
6.4212960464324045  0.3580874656337543  7.59180839333737
