C   2.9929992543  -3.9946887565  -0.4491417187
O   0.6121754810  -2.7846264943  -0.8315142595
C   0.0506538168  -0.6636895674  0.4514345584
C   1.8776150005  1.5576166831  -0.1124543892
F   4.0994600695  1.1209082135  0.9776846052
F   2.2523968838  1.7788567366  -2.5790964978
F   1.0035042413  3.7331141883  0.7577522955
C   -2.7329998278  -0.0449445324  -0.1811134382
F   -4.1508599710  -2.0659541518  0.1987047447
F   -3.5955157717  1.7996000678  1.2735573933
F   -2.9572846560  0.6596801199  -2.5762348141
F   0.1595519692  -1.0108722785  3.0068571971
H   2.7659927041  -5.8646892817  -1.2396595215
H   4.4806048647  -2.9948181308  -1.4416256266
H   3.4251142338  -4.1272396563  1.5480248344
momentum
20.380888750449138  -5.455331672013459  -9.125165556763593
-19.896488421659168  -22.720177659597784  -23.08608178389106
6.959828859060954  27.277376393654784  -38.1444555016443
-45.2677235460971  4.833043284666321  -0.749182052083877
1.1418423812808423  22.49792173169264  12.940864189955002
29.524832079774033  -40.591926083236245  4.463144585334442
-10.139971905211114  15.322364600141116  -19.04005552864168
-12.127782050737535  -8.998944522855103  -11.654456558023586
24.475840385248137  -22.245959718777076  21.783083036811774
34.015900047972806  -25.185141476592076  22.865263843887327
12.541531341613746  50.15847078510286  -0.885137771972602
-21.34492645146024  10.286168069701493  31.273875534410653
-9.93774157078939  -0.8090201921450368  0.8156400403130271
-9.450694102852834  5.465765113592561  12.22325696477718
-0.43229499897355056  -10.692544414383727  -3.476693706412084
