C   2.9929992543  -3.9946887565  -0.4491417187
O   0.6121754810  -2.7846264943  -0.8315142595
C   0.0506538168  -0.6636895674  0.4514345584
C   1.8776150005  1.5576166831  -0.1124543892
F   4.0994600695  1.1209082135  0.9776846052
F   2.2523968838  1.7788567366  -2.5790964978
F   1.0035042413  3.7331141883  0.7577522955
C   -2.7329998278  -0.0449445324  -0.1811134382
F   -4.1508599710  -2.0659541518  0.1987047447
F   -3.5955157717  1.7996000678  1.2735573933
F   -2.9572846560  0.6596801199  -2.5762348141
F   0.1595519692  -1.0108722785  3.0068571971
H   2.7659927041  -5.8646892817  -1.2396595215
H   4.4806048647  -2.9948181308  -1.4416256266
H   3.4251142338  -4.1272396563  1.5480248344
momentum
12.278501204492951  -32.889882425016516  27.706905837294823
-2.8687823221734794  10.615628106004614  36.013116695225264
0.2102025325463548  16.457884189844755  -20.649250473406017
13.86198092337283  -0.09839656459017537  11.437278300391492
12.67493754918166  8.279954385733877  25.491246668024456
-15.904491317483586  2.2068208624737315  -56.2842802204259
-11.62250877757542  -40.35764778895885  18.93356290466692
-41.81953962886453  38.42571503142217  -38.7881233253895
-2.4623242409899135  -11.03272312962702  -31.280463629943284
11.038923055209803  -35.75486595481102  -22.40309322106064
-29.82019772583723  35.67594819198167  48.39100149187929
56.27022796443551  9.098825678861733  1.116686447425748
6.089042980812772  0.6220473651512536  -6.093040488021849
-4.555519575426956  -7.209305794798694  0.6961599850544933
-3.2543444476024455  6.7330412943917715  5.684481017635558
