C   2.9929992543  -3.9946887565  -0.4491417187
O   0.6121754810  -2.7846264943  -0.8315142595
C   0.0506538168  -0.6636895674  0.4514345584
C   1.8776150005  1.5576166831  -0.1124543892
F   4.0994600695  1.1209082135  0.9776846052
F   2.2523968838  1.7788567366  -2.5790964978
F   1.0035042413  3.7331141883  0.7577522955
C   -2.7329998278  -0.0449445324  -0.1811134382
F   -4.1508599710  -2.0659541518  0.1987047447
F   -3.5955157717  1.7996000678  1.2735573933
F   -2.9572846560  0.6596801199  -2.5762348141
F   0.1595519692  -1.0108722785  3.0068571971
H   2.7659927041  -5.8646892817  -1.2396595215
H   4.4806048647  -2.9948181308  -1.4416256266
H   3.4251142338  -4.1272396563  1.5480248344
momentum
12.111523834341561  -54.443308562430424  0.09109146037629845
19.803471987289218  -34.777144999952874  -35.995291181422665
25.256656452389475  5.346157651003428  -7.409011976324811
14.561817674726075  -3.6724006508514915  -37.13496632756213
4.5014998217291575  -7.8999968181565565  -5.597726472713029
-4.890496378027012  62.08205993308451  56.4664101094971
-10.420248947601706  43.383610695620966  17.287263051363702
-31.344599156117454  -16.629234781439564  22.968937342858815
-41.87949614381995  -10.425382007446153  31.130795426597174
-31.071171891958898  3.9473038898055584  -20.320504788238363
23.659297332272985  2.0961606508421164  -47.870636654203906
49.34092027111744  23.592196450116532  23.11000047908674
-11.621146820801133  -12.480900707442093  3.8964881164825482
-9.51495557802012  -6.370623998344026  -4.48185724751418
-8.426631910452343  6.179298973720999  3.434484927563598
