C   2.9929992543  -3.9946887565  -0.4491417187
O   0.6121754810  -2.7846264943  -0.8315142595
C   0.0506538168  -0.6636895674  0.4514345584
C   1.8776150005  1.5576166831  -0.1124543892
F   4.0994600695  1.1209082135  0.9776846052
F   2.2523968838  1.7788567366  -2.5790964978
F   1.0035042413  3.7331141883  0.7577522955
C   -2.7329998278  -0.0449445324  -0.1811134382
F   -4.1508599710  -2.0659541518  0.1987047447
F   -3.5955157717  1.7996000678  1.2735573933
F   -2.9572846560  0.6596801199  -2.5762348141
F   0.1595519692  -1.0108722785  3.0068571971
H   2.7659927041  -5.8646892817  -1.2396595215
H   4.4806048647  -2.9948181308  -1.4416256266
H   3.4251142338  -4.1272396563  1.5480248344
momentum
-12.472925484132706  22.09996221293601  -12.87716882043424
-17.29420573746182  -51.10216426416189  8.211428842616966
-5.680303820292204  3.942266352286541  1.0362649067144794
-24.363348153642892  -11.81048025512092  1.6657164104330682
-19.042250635566162  31.621527811641194  0.47624893819657693
2.833132786956342  -19.631900631341285  40.606931861661266
6.439137272294228  7.3463428364085335  -30.734019090208974
60.4010899414033  24.644589844564223  36.330901708335105
-6.4037523932768305  -44.791045015046805  -6.675278036344721
3.7153866898025414  -33.772373612834855  -15.336347647701029
-8.968796975366098  75.12364828138335  -42.775492590612664
35.3942601182323  3.5631510521517953  20.641049151838473
-4.591164342313796  -9.695197934530167  5.730198419163406
-7.382168668818305  -3.8104200402090465  -4.861043307996038
-1.8156587576220529  6.368110560202585  -1.4271836029075213
