C   2.9929992543  -3.9946887565  -0.4491417187
O   0.6121754810  -2.7846264943  -0.8315142595
C   0.0506538168  -0.6636895674  0.4514345584
C   1.8776150005  1.5576166831  -0.1124543892
F   4.0994600695  1.1209082135  0.9776846052
F   2.2523968838  1.7788567366  -2.5790964978
F   1.0035042413  3.7331141883  0.7577522955
C   -2.7329998278  -0.0449445324  -0.1811134382
F   -4.1508599710  -2.0659541518  0.1987047447
F   -3.5955157717  1.7996000678  1.2735573933
F   -2.9572846560  0.6596801199  -2.5762348141
F   0.1595519692  -1.0108722785  3.0068571971
H   2.7659927041  -5.8646892817  -1.2396595215
H   4.4806048647  -2.9948181308  -1.4416256266
H   3.4251142338  -4.1272396563  1.5480248344
momentum
-16.80615507210156  10.04848422931708  -3.4246810494465296
1.6472867757903809  -40.0019755519862  -36.9158989558355
-21.097071673480382  -17.554162718091423  25.258831141555586
35.42336231456831  -16.117515069467853  19.76252569284874
44.34954699049591  -5.265717694034153  -35.39138293334008
24.55944882928698  21.638866293317992  -25.59047066923771
-23.000746296693038  13.503958410606542  15.671029874046722
-43.82289565779492  4.760921152702295  27.164286383650005
-26.9464027720912  -58.10146863927897  -29.177510009479036
9.764470045083252  19.17507641652501  -27.749016369219937
8.065854114734076  12.403513662851154  12.652541364650592
4.474152167769269  44.31097446468534  57.0284269788192
5.991357767387535  0.22673163167055313  -6.394365694831515
-2.598980584231304  5.651576389520966  12.46574121298286
-0.16412638639483013  4.776832180054672  -4.900524505976239
