C   2.9929992543  -3.9946887565  -0.4491417187
O   0.6121754810  -2.7846264943  -0.8315142595
C   0.0506538168  -0.6636895674  0.4514345584
C   1.8776150005  1.5576166831  -0.1124543892
F   4.0994600695  1.1209082135  0.9776846052
F   2.2523968838  1.7788567366  -2.5790964978
F   1.0035042413  3.7331141883  0.7577522955
C   -2.7329998278  -0.0449445324  -0.1811134382
F   -4.1508599710  -2.0659541518  0.1987047447
F   -3.5955157717  1.7996000678  1.2735573933
F   -2.9572846560  0.6596801199  -2.5762348141
F   0.1595519692  -1.0108722785  3.0068571971
H   2.7659927041  -5.8646892817  -1.2396595215
H   4.4806048647  -2.9948181308  -1.4416256266
H   3.4251142338  -4.1272396563  1.5480248344
momentum
47.501311208752405  8.001281951872109  -20.492326859896068
-9.695759064194053  -4.40359167300941  -23.21351913584837
-17.50513980591634  -24.225446738862626  3.629929066759184
-16.571492361073172  38.7987493517545  9.491802878857937
10.279098219702872  -9.311411191493667  11.267183474054354
52.02963233486549  9.978865778852489  -30.02026830171899
11.885551033966479  -8.356247174567635  -6.1262380444146265
-36.20475205260908  -16.007632496783504  28.82248377823362
-15.215467499591853  -10.396524562420002  -18.29782880927004
-37.02280106409334  29.910692733738486  -6.258139030053307
22.641962967173715  -19.3858415321  39.97925708357569
-2.988514622409344  33.46080341924257  24.36096867602125
-3.911359160925166  -4.883176976447774  6.861347994856747
1.8659566009596686  -12.311437943755505  -21.553751121734702
-7.896791968278732  -9.551846461649859  1.0500449604223263
