C   2.9929992543  -3.9946887565  -0.4491417187
O   0.6121754810  -2.7846264943  -0.8315142595
C   0.0506538168  -0.6636895674  0.4514345584
C   1.8776150005  1.5576166831  -0.1124543892
F   4.0994600695  1.1209082135  0.9776846052
F   2.2523968838  1.7788567366  -2.5790964978
F   1.0035042413  3.7331141883  0.7577522955
C   -2.7329998278  -0.0449445324  -0.1811134382
F   -4.1508599710  -2.0659541518  0.1987047447
F   -3.5955157717  1.7996000678  1.2735573933
F   -2.9572846560  0.6596801199  -2.5762348141
F   0.1595519692  -1.0108722785  3.0068571971
H   2.7659927041  -5.8646892817  -1.2396595215
H   4.4806048647  -2.9948181308  -1.4416256266
H   3.4251142338  -4.1272396563  1.5480248344
momentum
22.161191781006238  27.722687234053435  -49.51624653135433
-27.76986139557576  -7.218679649418386  28.65762736138131
-6.14687547000013  -40.25105819982735  -37.10805128675979
-1.7560198918979038  17.449510196172145  12.746274924304519
5.4077245202744395  17.949424376810157  17.547449870964343
51.69573664999541  0.24450577291370432  -12.583455131307812
-39.337963047865856  -29.683331365339875  -26.622119857294127
-23.473226762763996  17.089169527529627  46.04164580686457
2.5753087296931714  -8.299000311055014  -20.53385433788427
54.989300371819205  53.05197220421092  3.787056543618195
-15.946448289085486  -28.90073384359105  3.0839270125571545
-26.248971824855275  -11.116901219106484  26.12058451562487
9.200849837362137  -1.956415462511054  -2.2646899124702706
-6.702767500285519  1.5058290734733044  8.519721345254135
1.2460669607900026  -6.8792456187022575  2.0853276000349106
