C   2.9929992543  -3.9946887565  -0.4491417187
O   0.6121754810  -2.7846264943  -0.8315142595
C   0.0506538168  -0.6636895674  0.4514345584
C   1.8776150005  1.5576166831  -0.1124543892
F   4.0994600695  1.1209082135  0.9776846052
F   2.2523968838  1.7788567366  -2.5790964978
F   1.0035042413  3.7331141883  0.7577522955
C   -2.7329998278  -0.0449445324  -0.1811134382
F   -4.1508599710  -2.0659541518  0.1987047447
F   -3.5955157717  1.7996000678  1.2735573933
F   -2.9572846560  0.6596801199  -2.5762348141
F   0.1595519692  -1.0108722785  3.0068571971
H   2.7659927041  -5.8646892817  -1.2396595215
H   4.4806048647  -2.9948181308  -1.4416256266
H   3.4251142338  -4.1272396563  1.5480248344
momentum
-0.7325983141700895  -28.802912679880503  -8.612675713981195
-9.447716387627041  -0.18071401023879033  3.5208384120666123
-25.677333483102434  -4.184647631205156  10.03145483890294
-3.760668067794191  -13.394188893114407  -30.806725592038255
16.49040975754597  36.50285599894683  -18.144848639362817
1.7828790330487696  -1.6767725246059828  -22.10049710216157
-34.249387355182265  8.768151123945284  42.64587012266036
25.047409427837295  -12.955672198585237  10.72160674609094
8.443875532933971  -22.23474182980359  7.006334519608243
8.463116435669749  18.38600522854392  10.872467498706543
23.556301266450237  33.86320002142325  -49.84269734232229
-6.438184425333205  -1.9712533948911268  41.39950720267656
3.716506868603604  2.9882537559151134  9.69072445875085
-0.6069699017814048  -0.9722765115869529  -3.3955577653167937
-6.696319582820603  -13.903696945316145  -2.7481543899053866
