C   2.9929992543  -3.9946887565  -0.4491417187
O   0.6121754810  -2.7846264943  -0.8315142595
C   0.0506538168  -0.6636895674  0.4514345584
C   1.8776150005  1.5576166831  -0.1124543892
F   4.0994600695  1.1209082135  0.9776846052
F   2.2523968838  1.7788567366  -2.5790964978
F   1.0035042413  3.7331141883  0.7577522955
C   -2.7329998278  -0.0449445324  -0.1811134382
F   -4.1508599710  -2.0659541518  0.1987047447
F   -3.5955157717  1.7996000678  1.2735573933
F   -2.9572846560  0.6596801199  -2.5762348141
F   0.1595519692  -1.0108722785  3.0068571971
H   2.7659927041  -5.8646892817  -1.2396595215
H   4.4806048647  -2.9948181308  -1.4416256266
H   3.4251142338  -4.1272396563  1.5480248344
momentum
2.5236489664828503  -52.80301442013598  -20.424700944681803
100.01384529408594  1.3549606757798784  -23.228636464375565
-40.74178690155977  17.36616666558246  -2.7945922930288245
-26.255470695828897  -19.239043965224305  -19.178789963688974
-5.905678645766388  1.9999100096334488  8.49822059202739
20.763935764448956  -7.27490369283428  -9.853546024224016
-1.743613467275508  -38.20753204642625  19.299878989708382
-44.882904406805466  64.98016196596723  6.28146592877498
23.45212605998836  -19.067298802889876  13.416462889140265
2.441750483544058  -27.571267537416432  0.9640778758175793
-22.1669609099599  23.735447463067025  6.0269676313309395
2.8684501941419516  54.20293688648488  -0.12732436257013358
-0.813849140079262  -2.2136372217180753  10.719008160534083
3.9164424778387508  7.9183528327267165  3.292610989544288
-13.988263708701353  -4.716098557512306  6.913650775108419
