C   2.9929992543  -3.9946887565  -0.4491417187
O   0.6121754810  -2.7846264943  -0.8315142595
C   0.0506538168  -0.6636895674  0.4514345584
C   1.8776150005  1.5576166831  -0.1124543892
F   4.0994600695  1.1209082135  0.9776846052
F   2.2523968838  1.7788567366  -2.5790964978
F   1.0035042413  3.7331141883  0.7577522955
C   -2.7329998278  -0.0449445324  -0.1811134382
F   -4.1508599710  -2.0659541518  0.1987047447
F   -3.5955157717  1.7996000678  1.2735573933
F   -2.9572846560  0.6596801199  -2.5762348141
F   0.1595519692  -1.0108722785  3.0068571971
H   2.7659927041  -5.8646892817  -1.2396595215
H   4.4806048647  -2.9948181308  -1.4416256266
H   3.4251142338  -4.1272396563  1.5480248344
momentum
-47.7979156841157  11.488280720198661  4.227001640209983
46.68301247645027  -15.506184796972468  -17.790340373820023
9.045119705033875  50.36631960159519  19.64645608812829
-1.791306643720124  -19.920111975964684  -6.5686794261470425
-24.303453854345264  -10.231090955039809  35.767603452607034
-2.775134354599802  -31.226464445085824  18.798323107491676
4.028061506382873  14.088260670425905  0.05526204896567379
8.329134977836791  13.926568928933658  -7.892952932862632
-3.0912964084241352  -42.65497654418739  43.62997453282181
-17.183741794443417  27.215247597022724  -22.00585572954484
-16.103709639581307  16.88473870433635  7.5291036988738975
31.837740404233067  -23.699541419398848  -85.52057423215017
1.0372537730827098  5.9945937962869085  4.211283090296327
3.866314047980015  8.65862150458486  -1.737091294431757
8.130562619590748  -5.442750687092452  7.657603833662795
