C   2.9929992543  -3.9946887565  -0.4491417187
O   0.6121754810  -2.7846264943  -0.8315142595
C   0.0506538168  -0.6636895674  0.4514345584
C   1.8776150005  1.5576166831  -0.1124543892
F   4.0994600695  1.1209082135  0.9776846052
F   2.2523968838  1.7788567366  -2.5790964978
F   1.0035042413  3.7331141883  0.7577522955
C   -2.7329998278  -0.0449445324  -0.1811134382
F   -4.1508599710  -2.0659541518  0.1987047447
F   -3.5955157717  1.7996000678  1.2735573933
F   -2.9572846560  0.6596801199  -2.5762348141
F   0.1595519692  -1.0108722785  3.0068571971
H   2.7659927041  -5.8646892817  -1.2396595215
H   4.4806048647  -2.9948181308  -1.4416256266
H   3.4251142338  -4.1272396563  1.5480248344
momentum
-17.530842445379964  -19.531686615769818  -6.464214714017368
30.109348587402838  37.969561571975056  -18.77772059789091
-12.42868724656315  27.320229328802306  -16.656283242405635
-11.710701466061993  55.376183103844006  -1.6612589256858272
-48.91465611025757  -15.49960498266265  -6.371191186972804
6.204975720193914  -66.47430443486505  -23.822467539763704
-1.0861321990197772  -18.464057557484917  7.437844355452983
25.264264282007634  -22.803248600399286  9.195381997718481
-22.564971814405734  -8.607179774751476  20.812674475312544
-25.90761332545781  -5.555926515935295  16.95109998187347
53.19581718912899  36.10611697337614  1.4599412329987125
22.012809645363014  -11.498818328542876  1.8537926910728244
13.392179115967668  -0.6695848923856242  5.692221390020535
-4.372864935122616  8.111872096179967  11.873597936173665
-5.291615880498784  3.907055003322006  -1.4130213364485735
