C   2.9929992543  -3.9946887565  -0.4491417187
O   0.6121754810  -2.7846264943  -0.8315142595
C   0.0506538168  -0.6636895674  0.4514345584
C   1.8776150005  1.5576166831  -0.1124543892
F   4.0994600695  1.1209082135  0.9776846052
F   2.2523968838  1.7788567366  -2.5790964978
F   1.0035042413  3.7331141883  0.7577522955
C   -2.7329998278  -0.0449445324  -0.1811134382
F   -4.1508599710  -2.0659541518  0.1987047447
F   -3.5955157717  1.7996000678  1.2735573933
F   -2.9572846560  0.6596801199  -2.5762348141
F   0.1595519692  -1.0108722785  3.0068571971
H   2.7659927041  -5.8646892817  -1.2396595215
H   4.4806048647  -2.9948181308  -1.4416256266
H   3.4251142338  -4.1272396563  1.5480248344
momentum
3.685934874398364  18.167536848771437  8.969064737592351
-4.141742984654357  -51.94913949475326  6.324465234944064
-29.699079562148974  -31.8626487785469  10.008667872709493
-14.902603330878236  26.31623438146653  19.395884342488706
-3.2465094814063273  -19.71274599292906  10.108948798541238
-8.398173153339828  44.000758222360325  4.860735962368458
25.847646808344585  19.394611096106225  -38.624171407772344
54.04325538384068  -22.734366026549576  -36.83309792113212
-20.187386924836716  45.569960782259  8.104861439277313
2.1597342251824396  -31.54104334183042  7.286462352344815
-19.831615359863704  2.580041643833472  -3.6114071554444833
5.810976658494204  12.387424680411542  17.818672500463038
3.7366996912709984  -1.0221823589425862  -4.458461640905177
2.351251116149135  4.713343155700263  -10.137185184137701
2.2263435178678037  -14.263527563996295  0.964265243020158
