C   2.9929992543  -3.9946887565  -0.4491417187
O   0.6121754810  -2.7846264943  -0.8315142595
C   0.0506538168  -0.6636895674  0.4514345584
C   1.8776150005  1.5576166831  -0.1124543892
F   4.0994600695  1.1209082135  0.9776846052
F   2.2523968838  1.7788567366  -2.5790964978
F   1.0035042413  3.7331141883  0.7577522955
C   -2.7329998278  -0.0449445324  -0.1811134382
F   -4.1508599710  -2.0659541518  0.1987047447
F   -3.5955157717  1.7996000678  1.2735573933
F   -2.9572846560  0.6596801199  -2.5762348141
F   0.1595519692  -1.0108722785  3.0068571971
H   2.7659927041  -5.8646892817  -1.2396595215
H   4.4806048647  -2.9948181308  -1.4416256266
H   3.4251142338  -4.1272396563  1.5480248344
momentum
9.04268232268322  -8.671862880977566  11.0547275674857
-5.539604023163765  24.532512900223647  5.136724644163581
-2.802278837255619  6.155486280512158  -20.48680761852965
-9.562280881507753  32.3640814006659  58.961849393585
39.10441048409715  -51.327210936736364  -35.06664481588434
8.186239329687652  9.802809033611952  -54.10656742629822
-21.005673134105393  30.089312760303585  29.23248328807626
-22.265326204499537  -17.115137735104394  8.40071585278604
-1.6441883283721677  14.293651178601737  -20.784209045023793
32.85879039980316  -17.887602670474553  7.914962133074806
-19.43724270997205  -18.752604937864504  -19.93120193700185
-15.194778297863317  -0.06668598720120486  17.989355843609072
5.263037767213276  5.712692937110392  16.6907163012033
5.406805142334663  -8.326303251819521  -2.3000786520631262
-2.839919441591555  -0.2126959180810693  -2.7917344367800663
