C   2.9929992543  -3.9946887565  -0.4491417187
O   0.6121754810  -2.7846264943  -0.8315142595
C   0.0506538168  -0.6636895674  0.4514345584
C   1.8776150005  1.5576166831  -0.1124543892
F   4.0994600695  1.1209082135  0.9776846052
F   2.2523968838  1.7788567366  -2.5790964978
F   1.0035042413  3.7331141883  0.7577522955
C   -2.7329998278  -0.0449445324  -0.1811134382
F   -4.1508599710  -2.0659541518  0.1987047447
F   -3.5955157717  1.7996000678  1.2735573933
F   -2.9572846560  0.6596801199  -2.5762348141
F   0.1595519692  -1.0108722785  3.0068571971
H   2.7659927041  -5.8646892817  -1.2396595215
H   4.4806048647  -2.9948181308  -1.4416256266
H   3.4251142338  -4.1272396563  1.5480248344
momentum
4.854879718648049  25.232272336459904  0.03832821081535687
25.055630936676106  4.235560568018707  -5.8721579915611
-2.715905777487176  -10.517309497844815  -32.28490673859758
-20.988366280756676  -20.441288823661427  37.1285655424038
-43.62249683432181  -0.48900265653542396  17.803541520065913
-19.041855143428382  -59.175257826627245  -29.79275478899871
34.69977360187257  -12.277930194802341  14.111397299328152
-16.494331658105157  59.49260958214533  -13.96625777938288
-39.00302249127331  -30.971194507063583  33.92143568321282
-12.996429668432162  -36.28864164875359  -2.535223164237715
71.27398102666105  21.677010722259105  31.362584966171752
13.602090108038993  48.520100258919214  -36.03310978873698
6.573582944857075  -3.9972974477564907  -6.952208844259844
-5.295119720056785  3.1808805572005894  3.3492528357076035
4.836936698622197  11.636628428533204  -10.206617912547085
