C   2.9929992543  -3.9946887565  -0.4491417187
O   0.6121754810  -2.7846264943  -0.8315142595
C   0.0506538168  -0.6636895674  0.4514345584
C   1.8776150005  1.5576166831  -0.1124543892
F   4.0994600695  1.1209082135  0.9776846052
F   2.2523968838  1.7788567366  -2.5790964978
F   1.0035042413  3.7331141883  0.7577522955
C   -2.7329998278  -0.0449445324  -0.1811134382
F   -4.1508599710  -2.0659541518  0.1987047447
F   -3.5955157717  1.7996000678  1.2735573933
F   -2.9572846560  0.6596801199  -2.5762348141
F   0.1595519692  -1.0108722785  3.0068571971
H   2.7659927041  -5.8646892817  -1.2396595215
H   4.4806048647  -2.9948181308  -1.4416256266
H   3.4251142338  -4.1272396563  1.5480248344
momentum
-1.1957261573296984  -7.806793675276655  14.08419806253185
4.568437682175983  -84.76638466196586  -2.3820664222402965
44.42877938709858  34.51316153775581  -15.568630362469161
-10.310173361286134  31.879082578176778  19.056945296183617
49.11840637873032  0.9394377841344168  -31.672569411285174
-49.088878624177795  23.99268401747205  5.881806011604094
19.628567930146996  -85.24620663950655  -7.382080885361019
-4.4276220587651185  34.5589459634207  17.736732990676956
3.699725747724342  -16.420110815683394  7.257912684646206
-86.00144697009047  15.13538058864207  -22.249054984195283
25.229988564250228  52.43282595014604  3.768893549544206
-14.999050610234029  0.2533392414214016  -7.895276675584002
11.581658656701412  -10.303196581131235  -6.236033258493014
-9.000736141267955  11.897363801551094  4.045260940526273
16.633532256094554  -0.8736904376974133  21.23428439769944
