C   2.9929992543  -3.9946887565  -0.4491417187
O   0.6121754810  -2.7846264943  -0.8315142595
C   0.0506538168  -0.6636895674  0.4514345584
C   1.8776150005  1.5576166831  -0.1124543892
F   4.0994600695  1.1209082135  0.9776846052
F   2.2523968838  1.7788567366  -2.5790964978
F   1.0035042413  3.7331141883  0.7577522955
C   -2.7329998278  -0.0449445324  -0.1811134382
F   -4.1508599710  -2.0659541518  0.1987047447
F   -3.5955157717  1.7996000678  1.2735573933
F   -2.9572846560  0.6596801199  -2.5762348141
F   0.1595519692  -1.0108722785  3.0068571971
H   2.7659927041  -5.8646892817  -1.2396595215
H   4.4806048647  -2.9948181308  -1.4416256266
H   3.4251142338  -4.1272396563  1.5480248344
momentum
-20.207714956664176  -4.208533342018355  36.41024604475278
-22.46439883619821  41.164231519044904  15.193545585041495
21.986007722909477  34.11736134995521  -14.921437192361715
14.51545791297606  21.966457215226487  -5.343953275860336
8.113150101277055  41.69015159853659  15.594202251930412
27.210601822020443  2.655396100995776  -32.71577973255439
26.754696888292433  7.370333480451326  -23.106659917712257
-26.355470061083487  29.568174980356755  -13.002880796374233
-8.64286649228186  -8.389658530987408  5.611696877991412
-22.63774888106237  -45.16309321612292  73.22040189186905
-5.63355299842612  -12.686996273861975  -56.14021941437329
12.596813514187655  -80.52510483418922  -4.162225029172258
3.40096185367754  -10.676557068901868  -0.5105181823405067
-1.01133523152589  -10.927809890241516  5.047886257948535
-7.309275374622586  -5.076827123723759  -1.2405733357013342
