C   2.9929992543  -3.9946887565  -0.4491417187
O   0.6121754810  -2.7846264943  -0.8315142595
C   0.0506538168  -0.6636895674  0.4514345584
C   1.8776150005  1.5576166831  -0.1124543892
F   4.0994600695  1.1209082135  0.9776846052
F   2.2523968838  1.7788567366  -2.5790964978
F   1.0035042413  3.7331141883  0.7577522955
C   -2.7329998278  -0.0449445324  -0.1811134382
F   -4.1508599710  -2.0659541518  0.1987047447
F   -3.5955157717  1.7996000678  1.2735573933
F   -2.9572846560  0.6596801199  -2.5762348141
F   0.1595519692  -1.0108722785  3.0068571971
H   2.7659927041  -5.8646892817  -1.2396595215
H   4.4806048647  -2.9948181308  -1.4416256266
H   3.4251142338  -4.1272396563  1.5480248344
momentum
20.193209479703242  -20.465775132115187  -9.953873409391754
13.822721137044109  30.96293223192706  1.184311257190628
-6.515304538337998  14.110256811244135  26.497909875552825
14.61984055070498  35.11801802123404  -12.508889388604993
-65.11281890189585  -32.2577233277589  -20.202306611839575
-22.39882385206599  -33.68490424568627  8.343268095558804
-12.105511766146046  -6.1365620139780805  -8.692226228306525
21.278377124645953  9.894014460223737  4.17099782294628
-15.834965469543699  -38.132801580140075  -19.105505163271165
7.855114376748861  -1.3908862905236097  3.828334119706717
39.191679479488464  24.245485845233627  21.033000450829025
5.175729039941925  29.414759155953327  10.17843059925244
-2.0209255931731174  3.2226212132063177  -6.49279748507579
5.897459790816389  -8.023331604363932  7.625353693220707
-3.797384939176253  -7.240260666568961  -5.834888467425941
