C   2.9929992543  -3.9946887565  -0.4491417187
O   0.6121754810  -2.7846264943  -0.8315142595
C   0.0506538168  -0.6636895674  0.4514345584
C   1.8776150005  1.5576166831  -0.1124543892
F   4.0994600695  1.1209082135  0.9776846052
F   2.2523968838  1.7788567366  -2.5790964978
F   1.0035042413  3.7331141883  0.7577522955
C   -2.7329998278  -0.0449445324  -0.1811134382
F   -4.1508599710  -2.0659541518  0.1987047447
F   -3.5955157717  1.7996000678  1.2735573933
F   -2.9572846560  0.6596801199  -2.5762348141
F   0.1595519692  -1.0108722785  3.0068571971
H   2.7659927041  -5.8646892817  -1.2396595215
H   4.4806048647  -2.9948181308  -1.4416256266
H   3.4251142338  -4.1272396563  1.5480248344
momentum
3.346996025839669  -14.220391800598707  47.03937210851978
11.48613516341898  -0.46347194711580475  -39.862152966191125
37.85942576503029  17.734650873364824  3.261948475409117
-16.236949164102576  23.30002671412088  54.114505070611045
27.04847611961688  -27.358124224438715  -11.576835927387904
-60.783242623786315  -15.987516077860453  -19.714093298524045
14.243921068897174  33.58873292568345  28.4657759750342
3.2256080644983247  -40.20304698981529  -34.00704059075253
-10.734263691589621  26.691435977527288  2.1901749105341586
-2.919911697622651  19.85589555780043  14.25774935897327
-29.576871433262166  -11.296179912505051  -52.38875028047209
34.793732277746166  -22.688668369550786  6.961075128733869
0.17033726832034243  -4.003820561411419  -3.2644173984599334
1.8848982956337328  10.334501855508124  0.8777956880465099
-13.8932569607907  4.051413938955312  3.598754108900767
