C   2.9929992543  -3.9946887565  -0.4491417187
O   0.6121754810  -2.7846264943  -0.8315142595
C   0.0506538168  -0.6636895674  0.4514345584
C   1.8776150005  1.5576166831  -0.1124543892
F   4.0994600695  1.1209082135  0.9776846052
F   2.2523968838  1.7788567366  -2.5790964978
F   1.0035042413  3.7331141883  0.7577522955
C   -2.7329998278  -0.0449445324  -0.1811134382
F   -4.1508599710  -2.0659541518  0.1987047447
F   -3.5955157717  1.7996000678  1.2735573933
F   -2.9572846560  0.6596801199  -2.5762348141
F   0.1595519692  -1.0108722785  3.0068571971
H   2.7659927041  -5.8646892817  -1.2396595215
H   4.4806048647  -2.9948181308  -1.4416256266
H   3.4251142338  -4.1272396563  1.5480248344
momentum
34.48178477200708  -26.29069251020807  4.390228468978898
5.921968856936484  -49.725573128303104  15.347348658950173
-13.78621600653009  -1.7486751106485958  4.540864669942784
-44.00892225724068  45.49059109135801  -9.891754888007274
-23.02693412067485  -5.07680671342859  -19.611103313062873
-6.141120380061062  -7.896464650845188  43.348085348974394
45.512973364526005  15.136031724155647  -7.715725172629498
-9.842882761886912  -20.672974460618022  -15.724288741097437
-13.588207401501826  0.4383006009789182  -5.899013111959055
-6.366488465299403  19.731884434410578  8.415284941631803
-3.1769061360660733  33.85213022056998  -5.689575980280934
28.875424524278664  -20.174118932953387  -21.89395336733952
-1.057042957422965  7.833995765149505  2.740512372423656
-0.07054861582583852  1.5534042153161702  4.700928171738273
6.054379911557753  7.107819495698944  2.795054335037537
