C   2.9929992543  -3.9946887565  -0.4491417187
O   0.6121754810  -2.7846264943  -0.8315142595
C   0.0506538168  -0.6636895674  0.4514345584
C   1.8776150005  1.5576166831  -0.1124543892
F   4.0994600695  1.1209082135  0.9776846052
F   2.2523968838  1.7788567366  -2.5790964978
F   1.0035042413  3.7331141883  0.7577522955
C   -2.7329998278  -0.0449445324  -0.1811134382
F   -4.1508599710  -2.0659541518  0.1987047447
F   -3.5955157717  1.7996000678  1.2735573933
F   -2.9572846560  0.6596801199  -2.5762348141
F   0.1595519692  -1.0108722785  3.0068571971
H   2.7659927041  -5.8646892817  -1.2396595215
H   4.4806048647  -2.9948181308  -1.4416256266
H   3.4251142338  -4.1272396563  1.5480248344
momentum
12.624358093132633  21.9923711933158  -6.792054989793037
10.089559911970696  20.92166601549661  -7.188352309407714
-52.46833552851626  42.14522336765754  0.6015412503441611
1.5527172776533844  -60.49006000957261  -54.236383657975075
-6.5923782236732205  -18.411048582435193  -6.587972760689643
20.897346432053713  -14.867220585764846  6.8020788440551305
4.375921736781013  -24.22198572597818  0.875227801792969
-8.427693446584733  -12.195518202804251  -6.451552696664909
24.690532088860465  45.86968906114006  6.011847584416027
-20.794675562482812  -84.65754355834954  30.7661025951723
13.156439956103537  41.18816611503984  -8.548223345641643
-2.709610191647374  38.02482522902684  21.343068245898323
3.2925081522430895  -4.029129216108646  6.951155451945356
-7.897285122927834  13.250494890044072  11.52930129842796
8.237985958406  -5.164959952235576  5.124071845343962
