C   2.9929992543  -3.9946887565  -0.4491417187
O   0.6121754810  -2.7846264943  -0.8315142595
C   0.0506538168  -0.6636895674  0.4514345584
C   1.8776150005  1.5576166831  -0.1124543892
F   4.0994600695  1.1209082135  0.9776846052
F   2.2523968838  1.7788567366  -2.5790964978
F   1.0035042413  3.7331141883  0.7577522955
C   -2.7329998278  -0.0449445324  -0.1811134382
F   -4.1508599710  -2.0659541518  0.1987047447
F   -3.5955157717  1.7996000678  1.2735573933
F   -2.9572846560  0.6596801199  -2.5762348141
F   0.1595519692  -1.0108722785  3.0068571971
H   2.7659927041  -5.8646892817  -1.2396595215
H   4.4806048647  -2.9948181308  -1.4416256266
H   3.4251142338  -4.1272396563  1.5480248344
momentum
13.377686255587749  -1.4266705916734435  -3.124770087126444
12.722539411112988  13.941171604837256  -4.250201110201696
0.17656362999872183  -26.34541804036028  -34.928351654916305
8.8941843658464  -14.43107590682064  -12.753341428098539
91.5179941370519  6.228694591454674  40.054092894906276
48.496157650757425  20.14106174110566  -15.458623496912441
-13.566107967091048  16.649663466848633  -15.885686006901176
-75.85970487620838  -23.5150075528868  -33.95884438153606
-7.19052792424619  23.153058813732578  34.21911737876734
-9.36454165396135  -8.233265827196837  -0.906705150577009
-44.79801978342271  -1.5037245066307758  3.0585288220637903
-7.170544779188391  -20.62647000856886  48.86920107083265
-1.0757271858755533  5.049948957153825  -0.6997085664284568
0.8949425255970761  5.036386632516949  -8.033641579968021
-17.700780491968903  6.342583959748228  3.5710692679000893
