C   2.9929992543  -3.9946887565  -0.4491417187
O   0.6121754810  -2.7846264943  -0.8315142595
C   0.0506538168  -0.6636895674  0.4514345584
C   1.8776150005  1.5576166831  -0.1124543892
F   4.0994600695  1.1209082135  0.9776846052
F   2.2523968838  1.7788567366  -2.5790964978
F   1.0035042413  3.7331141883  0.7577522955
C   -2.7329998278  -0.0449445324  -0.1811134382
F   -4.1508599710  -2.0659541518  0.1987047447
F   -3.5955157717  1.7996000678  1.2735573933
F   -2.9572846560  0.6596801199  -2.5762348141
F   0.1595519692  -1.0108722785  3.0068571971
H   2.7659927041  -5.8646892817  -1.2396595215
H   4.4806048647  -2.9948181308  -1.4416256266
H   3.4251142338  -4.1272396563  1.5480248344
momentum
-40.71724982231946  11.75024167296  5.763552572054748
-96.37108855409423  -6.562266912433691  5.9804372537807655
8.403289643317706  1.3131760016856886  -3.348463624002383
68.1236494910119  10.967423637234402  -52.455061075539916
3.416921565777382  -8.77041674930256  18.620964247748216
2.5194395586432514  -16.17618512166525  53.7239290143723
-38.30772431244878  -2.5174932539445543  -34.96143703292165
-26.69439155210154  23.863903988868067  47.59501779806441
50.01872813184738  -52.48925772895957  -11.541602824303338
-77.96343893839882  -20.804345318526945  2.966408984395624
43.931116458477376  61.25162803013445  -48.64084943890365
82.81480145999389  6.4865521771229  21.77664417570997
3.6980399872786625  -13.241628369039281  -8.850585320221915
4.405420740472266  0.7918272700477471  -2.4735187477118386
13.07232061816825  4.915175098376291  5.979629077295549
