C   2.9929992543  -3.9946887565  -0.4491417187
O   0.6121754810  -2.7846264943  -0.8315142595
C   0.0506538168  -0.6636895674  0.4514345584
C   1.8776150005  1.5576166831  -0.1124543892
F   4.0994600695  1.1209082135  0.9776846052
F   2.2523968838  1.7788567366  -2.5790964978
F   1.0035042413  3.7331141883  0.7577522955
C   -2.7329998278  -0.0449445324  -0.1811134382
F   -4.1508599710  -2.0659541518  0.1987047447
F   -3.5955157717  1.7996000678  1.2735573933
F   -2.9572846560  0.6596801199  -2.5762348141
F   0.1595519692  -1.0108722785  3.0068571971
H   2.7659927041  -5.8646892817  -1.2396595215
H   4.4806048647  -2.9948181308  -1.4416256266
H   3.4251142338  -4.1272396563  1.5480248344
momentum
8.738142556059067  19.662656878788976  37.12981534925562
-28.679756004785748  -42.2731215034314  23.34659202372506
7.654577907116331  20.36467053982073  -31.235876247813405
-21.072163494162705  -41.23828292256372  -4.87085281275056
-12.705945742385193  -25.374639649926078  -3.361054945466758
0.1593926428826138  20.808951191236154  5.619617849502971
29.99067468938614  34.60378263355056  14.68364635685429
0.7175151550021753  24.33359061257948  -9.780833412504343
73.56572308162663  -1.69830976937219  -10.181700820782993
-27.776697133403832  -23.12454593274494  12.664009763697571
-67.34816057423063  30.456463958268802  -29.91630459027626
34.220379798097746  -0.28150800391631237  -15.9230579157546
-1.4884172057223273  -5.733879149840529  -3.6837163098690193
3.4815855069641  -0.08064121069992582  7.862089268319836
0.9050791433789916  -9.923895456655712  7.9219378313157005
