C   2.9929992543  -3.9946887565  -0.4491417187
O   0.6121754810  -2.7846264943  -0.8315142595
C   0.0506538168  -0.6636895674  0.4514345584
C   1.8776150005  1.5576166831  -0.1124543892
F   4.0994600695  1.1209082135  0.9776846052
F   2.2523968838  1.7788567366  -2.5790964978
F   1.0035042413  3.7331141883  0.7577522955
C   -2.7329998278  -0.0449445324  -0.1811134382
F   -4.1508599710  -2.0659541518  0.1987047447
F   -3.5955157717  1.7996000678  1.2735573933
F   -2.9572846560  0.6596801199  -2.5762348141
F   0.1595519692  -1.0108722785  3.0068571971
H   2.7659927041  -5.8646892817  -1.2396595215
H   4.4806048647  -2.9948181308  -1.4416256266
H   3.4251142338  -4.1272396563  1.5480248344
momentum
-33.28289192115841  10.94304279899096  -19.029196230365457
-21.60900995027841  58.88225528444717  43.05337983719401
14.664400104543054  4.556473325615817  -5.32735439811147
-12.584565231127423  34.36415718795071  -9.126101405104224
44.92295497625005  -17.535467686247138  18.195788589891624
50.970746297925565  10.211551087169184  3.9950581090783417
-66.76395315698277  10.96222145358749  -48.49878959841212
-18.44866323277764  -0.26814322709585886  5.868221053123849
-15.411884719908043  21.745047424675054  -7.181662500757812
34.43187883570204  -39.66247211433312  -55.42464155034012
-12.886957265153217  -18.836167458718155  28.614645993953864
51.39307288767167  -63.74607290726996  50.68944592081813
-4.06681552186557  -8.603224507135184  -7.2249696539160615
3.260098104731531  4.147008258015483  2.662383403691079
-14.840781807464717  -6.55716065397053  -1.2611726742162104
