C   2.9929992543  -3.9946887565  -0.4491417187
O   0.6121754810  -2.7846264943  -0.8315142595
C   0.0506538168  -0.6636895674  0.4514345584
C   1.8776150005  1.5576166831  -0.1124543892
F   4.0994600695  1.1209082135  0.9776846052
F   2.2523968838  1.7788567366  -2.5790964978
F   1.0035042413  3.7331141883  0.7577522955
C   -2.7329998278  -0.0449445324  -0.1811134382
F   -4.1508599710  -2.0659541518  0.1987047447
F   -3.5955157717  1.7996000678  1.2735573933
F   -2.9572846560  0.6596801199  -2.5762348141
F   0.1595519692  -1.0108722785  3.0068571971
H   2.7659927041  -5.8646892817  -1.2396595215
H   4.4806048647  -2.9948181308  -1.4416256266
H   3.4251142338  -4.1272396563  1.5480248344
momentum
-4.053218971350028  -17.808896034252285  3.2219082358784203
50.77541684470555  -3.2165008890637465  -2.6414034522033054
16.42218236720247  -18.180580835168325  56.95559507457446
-35.31216725655908  -4.723827447693266  -18.644355527065514
20.20065043311066  -2.283619684339617  -15.098007836582552
-43.05043973819207  -24.930983983354256  -0.47790464624837226
3.8784992011864414  54.30922847106961  42.95302188496866
-17.49569927073392  -34.12371619996366  24.404084792256988
-1.5958764003413803  22.579004032435982  -33.109854297980185
-3.729848918756316  23.531943407198685  -2.928796082049529
13.278147349001188  3.4149291902596115  -37.699725948025744
10.820254334997703  1.5034137049375156  -17.096778055768965
-15.280257415049846  -1.4195047771585578  -4.741270047282298
-5.967861376371421  3.5699273616921854  -1.9641735943288656
10.664938126052574  -3.331870807804255  6.452334225338431
