C   2.9929992543  -3.9946887565  -0.4491417187
O   0.6121754810  -2.7846264943  -0.8315142595
C   0.0506538168  -0.6636895674  0.4514345584
C   1.8776150005  1.5576166831  -0.1124543892
F   4.0994600695  1.1209082135  0.9776846052
F   2.2523968838  1.7788567366  -2.5790964978
F   1.0035042413  3.7331141883  0.7577522955
C   -2.7329998278  -0.0449445324  -0.1811134382
F   -4.1508599710  -2.0659541518  0.1987047447
F   -3.5955157717  1.7996000678  1.2735573933
F   -2.9572846560  0.6596801199  -2.5762348141
F   0.1595519692  -1.0108722785  3.0068571971
H   2.7659927041  -5.8646892817  -1.2396595215
H   4.4806048647  -2.9948181308  -1.4416256266
H   3.4251142338  -4.1272396563  1.5480248344
momentum
-6.735567736149953  -21.276492605713717  -51.62166427011976
24.225202064122975  -6.706516063572334  39.55848560474982
19.301666903341392  -35.238011712202834  -9.144701352952044
13.091820123123124  9.362279166149408  38.51924925035536
-47.984375084754085  46.7188449549137  21.112467052285126
17.15891337806716  -35.01005796553493  -33.78154514987956
6.82291522476157  34.43655036224801  8.886793564285012
-13.649325864030148  25.777464740112798  12.457657438332332
14.096348085337931  53.21804999248966  -41.56554864555504
-12.208073290846373  22.287375328006725  -3.4814039758024053
-45.317308525762584  -43.8546680302334  -7.076489875246949
25.871408701717563  -47.53210940231979  25.25530091698567
-8.662214248020387  -14.880602038578846  8.204104006992042
1.7840967852584155  9.4050660047545  -16.001215905794826
11.909447739011812  3.5867357525044667  8.07705171411175
