C   2.9929992543  -3.9946887565  -0.4491417187
O   0.6121754810  -2.7846264943  -0.8315142595
C   0.0506538168  -0.6636895674  0.4514345584
C   1.8776150005  1.5576166831  -0.1124543892
F   4.0994600695  1.1209082135  0.9776846052
F   2.2523968838  1.7788567366  -2.5790964978
F   1.0035042413  3.7331141883  0.7577522955
C   -2.7329998278  -0.0449445324  -0.1811134382
F   -4.1508599710  -2.0659541518  0.1987047447
F   -3.5955157717  1.7996000678  1.2735573933
F   -2.9572846560  0.6596801199  -2.5762348141
F   0.1595519692  -1.0108722785  3.0068571971
H   2.7659927041  -5.8646892817  -1.2396595215
H   4.4806048647  -2.9948181308  -1.4416256266
H   3.4251142338  -4.1272396563  1.5480248344
momentum
29.316983818657505  -26.64489002076577  4.75001374392692
-4.105098295859109  -12.03356938226464  14.29693966987491
-25.471359978772913  -43.55450662673945  -21.45106499085854
-0.2104553429329899  23.909682667018664  -8.431512298193708
-34.931960821991694  44.25544118882919  -36.33464147508627
1.2719740476478933  5.458636467137306  36.01754473366549
26.702991476239333  -15.703092674549657  -27.667972188870788
-21.763851370023673  -23.2602211083875  -3.3288847321190085
-10.757252381058393  10.310743475916382  5.983200784077224
-8.572758181353052  14.881513386541188  4.718560988014297
67.36446508461118  26.894022084872873  52.63394645043719
-18.068904675513988  -10.254022175271162  -16.52419770303312
3.590138072365519  -1.655960999453549  -14.455530493789352
-4.6640794255205495  -4.679030402406656  12.955350836916725
0.7435680213274917  11.769245863845086  -3.0265494810964073
