C   2.9929992543  -3.9946887565  -0.4491417187
O   0.6121754810  -2.7846264943  -0.8315142595
C   0.0506538168  -0.6636895674  0.4514345584
C   1.8776150005  1.5576166831  -0.1124543892
F   4.0994600695  1.1209082135  0.9776846052
F   2.2523968838  1.7788567366  -2.5790964978
F   1.0035042413  3.7331141883  0.7577522955
C   -2.7329998278  -0.0449445324  -0.1811134382
F   -4.1508599710  -2.0659541518  0.1987047447
F   -3.5955157717  1.7996000678  1.2735573933
F   -2.9572846560  0.6596801199  -2.5762348141
F   0.1595519692  -1.0108722785  3.0068571971
H   2.7659927041  -5.8646892817  -1.2396595215
H   4.4806048647  -2.9948181308  -1.4416256266
H   3.4251142338  -4.1272396563  1.5480248344
momentum
11.43555744767185  21.57146331809599  -38.14120259430506
-29.775390526636937  -30.38148660241656  5.276812090614813
-4.4779715986801465  12.432157010603937  49.13046410081904
-28.267774206173627  34.94056006643888  -24.598440441410066
-29.65666789094543  -24.5917330639584  25.427367216357705
17.86418242556439  -7.89155937139986  5.826349773157698
-37.339245255399064  -26.736472210829014  0.905555225454945
51.36295898067787  -34.7960590954158  -9.712142293539598
13.012757038591156  57.79118768091807  44.45515655395446
25.069521937234622  8.100250593759851  -7.9054057945831575
-12.167029040909423  2.6322864474919103  -49.07334785393834
5.135030817113615  -8.91984793849967  -4.334731809084745
5.407774500009009  -3.700362221938438  -2.291999086697342
1.7596348768248564  7.213250442782856  3.7245955967759565
10.268629736473656  -8.07920631490656  1.8481827777464392
