C   2.9929992543  -3.9946887565  -0.4491417187
O   0.6121754810  -2.7846264943  -0.8315142595
C   0.0506538168  -0.6636895674  0.4514345584
C   1.8776150005  1.5576166831  -0.1124543892
F   4.0994600695  1.1209082135  0.9776846052
F   2.2523968838  1.7788567366  -2.5790964978
F   1.0035042413  3.7331141883  0.7577522955
C   -2.7329998278  -0.0449445324  -0.1811134382
F   -4.1508599710  -2.0659541518  0.1987047447
F   -3.5955157717  1.7996000678  1.2735573933
F   -2.9572846560  0.6596801199  -2.5762348141
F   0.1595519692  -1.0108722785  3.0068571971
H   2.7659927041  -5.8646892817  -1.2396595215
H   4.4806048647  -2.9948181308  -1.4416256266
H   3.4251142338  -4.1272396563  1.5480248344
momentum
-19.56822228279526  -7.629425470919215  -18.055535324274043
35.09776108181861  -30.170826171639444  7.131123786399915
-17.51590967385175  23.755316177911844  32.052518604425785
-31.517341202515095  -6.90246246140944  36.04952818877008
-15.961074260778338  31.02122197599712  -7.684030808526805
32.159890338661356  -10.004372823811785  -22.790667385934313
2.6502004625250177  19.981564157222884  27.485041478266165
0.5539645643395098  -3.5074354337231455  -14.023425052448639
4.32979800261301  47.42881471027806  47.64921224697524
-23.38589131508927  -30.877723481753264  -17.685515311157623
1.2691005803433855  4.027238744034058  -45.148107127558234
34.51249233490217  -17.642345034618295  -7.634569351914162
8.094770388023148  -6.41552239783841  -6.6382155696458165
-2.98758767458429  -16.46709923024598  -12.499859676331473
-7.864570678741446  4.586619115604443  1.9931701841840899
