C   2.9929992543  -3.9946887565  -0.4491417187
O   0.6121754810  -2.7846264943  -0.8315142595
C   0.0506538168  -0.6636895674  0.4514345584
C   1.8776150005  1.5576166831  -0.1124543892
F   4.0994600695  1.1209082135  0.9776846052
F   2.2523968838  1.7788567366  -2.5790964978
F   1.0035042413  3.7331141883  0.7577522955
C   -2.7329998278  -0.0449445324  -0.1811134382
F   -4.1508599710  -2.0659541518  0.1987047447
F   -3.5955157717  1.7996000678  1.2735573933
F   -2.9572846560  0.6596801199  -2.5762348141
F   0.1595519692  -1.0108722785  3.0068571971
H   2.7659927041  -5.8646892817  -1.2396595215
H   4.4806048647  -2.9948181308  -1.4416256266
H   3.4251142338  -4.1272396563  1.5480248344
momentum
-24.676418056998667  -29.023461644919884  -2.1286042666265304
30.27392564812449  17.03335641472798  -13.961226054739324
-25.659367549147234  25.865466907374184  28.39967754519884
-35.13338852312455  19.420679242853762  20.640476803680656
4.805341364307742  14.69162868038923  -17.637629207057465
-8.223486819314548  -33.310076842961955  15.802544681840988
12.221849614395905  8.48715467335414  41.885192893929
-36.146103717805936  -21.69799352208763  -5.831681997715132
27.813513641268393  -22.21557565964904  0.7555614027130703
-2.768920709492534  57.76081753906114  -13.716651428965639
-2.2382796282823683  -8.471515441480548  -41.26869158716742
59.75822900164687  -20.261275179397625  -17.986387071057937
-3.3001413419818872  -7.375692883951589  2.7211305139063753
-3.9169732466045852  -3.822122357637318  1.2342443955561184
7.031902326671974  3.010678185414662  1.0519681640319007
