C   2.9929992543  -3.9946887565  -0.4491417187
O   0.6121754810  -2.7846264943  -0.8315142595
C   0.0506538168  -0.6636895674  0.4514345584
C   1.8776150005  1.5576166831  -0.1124543892
F   4.0994600695  1.1209082135  0.9776846052
F   2.2523968838  1.7788567366  -2.5790964978
F   1.0035042413  3.7331141883  0.7577522955
C   -2.7329998278  -0.0449445324  -0.1811134382
F   -4.1508599710  -2.0659541518  0.1987047447
F   -3.5955157717  1.7996000678  1.2735573933
F   -2.9572846560  0.6596801199  -2.5762348141
F   0.1595519692  -1.0108722785  3.0068571971
H   2.7659927041  -5.8646892817  -1.2396595215
H   4.4806048647  -2.9948181308  -1.4416256266
H   3.4251142338  -4.1272396563  1.5480248344
momentum
24.483075478631868  23.703854161313615  4.009724917392236
58.032375332288375  22.708534566749993  55.14619831662921
-0.9498959565491009  22.380240927328014  2.445893096216417
-3.0602429034848897  -0.7412556682897948  40.20528904090532
-12.4172826682559  -56.402878746123186  30.830718780530773
-64.8318545471813  -13.25991242110786  -60.982629952138396
25.02687245574838  -5.049227620376568  -15.849302036316063
4.402399383089599  7.2703206057690775  24.13553184712459
-31.804715012599807  -3.3299819144778193  -19.041694069066875
-6.655030512497085  -10.686645561156261  18.26060443998965
9.472919256157395  17.44398669957653  -39.965271491554084
11.482473741641146  -13.887382640138696  -30.79211619081835
-10.524916158193289  4.609609844037028  -0.6958903394911264
-1.1391381414703912  -4.861414574871118  -2.734109021418758
-1.345913310820135  9.545714928576674  -5.343063524554121
