C   2.9929992543  -3.9946887565  -0.4491417187
O   0.6121754810  -2.7846264943  -0.8315142595
C   0.0506538168  -0.6636895674  0.4514345584
C   1.8776150005  1.5576166831  -0.1124543892
F   4.0994600695  1.1209082135  0.9776846052
F   2.2523968838  1.7788567366  -2.5790964978
F   1.0035042413  3.7331141883  0.7577522955
C   -2.7329998278  -0.0449445324  -0.1811134382
F   -4.1508599710  -2.0659541518  0.1987047447
F   -3.5955157717  1.7996000678  1.2735573933
F   -2.9572846560  0.6596801199  -2.5762348141
F   0.1595519692  -1.0108722785  3.0068571971
H   2.7659927041  -5.8646892817  -1.2396595215
H   4.4806048647  -2.9948181308  -1.4416256266
H   3.4251142338  -4.1272396563  1.5480248344
momentum
15.77107166114204  0.6094551123055787  -29.712023953179834
-5.713958054028264  -17.036655616356818  -32.08247667302012
-28.720300645346942  -0.7646820834005632  13.158662869868868
-4.935510276599543  -5.397406671926707  -38.19236741280786
-45.72206517375675  -75.99865028876951  -47.1725812261009
91.08742337765925  16.386668705464675  8.612604245747637
-2.893003188880144  55.90942098069902  62.36373553821608
12.026137067137777  -18.28637014425859  7.32893304838375
31.14852497802825  -20.523054226588926  8.74063599312415
-4.461023399558283  15.518526734410825  -13.84420873121524
-32.65420364742583  -28.369764883530927  19.068160082724653
-26.756706846882658  67.44338196155138  31.72094147201304
6.497118951519394  -0.70154466175918  -3.964222660066897
-2.5081449217513914  2.3912572272986345  7.301599640634849
-2.3700419986825536  8.68038954019092  6.979725024253718
