C   2.9929992543  -3.9946887565  -0.4491417187
O   0.6121754810  -2.7846264943  -0.8315142595
C   0.0506538168  -0.6636895674  0.4514345584
C   1.8776150005  1.5576166831  -0.1124543892
F   4.0994600695  1.1209082135  0.9776846052
F   2.2523968838  1.7788567366  -2.5790964978
F   1.0035042413  3.7331141883  0.7577522955
C   -2.7329998278  -0.0449445324  -0.1811134382
F   -4.1508599710  -2.0659541518  0.1987047447
F   -3.5955157717  1.7996000678  1.2735573933
F   -2.9572846560  0.6596801199  -2.5762348141
F   0.1595519692  -1.0108722785  3.0068571971
H   2.7659927041  -5.8646892817  -1.2396595215
H   4.4806048647  -2.9948181308  -1.4416256266
H   3.4251142338  -4.1272396563  1.5480248344
momentum
22.52827325887128  18.631659692073242  -16.712403023620638
-42.25590429869473  -21.572484019708774  19.74010739229555
55.745836042561876  -35.05794554840784  -25.006117954221804
22.27188203031642  -27.883619618139942  1.4901723631603252
-29.769850181575773  -7.652317161690664  3.040932530810644
-40.516669733696716  -6.121011663521411  12.295762067598712
1.6220182215687737  58.34729313665077  24.66025390306021
4.593728919069601  10.057719615759229  52.89409228242932
-0.2218917234656161  -10.369268500964585  2.0033261719441775
-35.19343876137503  7.96854702070253  -49.0738976504936
49.25497631002315  -4.327706944124358  -2.548842325999271
28.081835661545497  14.68887286030284  -12.777812839757058
-7.832483073917884  -1.9954387077798006  -4.010053880281247
-6.764470904681727  2.697424979627784  -0.77186841943622
-20.730512403199924  2.385402860391127  -5.45772441560942
