C   2.9929992543  -3.9946887565  -0.4491417187
O   0.6121754810  -2.7846264943  -0.8315142595
C   0.0506538168  -0.6636895674  0.4514345584
C   1.8776150005  1.5576166831  -0.1124543892
F   4.0994600695  1.1209082135  0.9776846052
F   2.2523968838  1.7788567366  -2.5790964978
F   1.0035042413  3.7331141883  0.7577522955
C   -2.7329998278  -0.0449445324  -0.1811134382
F   -4.1508599710  -2.0659541518  0.1987047447
F   -3.5955157717  1.7996000678  1.2735573933
F   -2.9572846560  0.6596801199  -2.5762348141
F   0.1595519692  -1.0108722785  3.0068571971
H   2.7659927041  -5.8646892817  -1.2396595215
H   4.4806048647  -2.9948181308  -1.4416256266
H   3.4251142338  -4.1272396563  1.5480248344
momentum
-15.401732481520481  -16.23778699843607  -20.439312437329612
15.362661614610841  -78.54948050518388  -5.740743932415201
52.74674900028792  0.8527874545692207  38.39723890459815
9.732130245437844  28.940713373824906  59.81132068543879
27.79281755625275  -14.048293172641857  -17.055632754620177
-1.7854100069295595  0.8965100080007512  -18.553819413602373
-36.32382114986136  35.20044021554513  -9.458746604686288
-22.398988997963002  6.507550788037151  11.753450329369088
-8.167854787514484  21.13203758712892  -69.2141873795824
26.327216966421407  -15.129764551620381  -55.84408353406792
-48.948836415015116  2.260516859836903  70.2682813575105
-9.962761975974157  27.08024379384405  18.903689713825397
9.680770152781033  11.502719046915491  -0.2356478009684916
-6.985410746394429  -15.070328819220707  -4.1994983030352415
8.0073866144284  4.975333438684698  1.4225125057928285
