C   2.9929992543  -3.9946887565  -0.4491417187
O   0.6121754810  -2.7846264943  -0.8315142595
C   0.0506538168  -0.6636895674  0.4514345584
C   1.8776150005  1.5576166831  -0.1124543892
F   4.0994600695  1.1209082135  0.9776846052
F   2.2523968838  1.7788567366  -2.5790964978
F   1.0035042413  3.7331141883  0.7577522955
C   -2.7329998278  -0.0449445324  -0.1811134382
F   -4.1508599710  -2.0659541518  0.1987047447
F   -3.5955157717  1.7996000678  1.2735573933
F   -2.9572846560  0.6596801199  -2.5762348141
F   0.1595519692  -1.0108722785  3.0068571971
H   2.7659927041  -5.8646892817  -1.2396595215
H   4.4806048647  -2.9948181308  -1.4416256266
H   3.4251142338  -4.1272396563  1.5480248344
momentum
15.129510916970474  14.283966206418961  -46.36401930899015
-2.442212529105922  -18.9387124253403  14.865913481059348
2.6105946853213426  20.503376872568285  4.390023976079475
53.47775836332238  23.755560023794484  43.15233839965522
-9.691188586737958  -55.414475156548164  -1.177700082601308
-7.091617087830873  18.65031273835225  -13.453564981601032
65.48670280227935  -21.255041598230065  12.129331035809797
-14.524705032844826  21.378866486257586  -9.192919014666797
13.6407338901746  -54.12815323116827  38.122268865335165
-51.560071042078654  -15.098407115925234  -18.258662295399095
-6.4979471915772224  -19.958262665365815  -9.074125568117031
-51.73928200376122  84.46790223453849  -1.1984131334589843
7.652823405932045  -8.741714243373993  -4.854501080453175
-7.359597333741492  5.852013331721822  -1.5423241163483223
-6.959192649504063  4.510178713293418  -7.613895731350697
