C   2.9929992543  -3.9946887565  -0.4491417187
O   0.6121754810  -2.7846264943  -0.8315142595
C   0.0506538168  -0.6636895674  0.4514345584
C   1.8776150005  1.5576166831  -0.1124543892
F   4.0994600695  1.1209082135  0.9776846052
F   2.2523968838  1.7788567366  -2.5790964978
F   1.0035042413  3.7331141883  0.7577522955
C   -2.7329998278  -0.0449445324  -0.1811134382
F   -4.1508599710  -2.0659541518  0.1987047447
F   -3.5955157717  1.7996000678  1.2735573933
F   -2.9572846560  0.6596801199  -2.5762348141
F   0.1595519692  -1.0108722785  3.0068571971
H   2.7659927041  -5.8646892817  -1.2396595215
H   4.4806048647  -2.9948181308  -1.4416256266
H   3.4251142338  -4.1272396563  1.5480248344
momentum
8.857997303561607  -25.379801279777706  18.96166662744007
8.027840591615451  -5.425359532391722  -20.523064921715115
-2.4031311927232806  39.36818881749121  -27.293564721538374
38.91688050963998  -10.612072171475084  -25.343089357335653
49.532950261554085  12.436761119697675  -14.105373757805188
27.33683882295205  -9.819333767129619  13.261007539235399
-2.421925077239543  4.558680952903131  18.26869867974448
-39.5026477892942  9.540699915208677  39.793581855910716
5.150051692438789  8.641667669827443  -30.80846602690373
-50.29274643967931  -27.971518178504475  -8.540540230556568
-30.837897566036684  1.534890101185056  26.66909391344997
-16.89256850457666  8.881657964312849  12.375793266067436
6.573194878353147  -8.91254892268994  11.082829679659305
-1.9121227646665446  3.5130832133647982  -11.521971734516637
-0.2487510600313873  0.41960032457194596  -2.762740690799072
