C   2.9929992543  -3.9946887565  -0.4491417187
O   0.6121754810  -2.7846264943  -0.8315142595
C   0.0506538168  -0.6636895674  0.4514345584
C   1.8776150005  1.5576166831  -0.1124543892
F   4.0994600695  1.1209082135  0.9776846052
F   2.2523968838  1.7788567366  -2.5790964978
F   1.0035042413  3.7331141883  0.7577522955
C   -2.7329998278  -0.0449445324  -0.1811134382
F   -4.1508599710  -2.0659541518  0.1987047447
F   -3.5955157717  1.7996000678  1.2735573933
F   -2.9572846560  0.6596801199  -2.5762348141
F   0.1595519692  -1.0108722785  3.0068571971
H   2.7659927041  -5.8646892817  -1.2396595215
H   4.4806048647  -2.9948181308  -1.4416256266
H   3.4251142338  -4.1272396563  1.5480248344
momentum
41.69859732083493  -3.2132115567737607  5.363694249772695
-10.167244555380151  52.2100785091318  -34.18437184958149
-13.53594883182365  -4.4875961657499746  18.268941672069975
-2.676263854821545  -27.52061038132848  0.06303514317259239
-55.61199242267828  -7.371816607144053  -20.596516605627283
-4.233520841772073  -60.409854492549535  19.419760811472496
-18.89608688088939  17.467086598256007  -41.19383871581562
-10.216174400850981  36.26971500172749  50.37300822900357
26.09514246600731  -20.20079154228298  9.257148150783898
-13.756816517016533  5.640410487134276  14.146721627903391
62.95421619091709  36.732735094922724  -28.132643267960365
-5.611708977126033  -28.174528982187656  16.55529916958939
6.046649109011575  16.8448592128668  1.6836222508328325
-2.532340370419031  -7.276899935632385  -5.491796996628839
0.7664400441650887  -6.439740978334838  -5.678021404763231
