C   2.9929992543  -3.9946887565  -0.4491417187
O   0.6121754810  -2.7846264943  -0.8315142595
C   0.0506538168  -0.6636895674  0.4514345584
C   1.8776150005  1.5576166831  -0.1124543892
F   4.0994600695  1.1209082135  0.9776846052
F   2.2523968838  1.7788567366  -2.5790964978
F   1.0035042413  3.7331141883  0.7577522955
C   -2.7329998278  -0.0449445324  -0.1811134382
F   -4.1508599710  -2.0659541518  0.1987047447
F   -3.5955157717  1.7996000678  1.2735573933
F   -2.9572846560  0.6596801199  -2.5762348141
F   0.1595519692  -1.0108722785  3.0068571971
H   2.7659927041  -5.8646892817  -1.2396595215
H   4.4806048647  -2.9948181308  -1.4416256266
H   3.4251142338  -4.1272396563  1.5480248344
momentum
39.71156081796747  21.474751164783324  -6.229682285885726
-25.217178305708305  60.878558526231664  22.480573672625866
-1.499995675022411  14.370071578320111  -17.992813562322755
2.7914734471648783  15.512613116261466  -9.519922165830257
-23.490616410055317  -22.706190677901397  34.003097821605756
4.789275625058698  -33.67866316366873  -38.19255608402808
6.2902553585802545  -30.7895112302469  -34.363586779683374
-27.77014754367993  -9.499039205323482  47.90754046180942
31.75588213338604  25.24568896503434  13.352433783611252
16.431170628644466  -37.097639737811136  24.890854761121766
22.10383313011347  20.259909221914857  -34.056461602692075
-63.136729314938464  -16.74223834907607  16.95640886446665
3.983923475338694  -4.534177411451532  -8.379422952617707
9.338578200387827  -2.983309786531738  -15.75322306946507
3.773242576754513  0.9429955239211901  4.5605152361073955
