C   2.9929992543  -3.9946887565  -0.4491417187
O   0.6121754810  -2.7846264943  -0.8315142595
C   0.0506538168  -0.6636895674  0.4514345584
C   1.8776150005  1.5576166831  -0.1124543892
F   4.0994600695  1.1209082135  0.9776846052
F   2.2523968838  1.7788567366  -2.5790964978
F   1.0035042413  3.7331141883  0.7577522955
C   -2.7329998278  -0.0449445324  -0.1811134382
F   -4.1508599710  -2.0659541518  0.1987047447
F   -3.5955157717  1.7996000678  1.2735573933
F   -2.9572846560  0.6596801199  -2.5762348141
F   0.1595519692  -1.0108722785  3.0068571971
H   2.7659927041  -5.8646892817  -1.2396595215
H   4.4806048647  -2.9948181308  -1.4416256266
H   3.4251142338  -4.1272396563  1.5480248344
momentum
11.940184384989383  -33.42860639524727  -16.139638903075582
-12.122114540014064  28.37778463504821  18.464158733248947
12.294441959735122  -52.102811960197094  -46.71588568210927
-33.86462564910365  14.606331729853087  21.043927062374276
2.1629116649616313  -48.562480721337934  -1.2726870256047789
-75.69355747536666  13.13035057334486  12.81730591225386
-29.20768209012774  24.515817964564437  22.42140237580556
-13.854783277883442  -15.318985308694236  -22.74337335316263
12.004795184013986  34.009062558265825  25.575570199935722
57.307327056427155  -1.0388484383851566  -20.432741737883994
48.25885566364672  3.152379884609546  -8.96218197653902
5.700629995256  21.205333686288466  -8.642311271903127
-0.45131437882016845  6.55730358659495  11.241304237318039
-2.92180082963306  -8.206730201462236  14.642735009793059
18.802949659078546  12.520581230694384  -1.2820788351790424
