C   2.9929992543  -3.9946887565  -0.4491417187
O   0.6121754810  -2.7846264943  -0.8315142595
C   0.0506538168  -0.6636895674  0.4514345584
C   1.8776150005  1.5576166831  -0.1124543892
F   4.0994600695  1.1209082135  0.9776846052
F   2.2523968838  1.7788567366  -2.5790964978
F   1.0035042413  3.7331141883  0.7577522955
C   -2.7329998278  -0.0449445324  -0.1811134382
F   -4.1508599710  -2.0659541518  0.1987047447
F   -3.5955157717  1.7996000678  1.2735573933
F   -2.9572846560  0.6596801199  -2.5762348141
F   0.1595519692  -1.0108722785  3.0068571971
H   2.7659927041  -5.8646892817  -1.2396595215
H   4.4806048647  -2.9948181308  -1.4416256266
H   3.4251142338  -4.1272396563  1.5480248344
momentum
-27.649676419394833  25.03581153399377  -57.32913108293818
26.81111246237703  -8.946334874982925  -9.349440305557385
21.362643464417218  -43.88760136396352  -17.106059461167817
-15.859599352000194  -3.9741519445614175  -32.03766132786137
44.61143850132439  10.433123904680354  32.68117559398408
29.255070272438033  -16.129402615936993  12.237477802099686
-19.36640782466975  41.42652328765507  -44.19513442622777
-50.2210254060133  56.77905653462443  4.557331639883755
14.633774046201609  22.253180420850143  28.070083235241544
13.014627894313191  -57.393916015435124  28.16756415253509
19.667569551501593  -7.038203513776614  16.176552310327725
-66.13108136948138  -8.553998795849218  13.976400964965723
11.689290534245734  -5.293440704619756  9.412596305717338
10.544010653469691  -4.115115978925781  4.268990220578567
-12.828439276482847  0.7971119761541436  10.11565687329726
