C   2.9929992543  -3.9946887565  -0.4491417187
O   0.6121754810  -2.7846264943  -0.8315142595
C   0.0506538168  -0.6636895674  0.4514345584
C   1.8776150005  1.5576166831  -0.1124543892
F   4.0994600695  1.1209082135  0.9776846052
F   2.2523968838  1.7788567366  -2.5790964978
F   1.0035042413  3.7331141883  0.7577522955
C   -2.7329998278  -0.0449445324  -0.1811134382
F   -4.1508599710  -2.0659541518  0.1987047447
F   -3.5955157717  1.7996000678  1.2735573933
F   -2.9572846560  0.6596801199  -2.5762348141
F   0.1595519692  -1.0108722785  3.0068571971
H   2.7659927041  -5.8646892817  -1.2396595215
H   4.4806048647  -2.9948181308  -1.4416256266
H   3.4251142338  -4.1272396563  1.5480248344
momentum
-25.408060291462192  -0.361852743908316  -25.38435865714105
-26.732167721922053  -14.426874678795372  0.6449181689778839
38.65217671077184  19.74962242390436  6.295611987876182
29.918560425831522  -12.726034037876044  -19.25470658218829
24.38327025129707  63.2351390227153  3.86803315853211
14.274893187910237  21.192480082375113  21.57504764325715
40.34753072527918  -3.7740048713834433  -38.586215709404264
-16.989011540714085  9.60171875824824  -23.794393660727277
-2.675514372401203  -2.834460209521519  0.11010854006063467
-5.389075465977313  -28.189964672216284  12.699502677141272
15.606378638372549  -32.03769122653294  53.50587374555304
-87.25271812762934  -19.515404239538583  8.134569118835588
9.24955229613271  -1.7637342074581508  13.356019547098548
-10.304644958036741  8.904998418591319  -1.8069865153314772
2.453922547686739  -7.282279895615493  -11.556058869596573
