C   2.9929992543  -3.9946887565  -0.4491417187
O   0.6121754810  -2.7846264943  -0.8315142595
C   0.0506538168  -0.6636895674  0.4514345584
C   1.8776150005  1.5576166831  -0.1124543892
F   4.0994600695  1.1209082135  0.9776846052
F   2.2523968838  1.7788567366  -2.5790964978
F   1.0035042413  3.7331141883  0.7577522955
C   -2.7329998278  -0.0449445324  -0.1811134382
F   -4.1508599710  -2.0659541518  0.1987047447
F   -3.5955157717  1.7996000678  1.2735573933
F   -2.9572846560  0.6596801199  -2.5762348141
F   0.1595519692  -1.0108722785  3.0068571971
H   2.7659927041  -5.8646892817  -1.2396595215
H   4.4806048647  -2.9948181308  -1.4416256266
H   3.4251142338  -4.1272396563  1.5480248344
momentum
3.975943665463327  12.228873216773067  8.42787873787788
50.05730821436123  28.681861252261935  -25.726272343024874
22.244203019031705  0.47645975423354464  1.249407432866807
4.991230712292778  6.041523004193781  -22.504264541853257
4.556443698637245  -38.215696224379876  1.5632291601502375
-1.6924618478925424  -50.815321986840225  28.730898207171865
-19.169896831065024  22.835910204244104  2.2398563342374493
24.135444102686265  10.800932842705556  8.923063517308913
-25.44292217750976  -11.130246865431658  13.989488031172382
-6.856191861568417  14.71020565297963  0.10085750615462702
-26.02170972895966  6.019261837222561  15.47834667734918
-36.17823812705478  -13.908727113928409  -37.29479845332614
1.7410876590195457  4.72466549416875  9.425228652042112
-0.537049425269587  1.7058704811489147  -8.223688691890796
4.187838256813087  5.74461576893165  3.03419480288298
