C   2.9929992543  -3.9946887565  -0.4491417187
O   0.6121754810  -2.7846264943  -0.8315142595
C   0.0506538168  -0.6636895674  0.4514345584
C   1.8776150005  1.5576166831  -0.1124543892
F   4.0994600695  1.1209082135  0.9776846052
F   2.2523968838  1.7788567366  -2.5790964978
F   1.0035042413  3.7331141883  0.7577522955
C   -2.7329998278  -0.0449445324  -0.1811134382
F   -4.1508599710  -2.0659541518  0.1987047447
F   -3.5955157717  1.7996000678  1.2735573933
F   -2.9572846560  0.6596801199  -2.5762348141
F   0.1595519692  -1.0108722785  3.0068571971
H   2.7659927041  -5.8646892817  -1.2396595215
H   4.4806048647  -2.9948181308  -1.4416256266
H   3.4251142338  -4.1272396563  1.5480248344
momentum
13.263133851620962  -13.72658043293268  19.507669432931248
-41.169451898773666  -48.513393229543276  23.510517164848686
28.7490529252272  10.28756209448204  -1.2631566555113105
28.709373356983885  22.07306901962535  -15.219821349965743
-52.445317170460875  -12.905512197599634  -0.6224552280570546
12.34315781441237  67.47604494450451  -13.739548503116184
-31.309937847211813  -96.23390963797844  14.73238189494903
44.315975792322355  3.019312904503087  6.213731862881939
-28.69033589834203  -9.472126890731275  43.29254213740695
52.36858503591043  18.781686883176324  1.4863825822975703
-8.558126064410468  6.243276406265481  -43.71416206167633
-21.665487171432567  14.424801355136687  -31.737502838923724
11.27666417022438  20.116066311530115  -7.845853956086908
-8.890458495385305  14.259247788153774  -4.058779089940503
1.5208408803927012  3.662814132946014  9.747524139637692
