C   2.9929992543  -3.9946887565  -0.4491417187
O   0.6121754810  -2.7846264943  -0.8315142595
C   0.0506538168  -0.6636895674  0.4514345584
C   1.8776150005  1.5576166831  -0.1124543892
F   4.0994600695  1.1209082135  0.9776846052
F   2.2523968838  1.7788567366  -2.5790964978
F   1.0035042413  3.7331141883  0.7577522955
C   -2.7329998278  -0.0449445324  -0.1811134382
F   -4.1508599710  -2.0659541518  0.1987047447
F   -3.5955157717  1.7996000678  1.2735573933
F   -2.9572846560  0.6596801199  -2.5762348141
F   0.1595519692  -1.0108722785  3.0068571971
H   2.7659927041  -5.8646892817  -1.2396595215
H   4.4806048647  -2.9948181308  -1.4416256266
H   3.4251142338  -4.1272396563  1.5480248344
momentum
9.965326836492084  2.0853729719846705  10.606423044657708
14.999540836085156  28.778513178466543  -30.975866183001447
-38.1492463084095  -6.591525072455039  -27.220192521234875
33.26134829873872  -10.456743190609016  12.8393566564415
-6.435818622125365  -27.211130641840946  -9.216591605662629
0.3405981753430636  -19.14303630024107  -20.572445142614264
-66.31807669068357  -16.677670373388686  24.55474477098146
37.38761020515408  -34.33943258879828  13.09826361080207
13.228474566349973  55.588606700614264  17.703687224994763
-16.67472113004518  17.23777154629451  16.01165878225342
18.495946110902956  -8.647144065974112  3.82676503292603
3.233741218588782  10.197094166807567  -22.317598495928927
5.13403492162691  1.080776526187122  7.943912255434291
0.3335664169765544  5.596554060551069  -8.482855646503465
-9.086208682191808  2.956378322924205  12.140243879385975
