C   2.9929992543  -3.9946887565  -0.4491417187
O   0.6121754810  -2.7846264943  -0.8315142595
C   0.0506538168  -0.6636895674  0.4514345584
C   1.8776150005  1.5576166831  -0.1124543892
F   4.0994600695  1.1209082135  0.9776846052
F   2.2523968838  1.7788567366  -2.5790964978
F   1.0035042413  3.7331141883  0.7577522955
C   -2.7329998278  -0.0449445324  -0.1811134382
F   -4.1508599710  -2.0659541518  0.1987047447
F   -3.5955157717  1.7996000678  1.2735573933
F   -2.9572846560  0.6596801199  -2.5762348141
F   0.1595519692  -1.0108722785  3.0068571971
H   2.7659927041  -5.8646892817  -1.2396595215
H   4.4806048647  -2.9948181308  -1.4416256266
H   3.4251142338  -4.1272396563  1.5480248344
momentum
17.743181757651644  12.171109103877122  -15.909149552632803
-28.987304039372912  43.36293961252797  -7.028742483438634
62.15998899912123  48.37608343772633  22.82288851926353
-29.024378036524762  -15.87004928519137  -13.632406408003947
30.23404095562119  -62.93909637196512  26.52684466609359
-71.53402731361635  -21.615746620601765  15.333343681133492
29.509321088856062  11.064163950854219  -23.696672945432027
22.44086686924798  -13.688550074525345  29.657144500312235
17.365980447942704  -14.540129362754866  -46.438852995228565
-15.30612314838347  -34.528727936103884  -16.588110500693325
-14.290815570042525  16.241505133989552  6.860540206960768
-24.338431131427548  38.279836893329055  19.598756336416017
-0.1933489023307411  -1.284228574205713  6.231523956741547
15.051719249639756  -8.98837598293212  -8.839721622773753
-10.699886226282267  4.337804703632978  4.571517018558862
