C   2.9929992543  -3.9946887565  -0.4491417187
O   0.6121754810  -2.7846264943  -0.8315142595
C   0.0506538168  -0.6636895674  0.4514345584
C   1.8776150005  1.5576166831  -0.1124543892
F   4.0994600695  1.1209082135  0.9776846052
F   2.2523968838  1.7788567366  -2.5790964978
F   1.0035042413  3.7331141883  0.7577522955
C   -2.7329998278  -0.0449445324  -0.1811134382
F   -4.1508599710  -2.0659541518  0.1987047447
F   -3.5955157717  1.7996000678  1.2735573933
F   -2.9572846560  0.6596801199  -2.5762348141
F   0.1595519692  -1.0108722785  3.0068571971
H   2.7659927041  -5.8646892817  -1.2396595215
H   4.4806048647  -2.9948181308  -1.4416256266
H   3.4251142338  -4.1272396563  1.5480248344
momentum
18.950422943404142  0.6283178177820261  -21.157905250767808
-30.071789823495703  -29.335817447590028  -11.42991190254989
30.75159136585677  -4.543957890789171  -13.034818104677244
15.841280513124213  2.777901448381032  58.354363592837565
-31.509258531743555  -10.846865913303283  -12.420025570071799
17.18434115036274  -25.996208784498922  -16.72283620580986
-42.34147424622226  25.640267377688826  -23.199507015995096
20.442462626539676  10.27049656720428  -44.42128129122333
24.605962526243417  50.09888893724039  -16.983239199832575
-31.20582675967245  -24.712554271975165  29.139725046652096
13.102530374045962  -9.064812371511762  54.98571156515036
1.8858132679881714  18.60598543069879  9.330622615594056
-10.466141546699932  -12.893653160134992  1.9808664969906133
-1.0795227846081252  6.236905500378489  -1.4798806502807904
3.9827166105958143  2.7797006093859404  7.0559550977931185
