C   2.9929992543  -3.9946887565  -0.4491417187
O   0.6121754810  -2.7846264943  -0.8315142595
C   0.0506538168  -0.6636895674  0.4514345584
C   1.8776150005  1.5576166831  -0.1124543892
F   4.0994600695  1.1209082135  0.9776846052
F   2.2523968838  1.7788567366  -2.5790964978
F   1.0035042413  3.7331141883  0.7577522955
C   -2.7329998278  -0.0449445324  -0.1811134382
F   -4.1508599710  -2.0659541518  0.1987047447
F   -3.5955157717  1.7996000678  1.2735573933
F   -2.9572846560  0.6596801199  -2.5762348141
F   0.1595519692  -1.0108722785  3.0068571971
H   2.7659927041  -5.8646892817  -1.2396595215
H   4.4806048647  -2.9948181308  -1.4416256266
H   3.4251142338  -4.1272396563  1.5480248344
momentum
-35.897062229910325  -0.2626740657072443  -3.9877832630080423
-5.745411406800324  -48.128982374662556  -36.667512963430646
16.518538365610492  -26.971777276471645  5.125913345572533
6.9001904970808745  12.996258387312565  -3.4017394360707884
14.494228473980348  -8.206566110092039  -12.937340553026637
24.96644046429009  29.027443314235185  13.200690603062592
-18.229754781997  -3.7041569543716375  5.529593548708519
22.23245162738013  40.54431543247403  29.337163344607852
4.308230707856978  -16.126562380606263  2.1489352453263026
-28.181587894819117  7.751052325910983  -47.82670530492402
-26.542968713877936  -8.026161493063817  13.58983428614705
11.197792561644416  14.83195742843136  31.05790208996761
5.996880833827735  1.9065496527654706  4.727370955243453
6.3148408282201345  2.5751865438741395  7.657215395757197
1.7597001359439484  1.8747604851106132  -7.12540178816323
