C   2.9929992543  -3.9946887565  -0.4491417187
O   0.6121754810  -2.7846264943  -0.8315142595
C   0.0506538168  -0.6636895674  0.4514345584
C   1.8776150005  1.5576166831  -0.1124543892
F   4.0994600695  1.1209082135  0.9776846052
F   2.2523968838  1.7788567366  -2.5790964978
F   1.0035042413  3.7331141883  0.7577522955
C   -2.7329998278  -0.0449445324  -0.1811134382
F   -4.1508599710  -2.0659541518  0.1987047447
F   -3.5955157717  1.7996000678  1.2735573933
F   -2.9572846560  0.6596801199  -2.5762348141
F   0.1595519692  -1.0108722785  3.0068571971
H   2.7659927041  -5.8646892817  -1.2396595215
H   4.4806048647  -2.9948181308  -1.4416256266
H   3.4251142338  -4.1272396563  1.5480248344
momentum
4.719445425700073  26.789609616576946  -1.364285010747195
-13.38123560849171  28.538687440346923  -19.81103015230097
-16.452968030942596  22.483663285074535  -4.08747107929264
-10.715383413123831  -45.207158941805744  1.339855614082342
-23.94580001664386  -0.11689418333703579  21.317968347677066
-6.699418456862353  -79.56813414432098  3.8413023475598598
-69.63040621013063  -25.956589730706305  31.693993369548412
69.02227739922726  -3.351524589321327  8.571929025036077
-12.35694239658513  -30.91406865408869  8.330940865323244
52.417263648130834  26.526551369965986  -6.479628966672933
1.0035811023345802  31.57509178754439  3.962134688481196
20.987767178191135  39.82179577931355  -43.67215768592293
-0.936010095329936  0.0513455831581908  -1.8606551151139668
6.199244917702458  0.41447740072022576  -1.7237502123081325
0.35984145926246186  8.804643612641996  0.3062481310303789
