C   2.9929992543  -3.9946887565  -0.4491417187
O   0.6121754810  -2.7846264943  -0.8315142595
C   0.0506538168  -0.6636895674  0.4514345584
C   1.8776150005  1.5576166831  -0.1124543892
F   4.0994600695  1.1209082135  0.9776846052
F   2.2523968838  1.7788567366  -2.5790964978
F   1.0035042413  3.7331141883  0.7577522955
C   -2.7329998278  -0.0449445324  -0.1811134382
F   -4.1508599710  -2.0659541518  0.1987047447
F   -3.5955157717  1.7996000678  1.2735573933
F   -2.9572846560  0.6596801199  -2.5762348141
F   0.1595519692  -1.0108722785  3.0068571971
H   2.7659927041  -5.8646892817  -1.2396595215
H   4.4806048647  -2.9948181308  -1.4416256266
H   3.4251142338  -4.1272396563  1.5480248344
momentum
8.590585112383714  16.211440503885896  3.9904414926727805
-38.48938599178163  -20.087398651205547  -52.3691581311809
35.199094142170445  -3.1016544775915094  -13.468288824003118
20.625309796907736  12.309856152209711  68.76948787045208
53.07390287013855  35.13875794321612  -19.13279409156491
-40.514669673594355  -33.47260472826119  40.53621189253478
29.237983434054694  -17.150596018104558  -10.109075629304863
-51.69477759716248  -29.138394142940776  20.21534531954421
-23.883432890560517  -10.620661636958133  19.793467499756023
-27.387540474821087  25.512150839681045  22.326616094101084
27.946743496556277  2.096448442827423  -41.12728089261829
-2.608448813913357  20.03554193351476  -68.47980823850908
4.683038400864706  2.52047801071795  5.342635451891537
-0.5498694009360567  5.3711477160875365  13.332098812809365
5.7274829349656775  -5.901459263670948  10.186466528715593
