C   2.9929992543  -3.9946887565  -0.4491417187
O   0.6121754810  -2.7846264943  -0.8315142595
C   0.0506538168  -0.6636895674  0.4514345584
C   1.8776150005  1.5576166831  -0.1124543892
F   4.0994600695  1.1209082135  0.9776846052
F   2.2523968838  1.7788567366  -2.5790964978
F   1.0035042413  3.7331141883  0.7577522955
C   -2.7329998278  -0.0449445324  -0.1811134382
F   -4.1508599710  -2.0659541518  0.1987047447
F   -3.5955157717  1.7996000678  1.2735573933
F   -2.9572846560  0.6596801199  -2.5762348141
F   0.1595519692  -1.0108722785  3.0068571971
H   2.7659927041  -5.8646892817  -1.2396595215
H   4.4806048647  -2.9948181308  -1.4416256266
H   3.4251142338  -4.1272396563  1.5480248344
momentum
28.634767461200784  18.182361005992362  8.856555263746092
-18.610185871742747  8.485752931771652  -30.34980702579669
-11.543441736864663  -35.24535278497913  10.77370679314453
24.295828009907467  18.808959290414364  20.622314629586146
-5.937155143283207  17.753481804284167  0.7556177901617915
0.5801129456053963  7.253569330871341  5.455133059862246
-30.284008413382264  19.04484536010025  -14.733857434448517
19.019389587478848  -9.721599971048981  -10.806318990115985
-26.029457401740164  12.23608737616232  18.744161422005575
27.2411728298056  19.639839601045  19.795953574291353
6.646388424718372  -16.87375684018746  -13.732444018157498
1.6717966891986376  -27.336823466444834  -26.980448423317394
-12.593975878301867  -21.597480325043605  4.508841517612146
-5.446521002649026  -3.9795592384391734  3.8036849261248387
2.458095937041092  -6.910416210843716  3.23610891003491
