C   2.9929992543  -3.9946887565  -0.4491417187
O   0.6121754810  -2.7846264943  -0.8315142595
C   0.0506538168  -0.6636895674  0.4514345584
C   1.8776150005  1.5576166831  -0.1124543892
F   4.0994600695  1.1209082135  0.9776846052
F   2.2523968838  1.7788567366  -2.5790964978
F   1.0035042413  3.7331141883  0.7577522955
C   -2.7329998278  -0.0449445324  -0.1811134382
F   -4.1508599710  -2.0659541518  0.1987047447
F   -3.5955157717  1.7996000678  1.2735573933
F   -2.9572846560  0.6596801199  -2.5762348141
F   0.1595519692  -1.0108722785  3.0068571971
H   2.7659927041  -5.8646892817  -1.2396595215
H   4.4806048647  -2.9948181308  -1.4416256266
H   3.4251142338  -4.1272396563  1.5480248344
momentum
-3.041873625262784  32.642789859174535  -18.994539096436277
-71.23654948619044  -71.83625513958485  -25.22467415535472
-21.0679753838591  -19.227614478717953  29.60554222368521
27.14421115263424  12.665104858929883  15.694605292377394
16.822923305165595  42.73991672490301  55.64217686935878
13.27712873766606  6.7439396785232715  -47.77818767825871
-27.625448429546996  -34.706195219057825  -62.17662570693039
-18.89058605086493  22.905540598723828  42.249852559604584
17.70008930018805  -2.319301400846816  0.5157288988297923
-5.478111826179294  5.585348054772576  -9.801432280229678
34.02914795409463  33.34138358350319  -10.935988142537571
15.40475400451612  -39.72343881375911  23.65163463181761
-8.199185188926023  6.975621690376447  7.990340174477623
8.29286394744143  8.148196941929342  6.67472238819721
22.56804397323066  -4.745684067779859  -6.415115435074075
