C   2.9929992543  -3.9946887565  -0.4491417187
O   0.6121754810  -2.7846264943  -0.8315142595
C   0.0506538168  -0.6636895674  0.4514345584
C   1.8776150005  1.5576166831  -0.1124543892
F   4.0994600695  1.1209082135  0.9776846052
F   2.2523968838  1.7788567366  -2.5790964978
F   1.0035042413  3.7331141883  0.7577522955
C   -2.7329998278  -0.0449445324  -0.1811134382
F   -4.1508599710  -2.0659541518  0.1987047447
F   -3.5955157717  1.7996000678  1.2735573933
F   -2.9572846560  0.6596801199  -2.5762348141
F   0.1595519692  -1.0108722785  3.0068571971
H   2.7659927041  -5.8646892817  -1.2396595215
H   4.4806048647  -2.9948181308  -1.4416256266
H   3.4251142338  -4.1272396563  1.5480248344
momentum
42.11640302103366  -3.899908518123611  43.8800207379829
-32.04721075183426  58.7105078064113  -38.283071038671274
-25.107655567662334  26.175989552596477  -21.714172513117216
-6.438675002690448  18.95215906072368  -10.43957742028418
-31.935103676551318  -39.49252351594791  4.605903783528382
20.324580468537913  -0.6351084730084031  -40.94937346437265
44.19995152984452  22.36667769555506  -24.746685546058394
-16.56516445692064  7.136374099369946  -1.9643709281820818
17.933518891172465  8.598572743474573  7.230962278787298
-18.444240733580465  18.597964521573036  4.6614036407695565
-7.303234979630182  -35.122813642837635  -7.377000217887176
3.7863078771862924  -105.51170740969468  90.46900011737641
8.363723664386495  25.71113542503142  2.52587298848557
-3.914990456355398  7.157265158892584  -2.360113502994711
4.861137281468792  -9.224361753156796  -5.572076581250829
