C   2.9929992543  -3.9946887565  -0.4491417187
O   0.6121754810  -2.7846264943  -0.8315142595
C   0.0506538168  -0.6636895674  0.4514345584
C   1.8776150005  1.5576166831  -0.1124543892
F   4.0994600695  1.1209082135  0.9776846052
F   2.2523968838  1.7788567366  -2.5790964978
F   1.0035042413  3.7331141883  0.7577522955
C   -2.7329998278  -0.0449445324  -0.1811134382
F   -4.1508599710  -2.0659541518  0.1987047447
F   -3.5955157717  1.7996000678  1.2735573933
F   -2.9572846560  0.6596801199  -2.5762348141
F   0.1595519692  -1.0108722785  3.0068571971
H   2.7659927041  -5.8646892817  -1.2396595215
H   4.4806048647  -2.9948181308  -1.4416256266
H   3.4251142338  -4.1272396563  1.5480248344
momentum
-16.766364922499918  -44.606620084165414  -20.173395165402752
-19.631809989655565  39.335059638711094  16.2093673752476
-20.9449672725024  6.3809840312811845  -20.186063920936107
-38.07570030130477  13.67625841574725  12.780084218688643
-2.418103621207905  3.671276591425674  68.76591532709129
40.08935369365409  31.816535590406804  -58.071284110915926
52.29728458244881  29.239698586565307  -41.29257655547491
-15.187537683184813  -5.646708146516169  0.5332913526666714
29.926971550086602  -22.20146436067293  -18.675954261704
45.4757387225544  -30.708506999885387  -3.9300440593466157
-61.20085405345561  -4.785179766779162  9.585083103924502
2.3644432249910365  -22.870870696832  44.78443962920632
5.822793467987765  3.1275840340225756  10.472693785099006
-2.620746342089354  3.0981410696894716  2.639391741156638
0.8323104719758337  0.5719977404640799  -3.329025897149236
