C   2.9929992543  -3.9946887565  -0.4491417187
O   0.6121754810  -2.7846264943  -0.8315142595
C   0.0506538168  -0.6636895674  0.4514345584
C   1.8776150005  1.5576166831  -0.1124543892
F   4.0994600695  1.1209082135  0.9776846052
F   2.2523968838  1.7788567366  -2.5790964978
F   1.0035042413  3.7331141883  0.7577522955
C   -2.7329998278  -0.0449445324  -0.1811134382
F   -4.1508599710  -2.0659541518  0.1987047447
F   -3.5955157717  1.7996000678  1.2735573933
F   -2.9572846560  0.6596801199  -2.5762348141
F   0.1595519692  -1.0108722785  3.0068571971
H   2.7659927041  -5.8646892817  -1.2396595215
H   4.4806048647  -2.9948181308  -1.4416256266
H   3.4251142338  -4.1272396563  1.5480248344
momentum
62.30292926277265  -14.276969595880049  -22.351709947877914
3.6623492668833553  9.450974838690204  76.85329012023074
3.235880525272105  -30.479661458980363  27.77149173463181
-40.21309806198762  -23.953931286448324  4.615918745286072
34.18649513293168  -54.16095236638149  -42.85948597201714
-21.126058228438318  6.330442701873666  5.204771725933818
-31.127756273005826  -16.16537125218837  26.665489810389538
-35.88677688153472  16.78066142874785  -42.33803060167587
31.735339235224313  -2.999112945378685  10.366868608164978
-49.868008060468775  45.35860127310844  -28.83334863555801
44.21173925097288  32.3550661421796  38.47280490454637
0.55447018844309  12.566319128236758  -55.99761071275484
-13.936748186236109  3.847313061764254  9.151780023712497
6.777173224726283  12.049074414840746  -13.504586506041809
4.606540939792047  3.248497427595624  6.375827396161566
