C   2.9929992543  -3.9946887565  -0.4491417187
O   0.6121754810  -2.7846264943  -0.8315142595
C   0.0506538168  -0.6636895674  0.4514345584
C   1.8776150005  1.5576166831  -0.1124543892
F   4.0994600695  1.1209082135  0.9776846052
F   2.2523968838  1.7788567366  -2.5790964978
F   1.0035042413  3.7331141883  0.7577522955
C   -2.7329998278  -0.0449445324  -0.1811134382
F   -4.1508599710  -2.0659541518  0.1987047447
F   -3.5955157717  1.7996000678  1.2735573933
F   -2.9572846560  0.6596801199  -2.5762348141
F   0.1595519692  -1.0108722785  3.0068571971
H   2.7659927041  -5.8646892817  -1.2396595215
H   4.4806048647  -2.9948181308  -1.4416256266
H   3.4251142338  -4.1272396563  1.5480248344
momentum
-44.307813605868304  -1.3223769382193482  17.403412695798096
26.887017020279185  7.610049482768172  -6.033860154359173
41.12046713678033  5.908219615475085  -14.282168898403553
-21.996649735422324  29.376863640985825  -6.475373766192964
31.99138098325641  12.934477200340503  -26.964879439761194
44.62518185423127  -14.034612404502631  34.70279931186142
-27.645780141870958  -50.28448837071105  -28.014657066454
32.40578008101441  33.083719991188275  13.92645265184866
-10.623715533970678  3.4443367802555347  29.557431851414783
-80.58664183097719  -53.28114669043253  32.1843025165123
10.349550980632639  32.351710046432636  -37.10434931829421
34.78287963135582  -3.316203431281043  -21.88814645433932
4.966729774210659  -5.0076909509979215  2.891901609759021
-16.33526675325532  8.997161084744235  10.24593296914479
-25.234643407708035  -6.107643443631072  -0.22928823894230743
