C   2.9929992543  -3.9946887565  -0.4491417187
O   0.6121754810  -2.7846264943  -0.8315142595
C   0.0506538168  -0.6636895674  0.4514345584
C   1.8776150005  1.5576166831  -0.1124543892
F   4.0994600695  1.1209082135  0.9776846052
F   2.2523968838  1.7788567366  -2.5790964978
F   1.0035042413  3.7331141883  0.7577522955
C   -2.7329998278  -0.0449445324  -0.1811134382
F   -4.1508599710  -2.0659541518  0.1987047447
F   -3.5955157717  1.7996000678  1.2735573933
F   -2.9572846560  0.6596801199  -2.5762348141
F   0.1595519692  -1.0108722785  3.0068571971
H   2.7659927041  -5.8646892817  -1.2396595215
H   4.4806048647  -2.9948181308  -1.4416256266
H   3.4251142338  -4.1272396563  1.5480248344
momentum
-17.06851842474182  -10.845392038162423  -16.8926808256722
-34.52440694412843  -12.060208241235447  -47.57029012923688
33.23175641681565  -4.685320920615958  -15.151030980180268
7.190656290160207  -47.4660310354328  -15.708675472116134
11.330881958173629  21.270591791559628  7.503958987747587
-17.598252253136003  30.334081042860458  48.8639349697009
-3.826285445582268  28.607553680539908  -0.9066572591363462
-37.95202205122322  -47.40932192344696  -24.164556902751244
22.184829110120948  -24.867333803363135  46.21987910464125
2.6005513301309326  48.08126094422264  -2.4053391248530667
56.690533070296176  -11.137250396924909  -4.454284668470534
-13.402720314452154  24.056180430354296  26.62143365286822
-0.7542318488804702  4.452071514320783  1.7272062058036066
-5.377426502449803  -7.633750037055749  13.16453285318934
-1.9594223697047415  8.535797986107855  -16.33278137814606
