C   2.9929992543  -3.9946887565  -0.4491417187
O   0.6121754810  -2.7846264943  -0.8315142595
C   0.0506538168  -0.6636895674  0.4514345584
C   1.8776150005  1.5576166831  -0.1124543892
F   4.0994600695  1.1209082135  0.9776846052
F   2.2523968838  1.7788567366  -2.5790964978
F   1.0035042413  3.7331141883  0.7577522955
C   -2.7329998278  -0.0449445324  -0.1811134382
F   -4.1508599710  -2.0659541518  0.1987047447
F   -3.5955157717  1.7996000678  1.2735573933
F   -2.9572846560  0.6596801199  -2.5762348141
F   0.1595519692  -1.0108722785  3.0068571971
H   2.7659927041  -5.8646892817  -1.2396595215
H   4.4806048647  -2.9948181308  -1.4416256266
H   3.4251142338  -4.1272396563  1.5480248344
momentum
-2.9316687287483796  25.107006680156584  9.099817537660645
-35.30692473987194  -13.963067048610023  0.8037049824289376
-13.71168560818142  54.665631070217124  -35.39541404042521
-4.214540440632324  -2.5128877141622743  -0.24966724760751285
9.960251744484896  12.135788426334479  5.485416359036661
-38.50205315233942  -31.897712782088398  28.96654695178571
22.060497818433575  18.3775810344082  37.521426814474786
17.884247754976705  -9.6772538217051  28.106790694122527
-0.7832415954368014  -17.51283050400685  -26.955451719587618
58.95478173111194  9.991044473578425  -30.585840611327928
-29.39355457556687  -27.48755731728853  -21.987515253011352
9.268280055722624  -8.827352123625651  20.202931657175952
1.3744205235186437  -19.15981768613647  -14.650471789996262
3.22042486483911  -2.3043795813420345  1.2708032309267943
2.8058005624951243  13.236785303563535  -1.6189667061574338
