C   2.9929992543  -3.9946887565  -0.4491417187
O   0.6121754810  -2.7846264943  -0.8315142595
C   0.0506538168  -0.6636895674  0.4514345584
C   1.8776150005  1.5576166831  -0.1124543892
F   4.0994600695  1.1209082135  0.9776846052
F   2.2523968838  1.7788567366  -2.5790964978
F   1.0035042413  3.7331141883  0.7577522955
C   -2.7329998278  -0.0449445324  -0.1811134382
F   -4.1508599710  -2.0659541518  0.1987047447
F   -3.5955157717  1.7996000678  1.2735573933
F   -2.9572846560  0.6596801199  -2.5762348141
F   0.1595519692  -1.0108722785  3.0068571971
H   2.7659927041  -5.8646892817  -1.2396595215
H   4.4806048647  -2.9948181308  -1.4416256266
H   3.4251142338  -4.1272396563  1.5480248344
momentum
9.965741650749239  22.493636134004632  -3.480913005175321
-28.421915462919007  -3.392702676664731  24.47710108872532
-3.397213794919824  -22.173381923038917  -68.92508125580046
0.6698954269887176  19.15899051418295  2.5992613924835206
56.33788627386883  12.286212402461075  38.88284833830444
-46.812699569416466  -51.21885389400976  -36.678197095076804
-11.513693081746153  -40.51649135946587  -5.906516160728136
-59.58945463690613  14.588612299408407  24.859781076748003
40.700483723822884  4.650474187781784  -67.3939265645812
-22.277215854974635  24.684039871907654  71.6434253556302
51.97738497347214  0.6412626403410833  -17.96597360353087
5.899706951157606  17.339447698219104  40.23361721582921
0.6315798210917922  3.3182158190243527  6.418972718294359
-4.899059273463338  -1.0505400329560568  3.9475646793875248
10.865717855388915  -0.5486573664252719  -12.940037310627368
