C   2.9929992543  -3.9946887565  -0.4491417187
O   0.6121754810  -2.7846264943  -0.8315142595
C   0.0506538168  -0.6636895674  0.4514345584
C   1.8776150005  1.5576166831  -0.1124543892
F   4.0994600695  1.1209082135  0.9776846052
F   2.2523968838  1.7788567366  -2.5790964978
F   1.0035042413  3.7331141883  0.7577522955
C   -2.7329998278  -0.0449445324  -0.1811134382
F   -4.1508599710  -2.0659541518  0.1987047447
F   -3.5955157717  1.7996000678  1.2735573933
F   -2.9572846560  0.6596801199  -2.5762348141
F   0.1595519692  -1.0108722785  3.0068571971
H   2.7659927041  -5.8646892817  -1.2396595215
H   4.4806048647  -2.9948181308  -1.4416256266
H   3.4251142338  -4.1272396563  1.5480248344
momentum
6.509048277485873  18.85248789449054  -11.281613032146433
3.5906312467310126  12.200937996008783  20.75538848135405
-27.452460519797185  -48.946227694801806  -8.227800434955926
-19.37936224171836  -36.25358723327246  -12.496511782794835
60.05201848388455  -12.776006984688923  32.83774921043938
-45.11561364583413  20.8501326135664  60.24115998845415
6.969793990502393  23.52864882928992  -51.05411316130469
-3.305565798674568  -19.81614955491659  32.090241420545965
3.229062537761041  -1.312997259072866  -31.002491460732312
-1.7750712494307594  53.46576959538363  -12.781409075703085
-15.95447953974974  0.2298897218980662  -15.588897086089501
24.446544053494847  -3.7328159313196094  7.168960555254101
7.00764161427781  -12.864219662502917  9.584916554081095
1.20426298804358  7.5563485788323925  1.8837424437835186
0.2042189014625388  -0.853166317986388  -22.139760082314453
