C   2.9929992543  -3.9946887565  -0.4491417187
O   0.6121754810  -2.7846264943  -0.8315142595
C   0.0506538168  -0.6636895674  0.4514345584
C   1.8776150005  1.5576166831  -0.1124543892
F   4.0994600695  1.1209082135  0.9776846052
F   2.2523968838  1.7788567366  -2.5790964978
F   1.0035042413  3.7331141883  0.7577522955
C   -2.7329998278  -0.0449445324  -0.1811134382
F   -4.1508599710  -2.0659541518  0.1987047447
F   -3.5955157717  1.7996000678  1.2735573933
F   -2.9572846560  0.6596801199  -2.5762348141
F   0.1595519692  -1.0108722785  3.0068571971
H   2.7659927041  -5.8646892817  -1.2396595215
H   4.4806048647  -2.9948181308  -1.4416256266
H   3.4251142338  -4.1272396563  1.5480248344
momentum
21.163958532774906  30.61605871034017  -17.514875011445195
-8.244515428549231  -16.013044922959022  4.293080033495526
-33.345474913881695  -3.320922750222795  -29.888387183097613
-16.288838540095927  8.12261559664703  3.1530882614782887
16.737251467558266  12.584576723836546  -47.681814168556194
55.67256996666535  -71.44442709438407  27.64938480870143
13.417392088059767  32.679982213606216  31.68912764502394
-17.55996542077913  17.36036513885211  6.722844486658647
4.100348652863416  40.451723072659696  -53.573965033489486
-69.50558859581139  -7.876241889524497  2.158617122567312
-11.240284643991691  -30.23800064251635  32.95107062374527
52.66064677998916  -17.223916233002146  29.243890344540645
-3.011830126735215  -1.4844099603014194  6.848743131503878
-7.21839269559369  0.40041291469081614  -0.03160114085029816
2.5482514014881055  5.934545294678018  3.5373643119998737
