C   2.9929992543  -3.9946887565  -0.4491417187
O   0.6121754810  -2.7846264943  -0.8315142595
C   0.0506538168  -0.6636895674  0.4514345584
C   1.8776150005  1.5576166831  -0.1124543892
F   4.0994600695  1.1209082135  0.9776846052
F   2.2523968838  1.7788567366  -2.5790964978
F   1.0035042413  3.7331141883  0.7577522955
C   -2.7329998278  -0.0449445324  -0.1811134382
F   -4.1508599710  -2.0659541518  0.1987047447
F   -3.5955157717  1.7996000678  1.2735573933
F   -2.9572846560  0.6596801199  -2.5762348141
F   0.1595519692  -1.0108722785  3.0068571971
H   2.7659927041  -5.8646892817  -1.2396595215
H   4.4806048647  -2.9948181308  -1.4416256266
H   3.4251142338  -4.1272396563  1.5480248344
momentum
9.20255221320857  3.3957511154214703  4.24228055009389
-62.52171554499474  -12.759881294570393  1.7260713704768431
-4.718233588457985  -15.748789327510483  -21.629924623610584
-29.554264725162366  29.55149108983408  -12.9304400483318
-44.41693818539672  -28.78960295569306  -19.5718021076392
-8.359648373390844  -4.853677621718849  21.757532901182437
50.83808828028533  16.93376110319796  6.18351754213845
-23.27351573372862  25.134302194201045  12.736755181436038
27.69204952091175  -20.411417709951397  -22.952445908232278
5.226049208918461  -26.845722221493453  2.7987552326038614
29.14801193568049  6.452747866398083  -29.085824846352434
37.13701358510977  11.829453506599394  51.65092443043397
0.286495551879715  2.266048629506673  -1.9239977406353854
1.4621312165938023  2.2366823685700363  6.5086951979443555
12.100981574984377  11.299155731291204  0.5316076022033126
