C   2.9929992543  -3.9946887565  -0.4491417187
O   0.6121754810  -2.7846264943  -0.8315142595
C   0.0506538168  -0.6636895674  0.4514345584
C   1.8776150005  1.5576166831  -0.1124543892
F   4.0994600695  1.1209082135  0.9776846052
F   2.2523968838  1.7788567366  -2.5790964978
F   1.0035042413  3.7331141883  0.7577522955
C   -2.7329998278  -0.0449445324  -0.1811134382
F   -4.1508599710  -2.0659541518  0.1987047447
F   -3.5955157717  1.7996000678  1.2735573933
F   -2.9572846560  0.6596801199  -2.5762348141
F   0.1595519692  -1.0108722785  3.0068571971
H   2.7659927041  -5.8646892817  -1.2396595215
H   4.4806048647  -2.9948181308  -1.4416256266
H   3.4251142338  -4.1272396563  1.5480248344
momentum
-22.84118428679351  -27.37010140318767  -12.440188312367708
1.9643343624224678  9.77947668563459  57.6175752731026
24.252048432754655  33.519302493045934  23.689497051559886
22.622417063538006  11.623981441226993  5.889405973591717
27.746893886150314  36.56458620713292  -27.964734234761565
19.642055583345414  -32.521366532421524  -5.690144176812226
-33.99124975078917  13.006212664632002  -16.20823024884497
-23.671605696390298  -6.091845156530561  -34.556314049312846
-16.54125913395831  21.713256895496425  -47.3309401170122
4.45975866701202  -30.53040634347835  -8.39077651587072
-35.803067536663214  23.106690992473972  25.49307126883212
27.929405124736007  -57.08275807054368  43.837884210181016
8.811911100740312  6.0765853404865995  -1.8906805836802019
7.515649511223404  4.498268359825975  1.9379205401096458
-12.351390472653788  -5.974152881487189  -3.9072863318249444
