C   2.9929992543  -3.9946887565  -0.4491417187
O   0.6121754810  -2.7846264943  -0.8315142595
C   0.0506538168  -0.6636895674  0.4514345584
C   1.8776150005  1.5576166831  -0.1124543892
F   4.0994600695  1.1209082135  0.9776846052
F   2.2523968838  1.7788567366  -2.5790964978
F   1.0035042413  3.7331141883  0.7577522955
C   -2.7329998278  -0.0449445324  -0.1811134382
F   -4.1508599710  -2.0659541518  0.1987047447
F   -3.5955157717  1.7996000678  1.2735573933
F   -2.9572846560  0.6596801199  -2.5762348141
F   0.1595519692  -1.0108722785  3.0068571971
H   2.7659927041  -5.8646892817  -1.2396595215
H   4.4806048647  -2.9948181308  -1.4416256266
H   3.4251142338  -4.1272396563  1.5480248344
momentum
-29.46560796909236  6.872995229861912  44.24685128994291
-13.79569778639355  6.846573434958709  -34.09624355914965
8.213785424332356  13.825591995830095  26.935872701947225
8.02050810918424  51.34426655597507  -47.00249278439974
-4.194807147066041  21.252032956681276  -7.975120175378042
58.222188607513445  -40.159658316391976  -53.43457886044498
-58.41384052804651  -30.33611125576692  78.76058616875788
41.7459789989087  3.4856283705558115  -29.13326280063807
-11.533626585866807  25.45762997634613  -30.10889685520897
-0.8807192198764502  -33.91051412243405  0.8410156904026544
-39.92159243114704  5.930235925364056  45.65597772656377
41.658375911002764  -4.140618334024541  -10.881673582320278
2.9281327258027723  -6.707893636171584  8.240771622521898
-8.017412267522007  -10.022849033144976  -3.622050504154669
5.240509775882412  -8.931280605222527  11.642901219365704
