C   2.9929992543  -3.9946887565  -0.4491417187
O   0.6121754810  -2.7846264943  -0.8315142595
C   0.0506538168  -0.6636895674  0.4514345584
C   1.8776150005  1.5576166831  -0.1124543892
F   4.0994600695  1.1209082135  0.9776846052
F   2.2523968838  1.7788567366  -2.5790964978
F   1.0035042413  3.7331141883  0.7577522955
C   -2.7329998278  -0.0449445324  -0.1811134382
F   -4.1508599710  -2.0659541518  0.1987047447
F   -3.5955157717  1.7996000678  1.2735573933
F   -2.9572846560  0.6596801199  -2.5762348141
F   0.1595519692  -1.0108722785  3.0068571971
H   2.7659927041  -5.8646892817  -1.2396595215
H   4.4806048647  -2.9948181308  -1.4416256266
H   3.4251142338  -4.1272396563  1.5480248344
momentum
3.7104712830305084  25.7776304824846  18.768015348789387
-48.83139358862427  15.468839936407504  -4.237538623097837
-1.3345411826247484  -23.729024231271637  -1.8705205795464377
13.180057281913118  -7.511229879456528  -20.077199624941187
-26.918685786717027  1.5492263597636415  -35.57678794703383
-0.15584332848933863  47.91586596587036  32.22249201622294
16.74951887787733  -45.270335750676615  18.866736050514685
6.207876248335902  11.025944065470977  23.933226066479275
25.398077991754985  -1.8892765511749443  -29.878256511234596
-4.806701541041107  36.88369362707046  -16.093025959360908
-9.975397295036181  -36.678860946464866  10.284395444358342
2.553173035643101  -2.2098918291693943  -3.5259534741375864
4.159138844347471  -1.4636301625486592  16.71070266432468
10.286859066089146  -16.91340945108164  -8.893970497067558
9.814090631929817  -1.6187962837511638  -0.7088257616419646
