-3.288293073100000   0.556042135000000   0.028027496700000
-4.599845504400000   0.307822132400000   -2.105104978700000
-2.821865037100000   2.995661454300000   0.389285332400000
-4.760754760400000   -0.254797957900000   1.899409849100000
-0.901098370200000   -0.957293367500000   -0.092191744800000
-1.300515222700000   -3.407811678600000   -0.477264089400000
1.435438888300000   -0.127288578500000   0.131952317600000
2.098228843000000  2.213220548700000   0.514195123900000
3.392978957100000  -1.626018297600000 0.012631123000000 

-8.742028011209623   -9.301140382903789   16.347432268742097
13.894922198733390   60.986362143379310   16.026902046954099
34.216694241956247   -4.015787109118970   -38.374653160347592
-5.462789105851984   -20.372485642848673   5.623763803124944
-41.688502451809491   0.184254504293780   5.071258043612578
50.399994672663304   -12.126404006739451   18.563344143144114
-21.250726778395062   -39.248536301490510   -57.682405090132313
-6.340231995230353   -26.134362895672542   17.595384785819579
-14.895341558089820   49.838765562254494   16.858548267993918
