        0.000 -0.207  0.101   -0.025  0.014  0.009   -0.041 -0.025 -0.005
       -0.007 -0.066  0.224    0.103 -0.016 -0.080   -0.544 -0.152  0.169
        0.006 -0.374  0.106   -0.242 -0.000 -0.124    0.381 -0.161  0.224
        0.012 -0.237  0.165   -0.094  0.069  0.251   -0.019  0.254 -0.487
       -0.004 -0.019 -0.198    0.115 -0.015 -0.015    0.176  0.019  0.017
        0.016 -0.039 -0.193   -0.527 -0.031 -0.016    0.162  0.039  0.014
        0.001  0.219  0.047   -0.065 -0.002  0.001   -0.114  0.008 -0.004
       -0.014  0.637 -0.019    0.694  0.028  0.002   -0.009 -0.015 -0.000
        0.012  0.166  0.309   -0.228 -0.010  0.017   -0.230  0.015 -0.023
        0.010  0.249  0.105   -0.007  0.017  0.012   -0.007 -0.029  0.015
       -0.124  0.348  0.260    0.014  0.052  0.022    0.012 -0.158 -0.204
        0.086  0.157  0.182    0.033  0.033 -0.041   -0.019  0.213 -0.008
       -0.093  0.309  0.053    0.072 -0.013 -0.010    0.056  0.014 -0.078
        0.022 -0.196 -0.185   -0.070 -0.014 -0.013    0.001  0.023  0.055
       -0.019 -0.232 -0.189    0.733  0.006 -0.012   -0.028  0.605 -0.041
        0.002 -0.111  0.027   -0.056 -0.012  0.002    0.006 -0.101 -0.060
       -0.225  0.359 -0.045    0.658  0.037 -0.000   -0.011  0.571 -0.158
       -0.026 -0.240  0.366    0.072 -0.022  0.033   -0.015  0.037  0.372
       -0.155  0.015 -0.032    0.031  0.028 -0.097   -0.005 -0.023  0.082
        0.307 -0.010  0.384    0.145 -0.063  0.403   -0.138  0.143 -0.332
        0.198  0.085 -0.144   -0.148 -0.203  0.412    0.311  0.146 -0.351
        0.797 -0.121  0.058   -0.026 -0.050  0.007    0.175  0.018 -0.067
        0.041  0.002 -0.005    0.010  0.010  0.037    0.016 -0.007 -0.031
       -0.032 -0.005 -0.005   -0.145 -0.077  0.047   -0.203  0.083 -0.044
        0.018 -0.013  0.008   -0.089 -0.034 -0.017   -0.081  0.019  0.017
       -0.037 -0.003  0.007    0.060  0.140 -0.042    0.013 -0.115  0.038
       -0.083 -0.002  0.035    0.673  0.197  0.092    0.685 -0.145 -0.047
       -0.004  0.004  0.039    0.044 -0.019 -0.014   -0.048 -0.012  0.022
       -0.070  0.065 -0.080   -0.286  0.011 -0.290   -0.022  0.318 -0.370
        0.181 -0.011 -0.306   -0.271 -0.229  0.227   -0.179  0.353  0.568
       -0.014  0.060  0.032    0.563  0.521  0.238    0.135 -0.411 -0.182
       -0.006 -0.023  0.051   -0.039 -0.003 -0.007    0.045 -0.036 -0.006
        0.001 -0.455  0.122   -0.009 -0.016 -0.005    0.019 -0.086  0.002
        0.005 -0.028 -0.069   -0.001 -0.006  0.006    0.004  0.020 -0.010
       -0.016  0.150 -0.098   -0.018 -0.030  0.010    0.031 -0.034 -0.005
       -0.027  0.761  0.093   -0.017  0.069 -0.003   -0.008  0.194 -0.088
       -0.008 -0.001 -0.063    0.007  0.001  0.003   -0.006 -0.006  0.047
       -0.168  0.704 -0.037    0.095 -0.168  0.112    0.107 -0.192 -0.132
        0.102 -0.481 -0.115   -0.033  0.142  0.011   -0.068 -0.009  0.096
       -0.046 -0.257  0.110   -0.072  0.125 -0.040    0.019 -0.041 -0.143
        0.014  0.047 -0.001   -0.004 -0.052 -0.082    0.001  0.142 -0.059
       -0.006  0.234 -0.032    0.003  0.500 -0.180    0.002 -0.343  0.011
        0.010 -0.063  0.047   -0.002 -0.008  0.067   -0.001 -0.042 -0.039
        0.008 -0.076  0.054   -0.002 -0.490  0.137    0.008 -0.395  0.015
       -0.078  0.074  0.226    0.006  0.583  0.107    0.000 -0.134  0.759
       -0.039  0.002 -0.054   -0.050 -0.028  0.029    0.012 -0.144 -0.044
        0.049 -0.157 -0.228    0.662  0.215 -0.225   -0.028  0.488  0.363
        0.626  0.068  0.349    0.143 -0.291  0.148   -0.025  0.603  0.004
       -0.167  0.031  0.604   -0.120  0.441 -0.336   -0.127  0.431  0.119
       -0.005  0.004 -0.005   -0.007 -0.009  0.006    0.003  0.038  0.004
        0.021 -0.001 -0.005   -0.005  0.006  0.005    0.007 -0.089  0.028
       -0.000  0.003 -0.005    0.001 -0.000  0.007   -0.000 -0.006 -0.011
        0.011 -0.037  0.000    0.005  0.061 -0.000    0.001 -0.032 -0.010
       -0.014 -0.012  0.044   -0.012  0.000 -0.089    0.006 -0.066  0.104
        0.001 -0.025  0.015    0.000  0.001  0.000    0.000  0.000 -0.000
       -0.007 -0.188 -0.075    0.001 -0.005  0.002   -0.000  0.000  0.001
        0.002  0.150  0.025   -0.002  0.001  0.003   -0.001  0.002  0.002
       -0.028 -0.043 -0.023    0.000 -0.001 -0.000    0.000  0.001 -0.000
        0.002  0.234 -0.163    0.001 -0.010 -0.085    0.000 -0.006 -0.012
        0.002 -0.272 -0.114   -0.005  0.156  0.970   -0.001  0.028  0.165
       -0.001 -0.233  0.205   -0.000 -0.002  0.017    0.001 -0.008 -0.084
       -0.001  0.419  0.154    0.001 -0.023 -0.162   -0.007  0.139  0.972
        0.004  0.220 -0.648    0.000  0.005 -0.002   -0.000 -0.000  0.009
