C     0.0012064296    -1.6315797567     0.0890988931
H     1.1624127626    -3.2975990772     1.6832250357
H     1.2634683847    -1.9370244741    -2.2254142761
H    -2.1503899097    -2.4927415848    -0.2751846611
C    -0.0223076735     0.9920564294     1.0088952780
H     0.0840860605     1.8077869415     3.0889923573
C     0.0041195583     3.0193822384    -0.5763201714
H     0.0953613296     2.9490005970    -2.6299319267
H     0.1761226058     5.0204439163     1.0330549479
 momenta
  -1.671638      0.3628376      -1.046079    
  -2.166829       8.236226      0.2370718    
   1.139714      -1.076973      6.1733045E-02
   2.413741      -5.899642      -9.366644    
 -0.7195661      -4.728835       6.152915    
   5.032398       7.831059      0.1262466    
   3.105895       1.728745     -0.2268110    
  -9.113208     -0.9092606      -7.018966    
  0.1211778      0.8528150     -0.8313060    

 1.0 
 0.0
