C    -0.0207201857    -1.6444292068     0.0373708084
H     0.9674955606    -3.0085830688     1.9559390545
H     1.3346966505    -1.4314099550    -2.1346142292
H    -2.1510376930    -2.3970465660     0.1292144656
C     0.0195424277     0.9905183315     1.0553876162
H    -0.2310274541     1.7938536406     3.0743188858
C     0.0030579679     3.0235633850    -0.5786894560
H     0.3721237481     2.4151949883    -2.5464973450
H    -0.4252403080     5.0950860977     0.4963065088
 momenta
  -2.489480      -3.874105       2.558470    
  -3.114323       5.130866      0.2654938    
   14.29027      -1.035761      -16.48991    
  -4.582493       6.350718     -4.3976050E-02
   1.956979       8.545120      0.7215447    
   2.892971      -1.731243      -8.297030    
  -1.390662      -5.473360      0.7739724    
   1.484488      -3.825320       6.314657    
  -4.017751      -2.026680       4.429968    

 1.0 
 0.0
