C     0.0133809326    -1.6899191141     0.0433886871
H     1.2642927170    -2.7390489578     1.4847615957
H     1.2206493616    -1.7772314548    -1.8253839016
H    -2.6084880829    -2.3768737316    -0.4210082293
C    -0.0304627959     1.0267852545     1.0864181519
H    -0.0882347897     1.6404114962     2.9766285419
C     0.0346485861     3.0236291885    -0.5924322009
H    -0.6098121405     2.7594685555    -2.8073258400
H     0.0271585044     5.3424682617     0.6313422918
 momenta
  -2.348848       4.611190       2.219204    
   6.437267       1.034293       2.679791    
   2.808360       4.640214      -7.639116    
  -8.147912      -1.762652      -10.18047    
   3.721354       2.346533       1.429532    
  -1.038834       1.866920      0.2686920    
  -3.102188      -5.254226      -1.037502    
   3.195745      -9.611828      0.7394398    
   2.777980      -2.020013       5.191712    

 1.0 
 0.0
