C    -0.0081177708    -1.7171347141     0.0493251942
H     0.8709549904    -3.3042018414     2.0552012920
H     1.5085531473    -2.0595157146    -1.7693061829
H    -2.2836651802    -2.5198116302    -0.0362336747
C     0.0170922317     1.0724896193     1.0065978765
H    -0.1510924548     1.4173886776     2.8999381065
C    -0.0092882868     3.0279126167    -0.5489001274
H     0.0181661062     3.1396818161    -2.6815662384
H    -0.0299580880     5.2391510010     0.7975516319
 momenta
  -1.762096      -3.008986       5.926777    
  -1.214717     -0.8787155      -2.174035    
  -8.225428      2.5561582E-03  0.8725843    
   2.522005      0.7736908      -1.839365    
   5.368683      0.3286700      -7.577505    
  0.2479350      -3.208671      -3.471954    
  -2.741569     -0.4239495       4.308246    
   12.98874       12.21259       5.236444    
  -9.434562       1.862648      -8.026683    

 1.0 
 0.0
