C     0.0050065015    -1.7068388462     0.0385445617
H     0.8454632759    -3.0652494431     1.6881724596
H     1.3792282343    -1.8601477146    -2.1720681190
H    -2.3508999348    -2.7022693157    -0.2193964571
C     0.0062668151     1.0555648804     1.0699205399
H    -0.2828707695     1.5360821486     2.8196094036
C    -0.0190687887     3.0370705128    -0.5678778291
H     0.1432854682     2.4892282486    -2.5632452965
H     0.5115929246     5.4028706551     0.3472634852
 momenta
  -2.880794      -2.205902      8.8688731E-02
  -2.395539      -3.003757      -7.398940    
   8.871120      0.9598518      -4.884928    
  -2.027355      -3.571817      -1.537953    
  0.3090312       2.750550       3.483013    
   5.955129      0.3264095      0.8771238    
  0.4256381       3.383163     -0.1496048    
   1.864201      -13.62179       7.365469    
  -4.759585       5.259822      -6.076792    

 1.0 
 0.0
