C    -0.0025894847    -1.6507022381     0.0470876768
H     0.8143799305    -2.9515953064     2.0378875732
H     1.0974484682    -1.6221754551    -2.2028293610
H    -2.4980063438    -2.1603288651    -0.0921472237
C     0.0284414236     1.0090421438     1.0467139482
H    -0.2673709095     1.7760040760     2.9604947567
C    -0.0022709891     2.9763851166    -0.5744637251
H     0.4533734918     3.0691676140    -2.7260839939
H    -0.6373713017     5.8037390709     0.7877910733
 momenta
 -0.7908598     -0.1449115       2.863693    
  -3.543312       10.28093      -8.758973    
   7.780807       2.423193       4.468865    
  0.7604233       4.925892       4.639925    
  -2.578471      -7.749557       1.986777    
   6.503140      -8.406577       5.061114    
 -0.7312599       6.654056      -7.680867    
   1.592018      -5.610492      -2.966018    
   1.178086      0.6977997       7.518267    

 1.0 
 0.0
