C    -0.0130900284    -1.6515693665     0.0553229041
H     1.3746880293    -2.9163372517     2.1747856140
H     1.3423339128    -1.6497927904    -2.1983551979
H    -2.6810619831    -2.5828807354     0.0839844495
C     0.0109577579     0.9988757968     1.0291569233
H    -0.3042377532     1.2787245512     2.9238042831
C    -0.0007009122     3.0316405296    -0.5729644299
H     0.4635968804     2.7548234463    -2.5371394157
H    -0.1462087184     5.2059144974     0.6385545135
 momenta
   4.901401       7.869749      0.2343380    
  -5.857724       1.277523       2.985503    
  -2.263010      -3.602540      -2.860983    
   1.281703     -0.5247427      0.4451800    
  -6.295093      -3.420385       5.785131    
   7.022611      -10.72493       2.896555    
   1.501653       3.533890      -7.765940    
  -2.746386      -3.670500      -5.102089    
   2.109986      -10.20284       7.715721    

 1.0 
 0.0
