C     0.0062219421    -1.7032401562     0.0644707978
H     0.8789515495    -3.4682486057     2.0445024967
H     1.4205863476    -2.0590376854    -2.4208319187
H    -2.6349875927    -2.3637650013    -0.2690752149
C    -0.0048579862     1.0407861471     1.0168714523
H     0.1961048096     1.7842272520     2.7937912941
C     0.0129115516     3.0396816730    -0.5381435156
H     0.0482009351     3.0254013538    -2.5593006611
H    -0.5641395450     5.2401447296     0.1952847838
 momenta
  -3.050546       4.801858      1.2607778E-02
   5.194506       4.000319      -3.265403    
   4.498607       1.471897      -1.834383    
 -0.5133432      -1.850399       4.828157    
 -0.3468589      -3.291839       3.811632    
  -8.587474      -2.414626       3.151483    
   7.086762       1.156461      -4.469683    
  -9.899182      -4.272923      -8.405900    
  -3.275876      -5.882867       7.721396    

 1.0 
 0.0
