C     0.0361216404    -1.7232275009     0.0617846623
H     0.9921055436    -3.1674578190     1.7198071480
H     1.0983344316    -2.4379003048    -2.4535899162
H    -2.5187397003    -2.3317067623    -0.0735989809
C    -0.0442602895     1.0533204079     1.0421917439
H     0.1049682498     1.4507772923     2.9230563641
C     0.0026149089     3.0383617878    -0.5705353618
H     0.1734038442     3.3863213062    -2.3935565948
H     0.3020276129     5.6165676117     0.4844034314
 momenta
   2.934082       11.21875      -8.728517    
   3.955413      -4.802477      -12.23185    
  -3.827987      -1.537525       4.692658    
 -0.5379285       6.780189       7.732395    
  -3.424443       1.028936       12.26404    
  -2.220807     -0.7264242       10.27326    
  -2.226316      -7.125973      -5.756363    
   10.72583      -7.701997       7.376942    
   1.514472      -9.893004      -10.14082    

 1.0 
 0.0
