C    -0.0023513436    -1.6595560312     0.0326810032
H     1.1168013811    -3.0345098972     1.8834524155
H     1.3326367140    -1.6435937881    -2.4029414654
H    -2.1759643555    -2.2378017902    -0.3612996340
C    -0.0200283751     1.0412913561     1.0792099237
H     0.1866450161     1.6379265785     3.1504037380
C     0.0086665628     2.9764375687    -0.5692456961
H     0.0357558988     2.8160462379    -2.4904026985
H     0.0056086495     5.3951063156     0.0393861346
 momenta
  -3.986787      -3.162745      -2.459016    
 -0.5361724       9.888458      -1.724153    
  0.2956023      -2.246413       1.121528    
   3.873000       7.446343      -2.536920    
   1.540801       3.836697       1.349176    
   8.182330       7.875229      -3.925819    
   1.045313      -6.529528       2.633764    
   5.837392       1.727525      -1.261647    
  -12.62807      -4.676159       2.923940    

 1.0 
 0.0
