C    -0.0105140097    -1.6597584486     0.0559682436
H     1.1412265301    -3.3652930260     2.0046508312
H     1.3700455427    -1.2958067656    -2.1618833542
H    -2.4150385857    -2.9018650055    -0.7941749096
C     0.0065197307     1.0330235958     1.0574169159
H    -0.0301076472     1.7856322527     3.0225269794
C    -0.0046874387     2.9983377457    -0.5723740458
H    -0.1696119159     2.5916290283    -2.7129311562
H     0.3785794675     5.5762791634     0.5243964791
 momenta
 -1.2553750E-02   2.288464      -3.386586    
   7.244378      -4.420315       11.99122    
  -2.008189      -4.875933      -7.256234    
   2.949886     -0.4607157       5.664773    
  -7.240437      -4.045694       2.362863    
   1.541964      -11.06289      -2.013144    
   6.177235       4.562181       1.528042    
  -3.372891      0.3100872     -0.1985630    
  -2.625504       10.69338      -9.849131    

 1.0 
 0.0
