C     0.0167726204    -1.6658118963     0.0473473743
H     1.0989375114    -2.7085914612     1.5774401426
H     1.3788192272    -1.7425345182    -1.9609526396
H    -2.6804461479    -1.9461929798    -0.3033179343
C    -0.0201557577     1.0391027927     1.0471128225
H    -0.0783239007     1.4793305397     3.1227886677
C     0.0178302098     2.9767420292    -0.5616083741
H    -0.3738401234     3.0060307980    -2.3681695461
H     0.0007170923     5.1903352737     0.1556373835
 momenta
   9.001232       2.295753       6.748271    
 -0.6753773       7.195744     -0.5787175    
  -4.605909       2.310847       4.534482    
  -4.528943       4.032576       4.537299    
  -12.19530      -4.752152      -11.00823    
   3.827136      -12.03870      -10.15143    
   5.919105       4.439734      0.6920577    
  -9.890615      -9.117490       2.291332    
   6.586226      0.7782714       11.90950    

 1.0 
 0.0
