C    -0.0162199885    -1.6870137453    -0.0006681485
H     1.4733666182    -3.2093081474     1.5944645405
H     1.3874615431    -1.8057068586    -2.2772569656
H    -2.3431990147    -2.4795408249    -0.1996729821
C    -0.0025171167     1.0550577641     1.1317125559
H    -0.2700688839     1.7192029953     3.2418224812
C     0.0078661479     3.0142090321    -0.5861178041
H     0.2170909494     2.1053237915    -2.5011343956
H    -0.0803695396     5.6075735092    -0.1342669874
 momenta
  -4.809974      -1.576744      -3.601723    
 -0.5082369      -2.176789       7.885491    
   3.246561      -4.865413       4.971328    
   4.937008      -5.481704      -2.940088    
   4.410687       2.921485      -5.664905    
   3.588000       1.133420     -9.8241135E-02
  -3.178938       1.522821       8.133394    
  0.2446855      -1.315330      0.5333836    
  0.7000447       2.538658      -6.624488    

 1.0 
 0.0
