C    -0.0107298689    -1.7083518505     0.0564203374
H     1.1912368536    -3.5609321594     1.4148005247
H     1.3626767397    -2.0641965866    -2.2340369225
H    -2.5078108311    -2.3170759678    -0.4215925634
C     0.0358345732     1.0647244453     1.0715701580
H    -0.5893710852     1.1083592176     2.9814856052
C    -0.0211738814     3.0371854305    -0.5762397051
H     0.4396101534     2.5652966499    -2.3346817493
H    -0.1336075813     5.7597880363     0.0312941223
 momenta
  -4.542245      -12.95277      -1.472227    
   4.150984      -6.462457      -11.32731    
  0.3137376     -7.8363031E-02   4.544143    
   11.54216      -5.093135       5.286736    
 -0.4194654       7.617587       6.278596    
  -5.662875      0.5908219      -6.053747    
  0.4150711       7.201808      -2.006757    
  0.9603765      -1.703693      -1.810339    
   4.272292       6.170602     -0.3330899    

 1.0 
 0.0
