C     0.0058128959    -1.6752326488     0.0646527261
H     1.1295878887    -2.9160218239     2.0785281658
H     1.4781459570    -1.7586083412    -2.5689921379
H    -2.6538639069    -2.2189130783    -0.7196362615
C    -0.0241372976     1.0238628387     1.0524878502
H     0.2992505431     1.6295186281     2.9885191917
C     0.0291063562     3.0154683590    -0.5712669492
H    -0.4927258492     2.7782638073    -2.5177171230
H    -0.2655811608     5.1871156693     0.4270957112
 momenta
 -0.9947479      -8.161716       3.792583    
  -1.109346      -2.378395       1.530487    
  0.9987860       13.52550      -4.044258    
  -2.343364      -2.172237     -0.2345038    
  -1.116705      6.4360134E-02   3.191119    
   6.136703      -6.792787      -1.191536    
  0.3369626       8.351647      -8.853678    
   5.054253      -7.528279       1.731829    
  -2.656430       4.627470       8.772255    

 1.0 
 0.0
