C     0.0101488521    -1.6291931868     0.0596913621
H     0.7693105936    -3.3202960491     1.7264225483
H     1.3743435144    -1.5720053911    -2.3719928265
H    -2.7046546936    -2.2613203526    -0.3523878455
C    -0.0074063176     1.0244766474     1.0600066185
H     0.3733598590     1.4739987850     2.9333200455
C     0.0034005821     2.9691638947    -0.5671533346
H     0.3310891986     3.0043270588    -2.6989676952
H    -0.4695312679     5.3654065132     0.1719336957
 momenta
  -4.765568       9.498181       5.948301    
  -2.994856       9.152101      -7.314688    
   7.982006       2.601767       3.843751    
   2.352334      -4.347210      -5.215129    
   1.744300      -11.43681      -4.282396    
   9.641867       4.583998      -4.295229    
  -4.249256      -1.974324       1.595348    
   4.485627      0.2680117       3.739310    
   3.577951       1.066454      -1.929807    

 1.0 
 0.0
