C    -0.0152616361    -1.6459690332     0.0271388926
H     1.3528710604    -2.9410154819     1.7536282539
H     1.3706332445    -1.3360465765    -2.3410975933
H    -2.2177863121    -2.8841781616    -0.3109101355
C    -0.0068074502     1.0273737907     1.0986304283
H    -0.3111042678     1.5787695646     3.1181850433
C     0.0036585506     2.9987542629    -0.5860183835
H    -0.0217671786     2.3095054626    -2.3296833038
H     0.5179844499     5.3038029671     0.0477412008
 momenta
  0.8593888     -0.7592204      -4.660793    
   10.75952      0.3509045      0.5468930    
   2.583798       1.493279       7.058980    
  -5.384527       12.42715      -1.566924    
  -6.274476       3.906015      -3.865328    
   2.157126       7.907305       7.941398    
   6.803459      -7.885963       5.074461    
  -11.24936      -8.297240      -4.669230    
  -3.293722       2.277291       2.712511    

 1.0 
 0.0
