C     0.0009811607    -1.7364494801     0.0450465120
H     0.9122963548    -3.1239638329     2.0342245102
H     1.3775043488    -1.6690566540    -2.3070166111
H    -2.2737848759    -2.3758380413    -0.2110650837
C    -0.0006591376     1.0569293499     1.0416107178
H    -0.1248540580     1.5644572973     2.9356920719
C    -0.0013016986     3.0441331863    -0.5432517529
H    -0.0406667441     2.9123194218    -2.5610182285
H     0.1244837120     5.3635482788    -0.1116660312
 momenta
  -3.640560       1.025206      -1.905598    
   8.627857      -5.214551      -8.854740    
   9.306147      -2.672281       1.875156    
  -5.532200       5.179145     -0.5534052    
  -2.165065       5.930511       7.889035    
   6.985925      -7.812325       1.418019    
  0.4605370       2.868481      -1.991242    
   5.229082      -7.708078       1.654846    
  -6.059469      -15.82814      -9.380055    

 1.0 
 0.0
