C    -0.0023496409    -1.6918541193     0.0677787438
H     1.4144214392    -3.1026422977     2.0215981007
H     1.1452645063    -1.5364744663    -2.0940763950
H    -2.2753269672    -2.5739309788    -0.1565205455
C    -0.0260405652     1.0388336182     1.0289078951
H    -0.0556463115     1.2754652500     2.9277071953
C     0.0186902136     3.0199718475    -0.5843946338
H    -0.0766298026     2.9917201996    -2.8386168480
H     0.1709041744     5.5318875313     1.2030813694
 momenta
  -3.259182      -14.33474      -4.549930    
   1.327201      9.4561905E-02   3.877459    
  0.8843915     -0.7664021      -3.372480    
   4.544241      -3.798795      -2.179446    
  -2.034637       10.09727      -1.213030    
   6.080735       9.461508       1.288923    
   3.487969      -2.340723       7.735459    
  -1.676392       1.999659     -0.8504515    
  -4.929519       15.47743      -5.485600    

 1.0 
 0.0
