C    -0.0108380839    -1.6790597439     0.0750560090
H     1.0955443382    -3.3039512634     1.9963538647
H     1.5575766563    -1.6448500156    -2.2823102474
H    -2.0273005962    -2.3648924828    -0.3617804348
C    -0.0083230464     1.0236395597     1.0276794434
H     0.0359392278     1.1716718674     2.9065287113
C    -0.0031530494     3.0371389389    -0.5746958852
H    -0.1416978985     2.5040729046    -2.5837042332
H     0.3293419182     5.6095557213     0.7417727113
 momenta
   2.070606       6.604807      0.5076285    
  -10.71674      -3.336103       6.946191    
 -0.9376388      -1.718368       8.578268    
  -1.346313       10.23363      -2.517676    
   7.120374       3.724525      -9.144208    
   2.078707      -15.77978      -7.114402    
  -2.143863      -10.03221       4.314289    
  -3.214784      0.3559485       12.40958    
  -10.33297       9.377658      -3.508053    

 1.0 
 0.0
