C    -0.0035002218    -1.6736762524     0.0358613953
H     1.0916072130    -3.3073914051     1.4085965157
H     1.3342726231    -1.8556890488    -2.2343556881
H    -2.1099069118    -2.5911948681    -0.7536362410
C    -0.0208255462     1.0857139826     1.1100238562
H     0.1969482154     1.0099000931     3.1716094017
C     0.0158767737     2.9947733879    -0.5767165422
H    -0.3013854027     2.4541344643    -2.6241116524
H     0.0576365069     5.2290844917    -0.2403701246
 momenta
   1.784791       3.705286       2.805375    
   7.975859       5.588952      -4.718718    
 -0.9936272      -4.407276      -5.302090    
  0.3482377       3.137020       9.516577    
  -6.877339      -1.935547      -6.819140    
  -10.63462      -9.962133       3.231925    
   8.827223       3.172787       5.928841    
  -9.244579      -11.01891      -9.772337    
  8.0912977E-02 -0.3681367      0.4831978    

 1.0 
 0.0
