C    -0.0189500321    -1.7049618959     0.0430066474
H     1.2055152655    -3.1714196205     1.5489115715
H     1.1671303511    -1.6402460337    -2.2533011436
H    -2.1770558357    -2.4635171890    -0.4075289965
C     0.0160963126     1.0589066744     1.0920659304
H    -0.1559033841     1.2063702345     3.0585792065
C    -0.0095904563     3.0275800228    -0.5862490535
H     0.5940624475     2.3932924271    -2.6067485809
H    -0.1946222186     5.6531429291     0.2169458270
 momenta
   4.041970       7.620809       3.283000    
   2.592794       1.562660      -11.43563    
  -6.393563       10.97919      -2.279447    
  -7.517076     -0.1336134      -13.46865    
  -6.506801      -2.834301       10.48954    
   6.607336       12.82827      0.4537024    
   6.227655      -9.286896      -6.604839    
  -4.659867      -3.702706      0.4936481    
  -3.582885      -5.888954       1.705758    

 1.0 
 0.0
