C    -0.0037000556    -1.6965128183     0.0533045307
H     1.1807645559    -3.4300355911     1.7154662609
H     1.3717057705    -1.8604987860    -2.1691482067
H    -2.4770824909    -2.6397917271    -0.4225710034
C     0.0048140693     1.0344779491     1.0668872595
H    -0.2186294943     1.2863534689     3.1982347965
C    -0.0044974396     3.0578064919    -0.5724501610
H     0.0622359850     2.7603058815    -2.5461561680
H     0.1429236531     5.2800393105    -0.1735504568
 momenta
   4.893384       7.952942       5.179228    
  -1.086923      -12.46862      -7.418868    
  -6.481038       4.187212       9.328996    
  0.6196643      0.5702942       1.443215    
  -5.811594      -3.703281      -4.336884    
   2.302877      -1.384835      -4.726059    
   3.293350      -6.127605      0.6182358    
  -3.566152       8.405697      -2.608199    
 -0.2753591       7.297473      -1.020482    

 1.0 
 0.0
