C     0.0142743457    -1.7005827427     0.0566417612
H     0.8768710494    -3.0918319225     1.6631368399
H     1.3190513849    -2.2123847008    -2.0200939178
H    -2.3767695427    -2.0752413273    -0.1098608598
C    -0.0136952735     1.0241403580     1.0478848219
H     0.0506389625     1.3678054810     2.9373831749
C     0.0033185671     3.0494143963    -0.5845117569
H     0.0331910178     2.7574896812    -2.4008994102
H    -0.1315100789     5.5859498978     0.6791762114
 momenta
  0.3906800       2.321589      0.7956082    
 -0.5079112      -1.791504       9.165255    
  -12.41081       12.12310       1.057805    
   5.281405       4.570592      -1.651307    
   3.670238      -4.591565       2.050517    
  -4.300019       2.166174      -6.863220    
  -1.094192      -3.474120      -4.902017    
   3.907323       5.138565      -3.451387    
  -2.243994      -2.244365       8.588348    

 1.0 
 0.0
