C    -0.0112091415    -1.7059904337     0.0558903813
H     1.6763269901    -3.5968332291     1.9401984215
H     1.5156525373    -1.8130367994    -2.2396483421
H    -2.7373800278    -2.0786333084    -0.6839262247
C    -0.0020302313     1.0618401766     1.0583312511
H    -0.0955346897     1.3526247740     2.9986605644
C     0.0145202680     3.0286784172    -0.5608329773
H    -0.1887629181     2.6909594536    -2.7476336956
H    -0.2916778624     5.3030853271     0.1017279103
 momenta
   5.032962       1.133748       6.281555    
  -5.797917      -3.659153       2.302418    
  -5.979996       10.03621       4.175134    
  -1.163504      -2.162947      -2.914262    
  -2.497346     -0.2974399      -13.37169    
   2.714548      -1.088841      0.1369536    
  0.5285789     -8.9452319E-02   4.523252    
  -4.759966     -0.2995617       5.257549    
   4.388162      -5.305768     -0.1621826    

 1.0 
 0.0
