C     0.0043195230    -1.7166048288     0.0923147723
H     1.1309736967    -3.0280253887     1.7861074209
H     1.4226666689    -1.8286166191    -2.1255571842
H    -2.5602147579    -2.4828503132    -0.2953341007
C    -0.0220971815     1.0214983225     1.0108294487
H     0.2317916155     0.8704576492     3.0706639290
C     0.0105223870     3.0810656548    -0.5759683847
H    -0.0084426282     2.8100242615    -2.7104446888
H     0.0060503320     5.4642596245     0.7286758423
 momenta
  4.1966259E-02 -0.9722649      -3.358933    
  -1.197825       4.537352       1.462095    
  -3.304601       1.402468      -1.706583    
  -4.652219       3.619912       1.838075    
   5.256443       11.58998      -5.169987    
  -2.830840     -0.2785864      0.5859672    
  -2.597961      -11.51064       4.593567    
   9.690644      -2.731506       11.41648    
  -6.825721      -3.466915     -0.1255555    

 1.0 
 0.0
