C    -0.0117881307    -1.6809934378     0.0473643467
H     1.3334311247    -3.5782532692     1.4875869751
H     1.5399030447    -1.4551285505    -2.0614204407
H    -2.1803836823    -2.3826858997    -0.4036405385
C    -0.0074036224     1.0649429560     1.0585347414
H    -0.2231134027     1.7924066782     3.1754252911
C     0.0040700450     2.9837799072    -0.5639472008
H    -0.2360524386     2.8072702885    -2.4631958008
H     0.3207108676     5.3622636795     0.1097417697
 momenta
  0.9897599       4.924813      -3.994118    
  -4.527916      -6.287381       1.624650    
  -1.964515      -9.190907       5.643635    
   5.227875      -2.733751       8.729231    
  -3.962303      -1.957058       2.273700    
   9.631207      -9.233398       3.864599    
 -0.1710812       4.781602      -5.839736    
   7.746924       1.826093       4.470973    
  -5.484315      -1.213494       1.701698    

 1.0 
 0.0
