C    -0.0010472030    -1.6836110353     0.0298623107
H     0.6872158051    -3.9107859135     2.0802302361
H     1.2328996658    -1.4907320738    -1.4883831739
H    -2.3904588223    -2.4364809990    -0.7512561083
C     0.0339793637     1.0687712431     1.0579613447
H     0.0328363404     1.3933006525     3.1914029121
C    -0.0196327548     3.0198063850    -0.5690070987
H    -0.0878220946     2.2762269974    -2.4128499031
H    -0.1060796082     5.1864600182     0.1585182250
 momenta
  -2.505790      -4.367433      -6.425135    
   6.727952       2.507816     -0.4494615    
  -2.582669      -8.367274       2.608235    
   8.378410      -4.203788       10.37532    
  -4.028521       4.594743      -1.253618    
  -2.538063      0.4657899     -0.4953362    
   1.640768     -0.5310283       3.755011    
   4.276406      -2.297858     -0.5819182    
   2.661176       12.60685       2.143239    

 1.0 
 0.0
