C    -0.0152674550    -1.7464307547     0.0437392890
H     1.1054824591    -3.2034804821     2.1097097397
H     1.5299663544    -2.1602296829    -2.0743346214
H    -2.1686098576    -2.3429307938    -0.1491037756
C     0.0095705986     1.0551322699     1.0483685732
H     0.0161945783     1.4248863459     2.9401292801
C    -0.0164307673     3.0624625683    -0.5747784972
H     0.3187588155     3.0498490334    -2.6499636173
H     0.0310541485     5.6327924728     0.6745435596
 momenta
   1.801050      -3.046850       2.483054    
  -3.438861       10.71065      -9.119890    
  0.5732443      -2.119461      -4.400561    
  -1.585863       3.714123      0.6130053    
   1.299964       6.407681      -9.291070    
  -3.912618       1.811677      -4.824971    
  -2.014513      -8.261422       17.05128    
   2.980521      -1.774577      -3.372967    
   1.910892       4.380378      -14.21136    

 1.0 
 0.0
