C     0.0091383765    -1.6740863323     0.0621988736
H     1.1946680546    -3.6253201962     1.5656939745
H     1.1092537642    -1.4437855482    -2.2378795147
H    -2.3689799309    -2.4306924343    -0.4333423674
C    -0.0226256084     1.0209370852     1.0791535378
H     0.0008888177     1.7021557093     3.0603921413
C     0.0110274199     3.0297560692    -0.6051039696
H     0.0195651706     2.5238335133    -2.4920246601
H     0.0746505931     5.4599752426     0.6200445294
 momenta
   1.620219      -1.367174      -7.617414    
  -4.403529       1.954781      -5.669964    
  -1.807531       1.109980       1.731214    
   6.198989      -5.273673       10.47234    
  -4.152757      -5.572800       12.79190    
   1.002518       3.562679       10.04137    
  -1.607391       8.145151      -10.86369    
   6.586446      -6.055610       1.600712    
   6.760417      0.4021817       1.616547    

 1.0 
 0.0
