C    -0.0036955297    -1.6659425497     0.0529758856
H     0.8650162816    -2.7929277420     1.9333128929
H     1.6987738609    -1.7909711599    -2.1605694294
H    -2.3287801743    -2.0719456673    -0.6564997435
C     0.0041282400     1.0541007519     1.0449074507
H     0.0557588972     1.3029307127     3.1826882362
C    -0.0008375077     2.9692792892    -0.5564299226
H    -0.4860829115     3.0050139427    -2.8127651215
H     0.1434224546     5.3241224289     0.3797082007
 momenta
  -3.865311     -0.4796510      -2.972311    
   1.274788       1.180548       3.579613    
 -0.3753659       6.921431     -0.2690597    
   8.291696      -1.092027       2.414987    
   5.578575       11.95954      -2.722476    
  -14.25241      -5.303988      -7.370667    
  0.6119031      -14.36998       7.963509    
  -8.363938       8.748630       2.994100    
   5.418027     -0.3516982      -9.373266    

 1.0 
 0.0
