C    -0.0122742504    -1.6828407049     0.0387255624
H     1.6011382341    -3.2708213329     1.8332618475
H     1.0440688133    -2.0724556446    -1.8873605728
H    -2.4384779930    -2.2999742031    -0.4996224940
C     0.0231742207     1.0531965494     1.0484521389
H    -0.5821680427     1.5035912991     3.2442030907
C    -0.0088209845     3.0064456463    -0.5668734312
H     0.2407325655     2.6074287891    -2.3512613773
H    -0.0219389759     5.7027444839     0.3878639638
 momenta
  -1.693976       19.78696       6.202209    
   1.065154      -4.190408      -5.590225    
   3.210687      -2.190694       11.25963    
  -4.056921       1.630662      -3.284277    
   4.778768      -11.50080      -9.878943    
  0.2299888       2.928557       1.537202    
  -2.770025      -4.045434      3.9829392E-02
  0.8834106      -2.695554       1.536624    
  -2.457159      -10.05720       6.910365    

 1.0 
 0.0
