C     0.0070503219    -1.6777956486     0.0462706499
H     1.3219667673    -3.2290780544     1.8401471376
H     1.3140152693    -1.5638757944    -2.0718932152
H    -2.7017869949    -2.0898406506    -0.6605355144
C    -0.0087021990     1.0457609892     1.0592349768
H    -0.0799820870     1.3854156733     3.1973509789
C     0.0108254040     3.0174973011    -0.5655353665
H    -0.3012889922     2.1503379345    -2.5261039734
H     0.0092317471     5.1633901596     0.1458850652
 momenta
  -2.083616       2.867253      -2.375324    
   5.557477       3.449372       1.292062    
  -1.185018       1.829285       9.147314    
   4.002870       6.610453     -0.2597422    
  9.7497478E-02 -0.9224452      -4.089797    
  -3.653194       4.121271       5.445662    
   3.234833      -6.190024      -1.785571    
  -8.223222       2.610580       8.741194    
 -0.6079627      -3.980071       4.050109    

 1.0 
 0.0
