C    -0.0091129886    -1.7147374153     0.0607159324
H     0.7249185443    -3.4749348164     1.5328274965
H     2.0503764153    -1.7003560066    -2.1534781456
H    -2.6327214241    -2.2435812950    -0.9742108583
C     0.0173617620     1.0911700726     1.0610215664
H     0.4521330893     1.4614341259     2.9986021519
C    -0.0241619777     2.9986140728    -0.5679151416
H    -0.0697274581     2.6271903515    -2.2233326435
H     0.0501494706     5.5792365074     0.1831692457
 momenta
  0.4499804      -1.785616      -3.754272    
  -6.509379      -3.028867     -0.2563140    
   8.965482      -4.890227       12.24449    
  -1.323726       8.528881      -1.098907    
   6.736989       6.783968      -2.950414    
 -3.7241525E-03  -3.623289      0.1734699    
  -9.387901      -7.480992       5.237087    
  -1.209966       8.444428       2.009223    
   7.479424       3.074082      -8.017367    

 1.0 
 0.0
