C    -0.0132495034    -1.6550196409     0.0737229660
H     0.9194709659    -3.2282612324     2.0882084370
H     1.4332804680    -1.6325970888    -1.7954585552
H    -2.1718139648    -2.0392038822    -0.5337114930
C     0.0179372896     1.0061484575     1.0208550692
H     0.2303468138     1.3063131571     2.8399312496
C    -0.0174255446     3.0179789066    -0.5811742544
H     0.1593365669     2.8729798794    -2.4103612900
H    -0.1198278889     5.2131953239     0.8177158833
 momenta
  -3.689428      -2.726340       9.642932    
   3.636657      0.9998950       9.207064    
   1.361502       10.31844     -0.3572337    
   3.016384       1.181045      0.5122074    
 -0.9071560      -5.602485      -11.16862    
   2.759232      -6.857358      -4.567963    
   3.057517       5.754398      -5.248811    
  -3.281787       3.230072      -1.936815    
  -2.173515      0.2654191       20.45876    

 1.0 
 0.0
