C     0.0126812961    -1.6622155905     0.0651138946
H     1.3685263395    -3.3793916702     1.8051068783
H     1.2583590746    -1.5118219852    -1.9255431890
H    -2.8396067619    -2.1903710365    -0.4847131968
C    -0.0133649232     1.0143512487     1.0678707361
H    -0.0360647216     1.0786004066     3.1836686134
C     0.0007685958     3.0225741863    -0.6061352491
H    -0.0010289100     2.8786094189    -2.7422020435
H     0.1665679663     5.3963174820     0.6330515742
 momenta
   4.579711      -3.363775      -1.536287    
  -7.530802      -9.873152      -6.210157    
   11.19375      -7.353081      -8.830683    
  0.9068194       6.913107       6.694500    
  -4.443178       6.031095       5.400799    
  -1.720483      -1.115825      -3.514983    
  0.1310902       1.778443      -1.579929    
  -8.749310      -3.748212       10.76165    
   5.209122     -0.1412161      -6.512345    

 1.0 
 0.0
