C    -0.0043954044    -1.6658842564     0.0360400565
H     1.2309957743    -3.0420749187     1.6357369423
H     1.6771905422    -2.0406868458    -2.3001668453
H    -2.2971086502    -2.1641631126    -0.3255786002
C    -0.0245318133     1.0505777597     1.0819687843
H     0.1056820974     1.3370904922     2.9380412102
C     0.0182952862     3.0023086071    -0.5613944530
H    -0.3321637213     2.5229401588    -2.7126994133
H    -0.0088185510     5.1346507072     0.0085142674
 momenta
  -7.622021      -6.458245       2.261987    
   7.140917      1.6026478E-02 -0.7839895    
   17.05247      -14.14995      -7.017017    
  -2.878256      -4.005167      -5.746959    
   2.165710     -0.1200311       4.677625    
   3.523415       1.754879      0.8852369    
 -0.7272566       8.553548      -4.114563    
  -2.903921       3.418448      -1.449819    
 -0.7393604       6.150244       4.570998    

 1.0 
 0.0
