C     0.0159667991    -1.6695770025     0.0557351075
H     0.9193058610    -2.6892955303     2.0319848061
H     1.1503889561    -1.8706942797    -1.8570692539
H    -2.5791866779    -2.3027164936    -0.1871708483
C    -0.0182596203     1.0169160366     1.0458992720
H     0.2101309896     1.1011195183     2.8787922859
C     0.0121122096     3.0233376026    -0.5981804729
H    -0.0447009765     2.8751649857    -2.6829078197
H    -0.1368963271     5.3211665154     1.2432589531
 momenta
  -1.315311       7.194777       2.383691    
   7.887562      -5.035904       1.777699    
   5.106822      -1.523265      -3.394796    
  -5.461374       1.315455      -8.930894    
   4.328887      -13.49033       12.83199    
  -4.073917       7.232275      -2.343958    
  -10.42947       2.502776      -11.34937    
   6.101828       7.026178      -5.360476    
   15.77179       4.084182       5.124858    

 1.0 
 0.0
