C    -0.0052901888    -1.6902991533     0.0493339412
H     1.0898625851    -3.4354412556     2.0924479961
H     1.4935745001    -2.0674240589    -2.0983812809
H    -2.2472863197    -2.2373549938    -0.7054503560
C    -0.0010040439     1.0310661793     1.0418317318
H     0.1200321317     1.8310675621     2.8760221004
C     0.0038361514     3.0379676819    -0.5561906099
H    -0.3974361420     2.2927064896    -2.4652991295
H    -0.0246738195     5.7003889084     0.4301264286
 momenta
   4.922379      -3.103528      -1.876319    
  -7.108385      -8.143402       6.382277    
  -1.865070      -7.304212       5.570673    
  -3.425428      -1.104073      -2.401266    
  -1.983285      -4.717350      -3.906848    
   11.26330       4.164221       7.519065    
  -3.314066       8.856750       1.301218    
   2.765540      -4.441867      -2.667675    
 -0.5675983       13.05376       1.177488    

 1.0 
 0.0
