C    -0.0148205701    -1.6793508530     0.0317624621
H     1.2557586432    -3.1656870842     1.5373392105
H     1.6350525618    -1.7214981318    -2.1954257488
H    -2.5707097054    -2.3169102669    -0.5339393020
C    -0.0005703959     1.0309274197     1.1158901453
H     0.2497869879     1.4163177013     3.2979118824
C    -0.0019860596     3.0343008041    -0.6057072878
H     0.2900966108     2.0990648270    -2.4085884094
H    -0.2133339345     5.4839739799     0.1528723538
 momenta
  -4.707268      -8.150097      -6.996722    
  -4.336671     -0.2909750      0.8348280    
  -1.183149      -6.228955      0.3227251    
   11.13515      -4.534639       3.389728    
   8.475234       5.734259       8.599003    
  -11.72345      -3.774482       8.037340    
  6.4808719E-02   8.417474      -3.001644    
  -3.530502      -1.636092      -4.538419    
  -3.625984      -4.132359      -3.508194    

 1.0 
 0.0
