C    -0.0040048514    -1.6992795467     0.0583418831
H     1.2272608280    -2.7606332302     1.8711388111
H     1.4052693844    -1.9550335407    -2.1337578297
H    -2.6000216007    -2.4417946339    -0.0231131464
C    -0.0056355330     1.0304596424     1.0188806057
H    -0.1539754272     1.4482308626     2.7189095020
C     0.0164351128     3.0364913940    -0.5521761179
H     0.0241797026     2.8488504887    -2.3936190605
H    -0.2468624264     5.4103260040     0.4959588349
 momenta
   4.967274      0.3832679      -3.474417    
  0.2283614      -9.234253       3.334985    
  -5.938680      -9.989276       6.599772    
  -5.567908       1.740915      -1.956954    
  -1.988934      -4.477248       7.804239    
   6.349722       4.135984      -10.81629    
  -2.937454       9.999866      -3.216057    
   6.423500     -0.1272753     -0.9245278    
  -1.918585      -7.138956     -0.2080045    

 1.0 
 0.0
