C    -0.0068097617    -1.6410342455     0.0466944985
H     1.2959644794    -2.8452847004     1.8491183519
H     1.2972089052    -1.6038242579    -2.1833240986
H    -2.4059684277    -2.4178442955    -0.5688130856
C    -0.0063794507     1.0173232555     1.0721451044
H    -0.0106927967     1.2619303465     2.9568974972
C     0.0049646883     3.0042586327    -0.5715582371
H    -0.0291669704     2.4744870663    -2.4110879898
H     0.1244407892     5.1458749771    -0.0191531442
 momenta
   1.005417       1.660840      0.8509804    
  0.9001434      -13.02723       6.285410    
  -2.956007      -9.003732      -10.36141    
   5.578308     -0.9014363       4.099908    
  -5.596817      -3.498806      -2.805233    
   4.558217       11.96959      -2.147286    
   3.263470       2.354565       2.098483    
   2.928955       1.092288      -5.453126    
  -6.362204       7.936437       7.082921    

 1.0 
 0.0
