C     0.0026188400    -1.6715528965     0.0355590805
H     1.1095590591    -2.9803888798     1.9023801088
H     1.6418931484    -1.5444784164    -2.1541082859
H    -2.8683199883    -2.1840314865    -0.4178271294
C    -0.0067558913     1.0472426414     1.0784928799
H     0.2656130791     1.1489194632     3.0764520168
C    -0.0034713859     2.9925003052    -0.5716889501
H     0.1185686216     2.6674652100    -2.5971908569
H    -0.0259317625     5.4208788872     0.0230525006
 momenta
  -3.966310       4.200287      -2.488201    
  -1.997941      -10.35221       7.055718    
   4.000830      -2.819725      -6.043161    
   3.566180      -7.056552      -8.410830    
   2.020121       1.287559       10.38095    
   8.008995       3.434351      0.7445732    
 -0.9721020      -5.132816      -6.757078    
 -0.3683959       2.193771      -3.104203    
  -3.528360       13.43779       5.954175    

 1.0 
 0.0
