C    -0.0015815382    -1.6903890371     0.0434879027
H     0.7624197006    -3.3546376228     2.1329085827
H     1.7027280331    -1.8219674826    -1.9657982588
H    -2.3323245049    -2.5566990376     0.2322095186
C    -0.0028274334     1.0275570154     1.0391875505
H    -0.0826622248     0.9661064148     2.8566017151
C     0.0096412059     3.0502738953    -0.5678728819
H    -0.3125168979     2.9269132614    -2.5699796677
H    -0.0305609591     5.5849628448     0.2697423995
 momenta
  -1.341128      -2.093504       1.624090    
   5.908014      -3.727018       7.478231    
   2.541002      -7.614527      -1.997322    
 -0.5787988       3.504744       4.128098    
  0.6204155     -0.8854153      -9.299283    
 -0.5788919      0.8776907       4.221359    
  -4.432920       5.377778       1.431033    
   7.565064       8.412899       5.949641    
   3.054353      -9.832741       1.654678    

 1.0 
 0.0
