C     0.0168566816    -1.6717926264     0.0281623825
H     0.7026782036    -3.4773440361     2.0698106289
H     0.9726650119    -1.7348365784    -2.2297322750
H    -2.2200560570    -2.3144845963    -0.5537421107
C     0.0017596532     1.0652854443     1.0694668293
H    -0.1886593848     1.7698743343     2.9734308720
C     0.0087810773     2.9718461037    -0.5566970110
H    -0.3702537417     2.7110464573    -2.5543277264
H    -0.0950954407     5.6937642097     0.1769456863
 momenta
  -8.233140      -2.009818      -2.363030    
   6.123634      -6.069497     -0.6369118    
   11.04613      0.9300023      0.1158303    
   2.026304      -6.122090      -4.396663    
   6.121261       7.544091       4.533371    
  -3.666253       12.68164       1.991572    
  -3.427027      -6.870194      -3.964152    
  -1.938613       1.281232      -4.825517    
   5.372179       1.959886       13.95967    

 1.0 
 0.0
