C    -0.0079929698    -1.7255187035     0.0469346233
H     1.2190849781    -3.2277357578     2.2680695057
H     1.5545486212    -2.1889758110    -2.4378631115
H    -2.3032968044    -2.4847640991    -0.5579708815
C    -0.0065927408     1.0461510420     1.0673861504
H     0.0430830233     1.3292311430     3.1285872459
C     0.0027278338     3.0653800964    -0.5882577896
H    -0.2600526512     2.7277238369    -2.4465985298
H     0.1594598144     5.6391859055     0.5473656654
 momenta
  0.7879853       5.957947      0.5873391    
  -4.405959       6.225234     -0.4797273    
  -1.819166      4.4917660E-03  -5.645286    
   3.539611      -3.129994      -6.260222    
   1.331040      -9.431903       10.44316    
  -1.765274      -1.413985       2.717880    
  -2.179018       2.372423      -3.439532    
  -2.261240       5.153084      -5.666677    
   6.820182      -2.976550      -10.81947    

 1.0 
 0.0
