C    -0.0201134086    -1.6733175516     0.0305248108
H     1.5225888491    -3.1765570641     1.7646868229
H     0.9690445065    -1.7101824284    -2.0032734871
H    -2.0789484978    -2.9521155357    -0.4421800375
C    -0.0051877610     1.0695939064     1.0803860426
H    -0.2216410637     1.3702024221     3.0267975330
C     0.0189607181     3.0064787865    -0.5748580098
H     0.0273129623     2.4831368923    -2.6403341293
H    -0.0354753137     5.0892329216     0.3692326546
 momenta
   3.638780      -14.24584       1.072778    
   7.358505      0.8537909       1.271790    
   3.261931      -1.645619      -7.157780    
  -6.472632       8.746577       5.430729    
  -5.775852       4.005033      0.9175091    
  -3.338891      -2.749317      6.8400756E-02
 -0.4973261       8.854071      -2.315232    
  0.9138156       7.094564       3.620700    
   7.615896      -7.503428      -1.937326    

 1.0 
 0.0
