C    -0.0133061307    -1.7294353247     0.0467176847
H     1.0838240385    -3.2384560108     1.7817790508
H     1.5914851427    -1.8770035505    -2.1631801128
H    -2.4007267952    -2.7410762310    -0.4462983310
C     0.0016814987     1.0530674458     1.0611406565
H     0.0853012130     1.8018318415     2.9935979843
C     0.0018352546     3.0518767834    -0.5699356794
H    -0.0297006164     2.8245608807    -2.4177649021
H    -0.0044217003     5.4549164772     0.2608186007
 momenta
 -3.8120061E-02  -3.057400       1.544800    
  -5.334240     -0.1032619       5.662738    
   2.270635      -4.723416      -7.364077    
   8.359143      -10.84724       5.490658    
  -2.187239      -5.170914     -0.7118215    
  -3.239145       5.092599      -10.11781    
   1.267035       11.16900      0.6569764    
  -7.239687       10.33222       3.808266    
   8.428612      -9.886309      -2.709234    

 1.0 
 0.0
