C     0.0209798738    -1.6587816477     0.0374217480
H     1.1116346121    -3.0903520584     2.0817854404
H     1.0756672621    -1.5210678577    -1.5538346767
H    -2.3703575134    -2.5726947784    -0.2500083148
C    -0.0407120064     1.0336713791     1.0350413322
H     0.2137910277     1.2719857693     3.1790843010
C     0.0136122303     2.9976260662    -0.5683574677
H    -0.4177638888     2.6661734581    -2.7251260281
H     0.5588347316     5.5919427872     0.6726372242
 momenta
   5.900778      -14.77401       1.968397    
  -1.394598      0.4162655     -0.9166921    
  -3.504721       1.249710      -7.926198    
  -10.00849       4.874029      -1.548116    
  0.2963324       16.40420     -0.5069949    
  -6.144673      -5.636302       1.750366    
  0.3065767      -3.456640      -1.122423    
 -0.4224280       3.843331       1.983909    
 -0.9579628       1.912625       5.641901    

 1.0 
 0.0
