C     0.0123191234    -1.6682535410     0.0461051539
H     0.9104582071    -2.9906802177     1.5882246494
H     1.2196785212    -1.7065197229    -1.9558898211
H    -2.3328988552    -2.0522482395    -0.1279932261
C    -0.0269932263     1.0337080956     1.0581214428
H     0.4758448303     1.3163782358     3.0168416500
C    -0.0016535779     3.0032866001    -0.5757306218
H     0.4404560328     2.7833242416    -2.3663349152
H    -0.1079092994     5.1473493576     0.2428102642
 momenta
   3.313653       10.02078      0.1445218    
  -1.959027      -5.334920      -2.463462    
  -2.300518       1.166859       9.736443    
  -1.088226       6.794852       9.870396    
  -2.246829      -4.781994      -11.10386    
  -2.022998      -1.762439      -6.719316    
   4.176264      -5.093573       9.694694    
  -3.688790     -0.1118835       3.454896    
  -6.876232      -1.315271      -9.693602    

 1.0 
 0.0
