C     0.0078924792    -1.6615983248     0.0649222359
H     0.8813394904    -2.6434991360     1.3263416290
H     1.1635919809    -1.6566454172    -2.6268737316
H    -2.4747567177    -2.7649824619    -0.6962888837
C    -0.0010798787     1.0579795837     1.0626021624
H    -0.2582629323     1.1277166605     3.0150978565
C     0.0033331553     2.9860479832    -0.5512154102
H    -0.0307491925     2.4126148224    -2.3055489063
H     0.2336792350     5.4723320007    -0.2738466859
 momenta
  -7.505945       3.292194       4.345812    
   6.460558       5.826681      0.6406619    
  -1.365251      -1.211415      -5.405734    
   7.815087      -6.550541      -2.316771    
   1.808499      -1.781088     -0.8972349    
 -0.2524172      0.4717477      -14.77987    
   2.316380       1.995862      -1.957546    
   4.035433      -4.076512       6.930912    
  -4.959341      -6.654175       9.602955    

 1.0 
 0.0
