C     0.0099094883    -1.6381701231     0.0675484315
H     1.1091878414    -3.3313271999     1.9557739496
H     1.3781220913    -1.3093832731    -2.1325116158
H    -2.6771602631    -2.2880039215    -0.3302064240
C    -0.0106034549     1.0138156414     1.0454099178
H    -0.1089986265     1.0920735598     3.0230903625
C     0.0100505371     3.0025963783    -0.5887583494
H    -0.2586988509     2.6647357941    -2.5666449070
H     0.1019382626     5.3013586998     0.6257245541
 momenta
  -1.053611      0.4178048       4.897654    
  0.1129364      -1.734723      -4.251871    
 -0.7679771      -2.885368       5.070103    
   8.131460      0.6051485       12.45465    
  -2.299855      -5.781195      -11.42127    
  -6.247437      -3.382855      -2.919815    
   5.926003       4.783918       1.843375    
  -5.646380       8.940985       4.011648    
  -4.367974      0.5910066       1.662679    

 1.0 
 0.0
