C    -0.0005784553    -1.6885826588     0.0751374662
H     0.9304429293    -2.9529657364     1.4531755447
H     1.3671066761    -2.3576903343    -1.9704060555
H    -2.6075270176    -2.4906220436    -0.6866686344
C     0.0180021264     1.0292980671     1.0308102369
H     0.0449230187     1.4832887650     2.8847370148
C    -0.0177862551     3.0391576290    -0.5525271893
H     0.3006538749     2.9358155727    -2.5265159607
H    -0.1017942429     5.4289164543     0.2148247957
 momenta
 -0.7162427       5.441038       5.064373    
  -12.03171       1.686585      0.7127293    
   8.871776     -0.9826933       3.382580    
  -2.242504     -0.2698783      -2.491352    
   8.643833      -6.974991      -6.442971    
   2.612755       3.414788       7.170012    
  -9.151678       5.008547      -3.611420    
   3.176616       3.907814      -1.074789    
   3.786721      -19.53776       9.331717    

 1.0 
 0.0
