C     0.0083671594    -1.6214118004     0.0664426982
H     1.2905513048    -2.9249584675     1.9097243547
H     1.1502783298    -1.4908055067    -2.2742486000
H    -2.5240712166    -1.9011212587    -0.1772562712
C    -0.0118890395     1.0002992153     1.0382010937
H    -0.1692375392     1.2590825558     2.8561429977
C     0.0023012268     2.9800531864    -0.5777894258
H     0.2308323234     2.7837479115    -2.4470942020
H     0.0148508511     5.1861414909     0.5965149999
 momenta
 -0.7730935       14.31308      -1.584440    
   2.969290      0.5327014      -4.872223    
  0.7257746      -6.110323       3.389240    
   5.946191       6.450526       10.66822    
  0.2150595      -9.751046      -3.607666    
  -12.47684       4.500000      -2.602668    
   3.903988      -4.606301       1.307656    
  -6.964952      -4.975225       4.601353    
  -1.368168     -0.2963742       2.156170    

 1.0 
 0.0
