C     0.0077514863    -1.6657879353     0.0324213915
H     1.2482777834    -3.4363641739     2.0358781815
H     1.3185993433    -1.6700929403    -2.3893244267
H    -2.4443199635    -2.2469143867    -0.2029587924
C    -0.0211704206     1.0572056770     1.0727877617
H    -0.0610227808     1.1228971481     3.2731697559
C     0.0086922785     3.0071978569    -0.5729500651
H    -0.0390246511     2.4326539040    -2.5628077984
H     0.1091440693     5.0744037628     0.0874583125
 momenta
 -0.2639710     -0.3001899      -1.061705    
  -1.139083     -0.6519313       1.199208    
   4.120319      -3.387260       1.553646    
  -2.493509       5.495756      -2.150114    
   5.518112       2.671327      -3.672809    
  -4.606712     -0.6104256       1.708711    
  -4.481986      -6.305799       7.771151    
  -1.095656       6.463579      -1.542565    
   2.528888       6.254766      -11.25555    

 1.0 
 0.0
