C    -0.0080675846    -1.6834377050     0.0637952164
H     1.0285879374    -3.3926641941     1.6354037523
H     1.3637820482    -1.8346098661    -2.1448397636
H    -2.3451113701    -2.7686760426    -0.6345232725
C    -0.0048681437     1.0408953428     1.0649518967
H     0.4145536125     1.3061975241     3.1781842709
C    -0.0096772462     3.0396749973    -0.5842443109
H     0.3842693567     2.7022674084    -2.6512472630
H    -0.0015618961     5.3249983788     0.3547640443
 momenta
   2.876968       13.45445      -1.438588    
  0.2693977       2.718617      -7.856080    
  -2.572384       3.352214      -8.023518    
  -4.064055     -0.9966158      -1.521653    
  -2.498858       2.257779       6.485299    
  -5.154626       4.304391       3.495264    
   4.760283      -15.55494      -1.001323    
  -4.390532      -3.208060       4.320733    
  -1.611459      -6.541531      -4.255062    

 1.0 
 0.0
