C    -0.0019091065    -1.7070283890     0.0717234388
H     0.8864774108    -3.1634900570     1.6575455666
H     1.4624705315    -1.8618873358    -2.2882025242
H    -2.0935299397    -2.7236993313    -0.0191397928
C    -0.0251045115     1.0235432386     1.0375076532
H     0.1395320147     1.4230275154     3.1771380901
C     0.0188631732     3.0633072853    -0.5858181715
H    -0.1233229265     3.0030643940    -2.6213290691
H    -0.0090998597     5.3801603317     0.7017115951
 momenta
   1.309749      -4.821358      -5.431041    
  -2.600577      -11.63447      -4.679065    
  -9.328530      -2.937825     -0.8579802    
   6.227060      -10.74666      0.6227106    
  -2.082414       13.79361       2.620740    
  -2.565309       4.070796       1.922197    
   6.120187     -4.6428066E-02   6.759813    
  -3.456432      -11.86909      -4.502614    
  -6.814701       2.207050      -6.312108    

 1.0 
 0.0
