C    -0.0138524594    -1.6893924475     0.0548704118
H     1.0600693226    -3.2870206833     2.0249001980
H     1.3910092115    -2.1480762959    -2.0369195938
H    -2.2232544422    -2.4082660675    -0.3713681400
C     0.0314771123     1.0626597404     1.0188564062
H    -0.4255424738     1.2480512857     2.9111893177
C    -0.0179817621     3.0075833797    -0.5481033325
H     0.0771955028     3.0199635029    -2.4159142971
H     0.0579335690     5.5860900879     0.3928277791
 momenta
   5.847125      -7.611625       1.677915    
  -3.870070      -5.741389       1.320440    
  -8.546471      -1.073200       4.928254    
 -0.8864523      -4.486619       1.216992    
  -2.408718       3.015336      -4.610175    
   1.407135      -7.693312      -1.509633    
  -3.223902       14.15350     -0.9265704    
   4.491986      -8.980084       4.197505    
   6.513233      -5.097661       3.090595    

 1.0 
 0.0
