C    -0.0165899917    -1.6314555407     0.0231957585
H     0.7692127824    -3.0165252686     1.6596021652
H     1.6760368347    -1.4564634562    -2.0684018135
H    -2.1652784348    -2.2727599144    -0.5707793832
C     0.0115938643     1.0581357479     1.0932672024
H     0.1993694156     1.6114085913     3.1050689220
C    -0.0005053590     2.9583792686    -0.5734911561
H    -0.1594096273     2.1701204777    -2.5890667439
H    -0.1560499072     4.7962145805     0.2582642436
 momenta
   3.197079     -0.5193198       3.640677    
  -13.44101      -5.481855       4.732597    
   2.227477      -1.014919       6.254578    
  -5.275469       7.314435     -0.7177300    
   6.702540      -3.711854      -9.337584    
   6.440635     -0.7123525       4.637864    
  -6.545570       3.455298       1.530912    
   5.290873       7.291664      -2.981065    
  -6.957995      -4.533293       2.256353    

 1.0 
 0.0
