C     0.0092068482    -1.7166420221     0.0267699063
H     0.9140689969    -3.2640745640     1.8341206312
H     0.9596253633    -1.6110266447    -2.1304326057
H    -2.3708381653    -2.1545417309    -0.6845835447
C     0.0071304049     1.0781850815     1.0927791595
H    -0.0774137527     1.3440618515     3.2627458572
C     0.0010645569     3.0199151039    -0.5827417374
H     0.0116392691     2.2091143131    -2.3128256798
H    -0.2198801041     5.4586520195     0.0833164081
 momenta
   2.041416      9.3012094E-02   8.898832    
  -4.254334       6.251648      -2.829004    
   1.357957       8.796632      -1.572125    
  -6.328098       4.943697      -6.201506    
   8.058265     -0.4267515      -5.577761    
  -9.156191      -13.16060       4.218529    
  -8.259962     -0.2033151       1.625541    
   1.463731      0.4966186      -9.658583    
   10.56069      -5.139042      -1.057785    

 1.0 
 0.0
