C     0.0058794105    -1.7396085262     0.0163697433
H     1.2487307787    -3.7052190304     1.6824519634
H     1.1730220318    -2.0424046516    -2.0311992168
H    -2.4207696915    -2.5423581600    -0.2976322472
C    -0.0201120712     1.0839673281     1.0936838388
H     0.0787066668     1.7025473118     3.0255353451
C     0.0123060280     3.0560591221    -0.5710117221
H     0.0748687983     2.3348464966    -2.3811233044
H    -0.1493702829     5.4435038567    -0.0361913331
 momenta
   5.095365       5.392373       5.027454    
   1.389479      -3.793591       12.95647    
  -4.265291      -3.115988       6.223882    
  -8.411457       10.40018      -6.818852    
   1.744258      -10.91236      -8.132097    
  0.7281213       2.839339      -8.889639    
  -3.662575      -2.897161       2.182392    
  -2.658120       19.85375      -2.656760    
   1.981748       2.974081       2.316841    

 1.0 
 0.0
