C    -0.0062553119    -1.7003201246     0.0355612561
H     1.1805001497    -3.3402247429     1.8232173920
H     1.5415184498    -1.5488289595    -2.5653367043
H    -2.1769142151    -2.6269044876    -0.2040696740
C    -0.0374519341     1.0893130302     1.0512757301
H     0.2892342806     1.6331249475     3.1329557896
C     0.0258790739     2.9910359383    -0.5492926240
H    -0.1764011234     2.2603011131    -2.4273316860
H     0.0151738683     5.6549348831     0.2730656862
 momenta
   1.025525      -1.049337      -2.715055    
  -6.338240      -4.909712       9.535341    
   7.836572      -6.428297      -3.971543    
   2.275657       7.794021       2.224916    
  0.1700985      -2.167723      -3.679828    
   4.485941       4.886363       5.176429    
  -2.657013       4.539899       1.092620    
  -3.439914      -5.277619       2.731434    
  0.4853742     -0.7710220       2.631866    

 1.0 
 0.0
