C     0.0000120510    -1.7142342329     0.0575436316
H     0.9429438114    -2.9657757282     1.5743042231
H     1.0729879141    -1.5955885649    -2.5648915768
H    -2.0597069263    -2.6803457737    -0.6103289723
C    -0.0235746168     1.0313239098     1.0784654617
H     0.3536988199     1.9572659731     2.9679689407
C     0.0078655388     3.0446622372    -0.5729466081
H     0.2455739081     2.4718353748    -2.5639777184
H     0.0233745463     5.5941085815     0.1782262027
 momenta
  -2.783633       1.553447       5.629714    
 -0.6929579      -6.077145      -6.863523    
  6.9329672E-02  -11.08432      -6.283847    
   3.894628       1.823831      -1.364041    
   9.900802      -11.97850       5.296554    
  -15.08898       4.493927       1.030662    
  -2.948307       13.35104      -6.805833    
   1.568794       2.395299     -0.3036757    
  -4.094076      -1.423043     -0.5864864    

 1.0 
 0.0
