C    -0.0133975036    -1.6931862831     0.0582984872
H     1.2384815216    -3.3242416382     1.3959088326
H     1.8491835594    -1.3764293194    -2.0584661961
H    -2.3262135983    -2.3006467819    -0.4886229634
C    -0.0154340882     1.0340700150     1.0767738819
H     0.1618680060     1.7392690182     3.1287472248
C     0.0036806304     3.0290062428    -0.5889429450
H    -0.2531425357     2.5601348877    -2.6770901680
H     0.2978718579     5.1586804390     0.3770396113
 momenta
  -4.708732       12.46174     -0.8017794    
  -3.160383      -2.941395      -7.715568    
  -5.144081      -7.331809       6.382884    
   11.16280      -15.32181      -9.209900    
   3.481239      -3.263990      0.6486295    
   2.686012       12.29010       5.174209    
  0.7859191      -6.588816       3.735570    
  -1.288834       2.690830      1.0041207E-02
  -3.059201       1.461495      -7.182035    

 1.0 
 0.0
