C    -0.0086630983    -1.7208977938     0.0487162769
H     0.8359630108    -3.5060775280     1.6771221161
H     1.6045192480    -2.1761081219    -2.2663693428
H    -2.1376740932    -2.7140986919    -0.3752034307
C    -0.0035877062     1.0628621578     1.0719765425
H     0.2786872089     1.6027194262     2.9242601395
C    -0.0081165070     3.0579600334    -0.5787504315
H     0.1556400359     2.5832622051    -2.6947596073
H     0.0196943823     5.4292745590     0.5781112909
 momenta
 -7.6834448E-02  0.4503818       1.989403    
  -4.315990       2.816998       2.738925    
   1.541334      -3.646107      -3.771273    
   5.548253       5.731610       1.445173    
  0.9515924       3.444661      -9.720871    
   2.446706       1.271895       2.398452    
  -4.415851      -5.566330       5.635642    
   4.867872       3.762335       2.309833    
   2.348288      -4.276700       2.055795    

 1.0 
 0.0
