C    -0.0000606071    -1.6748722792     0.0468565673
H     1.2878400087    -2.9894742966     1.5809139013
H     1.2271608114    -1.5611157417    -2.3636956215
H    -2.6014218330    -2.4973788261    -0.5681311488
C    -0.0104551418     1.0529315472     1.0988607407
H    -0.1859110296     1.1875723600     3.0782637596
C     0.0253481586     2.9991712570    -0.5892479420
H    -0.2313119024     2.6187605858    -2.6796133518
H    -0.1785483062     5.4090046883     0.2034587860
 momenta
  0.1934852       2.928488      0.8821405    
   10.15289      -5.599556       4.713990    
  -3.638788       3.428104      -3.662429    
  -7.045029       3.408193       4.615020    
  -4.774404      -6.727589      -1.968235    
  0.2284658      0.3168913      -4.504515    
   8.404080       5.074210       5.653303    
  0.5326025      0.2249181      -6.338090    
  -13.22625      -6.216631      -10.78662    

 1.0 
 0.0
