C     0.0227551702    -1.7044280767     0.0529935434
H     0.9327437878    -3.2707099915     1.4909224510
H     1.4449896812    -1.8588286638    -1.8499263525
H    -2.7297410965    -2.2665998936    -0.5230072141
C    -0.0130157387     1.0330440998     1.0619833469
H    -0.0883195251     1.6402356625     3.2669291496
C     0.0031631598     3.0444443226    -0.5684413910
H    -0.4697554410     2.7168958187    -2.8502244949
H     0.3056441247     5.3701615334     0.1265082657
 momenta
  -6.687683      -1.721709       4.310389    
  -1.432736     -0.7236195       1.941899    
   16.31807       6.232999      -7.700201    
 -0.7877117      9.9720858E-02  -9.956934    
   2.927580      -2.465080       5.708398    
   10.67281      0.4394024      -5.728670    
  -3.001351      0.8069229      -2.854750    
  -1.838547       2.047014      0.4159104    
  0.3196009       3.597414      -3.538288    

 1.0 
 0.0
