C    -0.0081731724    -1.6536102295     0.0625816733
H     1.0966144800    -3.5804188251     1.9377682209
H     1.2956033945    -2.0010395050    -2.0269904137
H    -2.3618299961    -2.7533943653    -0.4987466633
C     0.0070273341     1.0276869535     1.0292093754
H     0.1090368479     1.3840904236     2.8272969723
C    -0.0097545357     3.0237684250    -0.5585272312
H     0.2557111382     2.5772333145    -2.4472870827
H    -0.0307393428     5.6786680222     0.4031624198
 momenta
  0.6350591       10.52114      -2.650503    
  0.3747253       10.52028       3.664767    
  -4.294010     -0.4704942       10.51199    
  -1.757724     -0.3805164       5.715486    
   2.242260      -5.773138      -9.065408    
  -2.719060      -11.59015       3.485396    
  -2.513704     -0.7135646       3.578402    
   4.656748      -9.709138       5.331573    
   2.575944      -2.442725     -0.7459130    

 1.0 
 0.0
