C    -0.0243241414    -1.6615642309     0.0455097705
H     0.9843901992    -2.9497475624     1.9563864470
H     1.9926316738    -1.5099546909    -1.8367533684
H    -2.3254423141    -2.1794219017    -0.3090249896
C     0.0076610399     1.0372984409     1.0487296581
H     0.3544744253     1.1527049541     2.9912197590
C    -0.0068450798     2.9944577217    -0.5712595582
H    -0.0691893920     2.7921717167    -2.6115131378
H    -0.0409361087     5.1401157379     0.4289083779
 momenta
  -4.040523       8.892058      -2.765247    
   7.869673      -3.119604       4.282896    
  0.2416667       2.667467       8.650649    
  -5.021691      -7.496927       10.22400    
  0.9014691      -6.287645      -3.633955    
  -3.335479     -3.0054722E-02  -11.01715    
   5.918830      0.6299317       4.400396    
  0.4216579       5.377177     -0.9334524    
  -9.906243      -8.540999      -4.658671    

 1.0 
 0.0
