C     0.0053810095    -1.6424099207     0.0118363053
H     1.1324193478    -3.0979595184     2.0298233032
H     1.2976717949    -1.6216343641    -2.0723865032
H    -2.4281768799    -2.4481554031    -0.0058326558
C    -0.0279725622     1.0392620564     1.0678600073
H     0.3304277956     1.7512143850     3.0020492077
C     0.0034457180     2.9793739319    -0.5582093596
H     0.3114845753     2.3261435032    -2.5608572960
H     0.0797218978     5.2711968422     0.2921459377
 momenta
   3.232248      0.2092372       3.930744    
  -6.858443      -5.938769       6.794721    
  -2.360332       10.66121      -5.251234    
  0.7044780       7.026843      -7.918282    
   5.155610     -0.1500270      -3.865544    
  -3.125030       7.756712      -3.448203    
  -7.810811      -4.920407       5.651870    
  0.4323559       1.672075      -7.859940    
   9.307094      -4.369938      -2.172311    

 1.0 
 0.0
