C     0.0023157729    -1.6758213043     0.0559046604
H     1.2325214148    -3.2884128094     2.1638622284
H     1.2447912693    -1.7207778692    -2.1077098846
H    -2.5138976574    -2.2997071743    -0.2204895765
C    -0.0036249759     1.0042420626     1.0377334356
H    -0.0107583273     1.5472841263     2.7011294365
C    -0.0099326018     3.0366754532    -0.5586706996
H     0.3249044120     2.9698688984    -2.5972054005
H     0.1126457900     5.4406943321     0.1861140430
 momenta
   8.957800     -0.4902226     -0.3905417    
 -0.5028907       5.291745      -14.69005    
  -2.782505      0.5756801       1.910720    
  -9.560271       7.871090      -3.416946    
  -7.006978      -2.015432       7.577776    
  0.2255929       7.039123      -3.160956    
  0.9228385      -1.157886       1.669462    
  -3.564496      -4.303128       1.621050    
   6.459393      -3.982676      -12.55602    

 1.0 
 0.0
