C    -0.0090528587    -1.7605582476     0.0758980736
H     0.8812919855    -3.3659601212     1.9626803398
H     1.1518063545    -2.0977733135    -2.0469250679
H    -1.9973099232    -2.9851119518    -0.4917450845
C    -0.0052490891     1.0427393913     1.0161422491
H     0.3260551989     1.6974036694     2.8491365910
C     0.0040194779     3.0941278934    -0.5765048265
H     0.0925710201     2.8322870731    -2.4097671509
H    -0.1197598577     6.1110081673     1.0649908781
 momenta
   1.137095       11.11119       7.436483    
   5.178366       12.28721      -5.484252    
   1.273774       6.517967      -1.335771    
  -5.561421       10.40184       5.238884    
  -1.583237      -14.25010      -7.796979    
  -6.465728       3.745109      -6.662724    
   2.199536      -3.815724       1.299954    
 -0.3623544      -6.909139      -8.106322    
  0.3529418      -1.984303       13.17435    

 1.0 
 0.0
