C     0.0073098526    -1.7057859898     0.0694079921
H     0.8199777007    -3.4743611813     2.1246736050
H     1.5138181448    -1.7752653360    -1.9602506161
H    -2.2631862164    -2.4375224113    -0.2314619869
C    -0.0204998963     1.0235204697     1.0127731562
H     0.3030202687     1.2823077440     3.0560691357
C     0.0082615204     3.0716154575    -0.5751698613
H    -0.3644632697     2.6818344593    -2.4543635845
H     0.1198308319     5.3839697838     0.7443177700
 momenta
  -8.020864      -2.962940      -3.603231    
   7.411908      -1.844583      -7.406254    
 -0.4049710       8.031618       4.490786    
   11.09975      -7.200908       1.854824    
   2.722871       4.334274       7.245363    
  -8.424904     -0.9134830      -3.315363    
   2.470293      -2.006546      0.1636361    
  -1.928496     -0.7828665       1.870438    
   1.949277       4.816745      -10.74356    

 1.0 
 0.0
