C    -0.0041831080    -1.6678998470     0.0968760997
H     0.9827751517    -3.4993617535     1.9033771753
H     1.5213717222    -2.0616230965    -1.9051431417
H    -2.0731575489    -2.1913468838    -0.4372565150
C     0.0008051122     0.9920463562     0.9944946170
H    -0.0405927971     1.3136698008     2.8398182392
C    -0.0023931917     3.0514795780    -0.5552026629
H    -0.3713341653     3.1682322025    -2.9124097824
H     0.1417079121     5.4976706505     0.5859180093
 momenta
  -2.260466      -1.817982       3.009630    
   2.467495       7.847102     -0.1562654    
   6.669597      0.1411842       4.431796    
  -3.704156     -0.4408709      0.4775690    
  -2.498169      -2.268473      -4.728518    
   8.581968      -7.045408      -3.610833    
  0.7252778       3.564682      0.2288608    
  0.7325155       1.891089       1.775800    
 -0.8911382     -0.6432497       2.300246    

 1.0 
 0.0
