C    -0.0045421547    -1.6528798342     0.0396227986
H     1.0649602413    -3.2844595909     1.8759363890
H     1.5333571434    -1.8206861019    -2.3377478123
H    -2.3626811504    -2.5047717094     0.0215091016
C    -0.0079054125     1.0372333527     1.0608804226
H    -0.0374058150     1.2846990824     2.7253069878
C     0.0008762301     2.9996154308    -0.5583580732
H     0.1954237968     2.5926001072    -2.6469683647
H     0.0117321061     5.6085314751     0.1976722330
 momenta
   1.186608      -1.275600     -0.9519145    
 -0.8824390      -8.031280      -6.208530    
   3.222819     -0.6784831       1.516916    
   3.097534       1.171847       2.126145    
  -5.208235       9.475934       1.227147    
   1.359340      -2.421970      -5.083806    
   5.263233      -6.926521       1.505039    
  -9.832659      -7.315005      -3.969140    
  -1.302159       12.89340       5.651185    

 1.0 
 0.0
