C    -0.0011553296    -1.6639027596     0.0459910408
H     1.3669470549    -3.0724198818     1.6713534594
H     1.2284451723    -1.8097267151    -2.1288967133
H    -2.4183895588    -2.3909549713    -0.8617321253
C    -0.0098618167     1.0575758219     1.0778113604
H     0.0101349922     1.5380319357     2.7463490963
C     0.0020624730     2.9759654999    -0.5755367279
H    -0.1364987940     2.5493271351    -2.1538691521
H     0.2431908548     5.6481628418     0.3188550174
 momenta
   3.031939      -15.53677      0.5422964    
  8.8052481E-02  -1.739702       3.676269    
 -0.1209223      -1.830940       4.156720    
  -2.806512      -3.857602       7.118972    
  -5.335284      -5.705204      -4.317227    
   4.748233      -5.441920       2.585162    
 -0.5909775       21.74310     -0.6938247    
   2.878321       3.115083       5.718975    
   5.076276       7.878908      -7.689476    

 1.0 
 0.0
