C     0.0163108855    -1.6666518450     0.0634022430
H     0.8500834107    -3.2659924030     1.9827280045
H     1.3252775669    -1.7005629539    -2.3467288017
H    -2.5503191948    -2.5568397045    -0.3426867425
C    -0.0209154487     1.0419284105     1.0255503654
H     0.1515790671     1.3082573414     3.2152900696
C     0.0122127542     3.0052607059    -0.5592724681
H    -0.2140807211     2.8466722965    -2.5195059776
H     0.0522666238     5.3971123695     0.3624210358
 momenta
  -1.626326      -1.441887      -3.733018    
  -5.435017       9.409368       5.226059    
   6.124681      -14.19218       13.38018    
  -5.734987      0.3454791      0.6736326    
   5.657123      -6.647903      -2.969469    
   5.026018      -2.467490     -0.3138481    
  2.3839612E-02   6.710898       2.390751    
  -3.778941       5.646851      -6.768983    
  -10.49831       6.018339       2.576307    

 1.0 
 0.0
