C     0.0030151170    -1.6395734549     0.0423417166
H     1.4320348501    -2.9261054993     1.5692950487
H     1.0516589880    -1.4500210285    -2.2004394531
H    -2.1862413883    -2.1944656372    -0.3401421309
C    -0.0415328406     1.0167467594     1.0870252848
H     0.1182431579     1.5007991791     2.9473075867
C     0.0298389439     2.9908609390    -0.5837143064
H    -0.0996586978     2.2094354630    -2.6385915279
H    -0.0161341000     5.3855342865     0.3594911695
 momenta
  -1.546383       3.743921       5.308275    
  -2.419340      -5.536198      -8.267462    
   2.304200      -1.700520      -7.474096    
   3.528933      -6.406098       5.603273    
  -1.348866      0.9318961     -0.5984048    
 -0.6679666      -6.820874       5.810116    
   2.637538       3.542730      -5.128009    
   3.052744     -0.4580237       2.788781    
  -4.885842      -7.184728       2.959509    

 1.0 
 0.0
