C    -0.0066491934    -1.7096228600     0.0574684255
H     0.8974087834    -2.8826179504     1.8452223539
H     1.3311417103    -2.2088534832    -1.7556227446
H    -2.5679666996    -2.4555499554    -0.3171373606
C     0.0419360735     1.0304133892     1.0212172270
H    -0.3870563805     1.5313568115     3.3761305809
C    -0.0264947917     3.0478506088    -0.5594365597
H     0.3471690416     3.2869079113    -2.9354171753
H    -0.0629433990     5.2462358475     0.5500149727
 momenta
  0.9328605     -0.4379712       7.650621    
   4.961649       4.780131      -5.947676    
  -11.53634       5.402524      -8.704138    
   5.567200       2.302589       1.553872    
  -1.176957      -2.167309      -6.234273    
  -15.34949      -2.519990      -1.101313    
   7.692213      3.5375543E-02   3.453457    
  -5.701057      -1.021973      0.4000088    
  -3.272724      0.1368114      -3.087486    

 1.0 
 0.0
