C    -0.0086413780    -1.6544237137     0.0540621988
H     0.7775008678    -3.4295783043     1.7452998161
H     1.1568647623    -1.4652439356    -1.7864528894
H    -1.8815066814    -2.6223404408    -0.2104793936
C     0.0140421484     1.0284392834     1.0469170809
H    -0.3024279773     1.1263457537     3.0349574089
C     0.0017581349     3.0192658901    -0.5853354335
H    -0.1567990482     2.4710607529    -2.4025418758
H     0.0359432176     5.4245939255     0.5334587097
 momenta
  -8.992597       4.357509       7.142818    
  -3.263687      -5.446199       3.965429    
 -0.4775399       10.67671       4.477005    
   11.12077      -13.83740      -5.999545    
   9.100092      -4.053082      -9.559294    
   1.663039      -6.041783      0.7847850    
  -4.147348       1.317636     -0.8316151    
   4.379498      -2.559144       1.514147    
  0.1591670       11.71955       6.275874    

 1.0 
 0.0
