C    -0.0159773305    -1.6449693441     0.0581846535
H     1.0952967405    -3.2182595730     2.1115972996
H     1.3443212509    -0.9657549858    -2.3037722111
H    -2.1232182980    -2.3226041794    -0.1787952632
C     0.0026033951     1.0184504986     1.0563929081
H    -0.0696648210     1.1923118830     2.8588855267
C     0.0034923502     3.0004584789    -0.5936428308
H     0.1341991872     2.3142538071    -2.7011320591
H    -0.0374745466     5.2986335754     0.9140125513
 momenta
  -3.004664      -7.761371       1.323365    
   9.206573      0.2059609      0.1790437    
  -4.314370      -3.625910      -8.666269    
   9.350843       8.714498      -2.236332    
  -4.971605       6.926116     -5.6261323E-02
   3.686491      -2.183316      -1.617399    
   3.075880     -0.8468339       2.146959    
   4.851306      -7.334836      -3.529430    
  -5.568266       9.746227       4.149493    

 1.0 
 0.0
