C    -0.0105729606    -1.6986323595     0.0572835580
H     1.4799071550    -2.8644189835     1.5600764751
H     1.4592338800    -1.6541652679    -2.4929893017
H    -2.5942840576    -2.4438700676     0.0919708982
C    -0.0076874034     1.0488716364     1.0499587059
H    -0.4563152790     1.4196680784     3.1859827042
C     0.0185301211     3.0167438984    -0.5843808055
H     0.1787490547     2.7800481319    -2.4321463108
H    -0.1364160627     5.3507709503     0.7189188600
 momenta
  -1.542197       3.924188      -5.807568    
  -5.266398      -7.780272     -0.8331292    
   3.552743       3.954561       7.939119    
  -2.110048       2.501785       4.331592    
   6.386283      -5.305308       9.710237    
  -5.440290       3.002046       7.450634    
   3.538850      9.9756435E-02  -8.024580    
  -7.502685       3.357788      -4.091085    
  -12.27751     -0.2514127     -0.7273941    

 1.0 
 0.0
