C     0.0034080036    -1.6774895191     0.0307213571
H     0.7856117487    -3.0444424152     1.9606977701
H     1.3815255165    -2.1441426277    -1.8814941645
H    -2.0975623131    -2.3280327320    -0.1824977398
C    -0.0193759445     1.0346648693     1.0509004593
H     0.4806341231     1.1465848684     3.1337459087
C     0.0012810969     3.0220808983    -0.5508924723
H     0.0457508117     2.6508584023    -2.7393712997
H    -0.0669302717     5.7787337303     0.0141040208
 momenta
 -0.9412596       4.774666       5.780362    
   2.000668       1.870909      -7.785733    
  -5.918319      -2.422840      -7.312457    
   11.95975      -1.242298       1.739088    
  -5.098696      -11.00548       5.432565    
  -2.483036      7.5496301E-02   4.094158    
   5.080887       6.760520      -10.16240    
  -1.010406       8.256600       6.571554    
  -1.085991      -8.237456     -0.9102083    

 1.0 
 0.0
