C     0.0030745838    -1.7083215714     0.0401807018
H     1.1546744108    -2.7943208218     1.5914144516
H     1.0664703846    -1.7928136587    -2.0275290012
H    -2.3731315136    -2.3691926003    -0.1308982670
C    -0.0117992489     1.0488123894     1.0718489885
H    -0.1464092433     1.0219510794     3.3343384266
C     0.0166623238     3.0315740108    -0.5888746977
H     0.1109422296     2.6024818420    -2.5584392548
H    -0.2083975971     5.7045617104     0.4103033245
 momenta
  -1.852627      -2.031256       2.030796    
  -3.939577      -1.601830      -7.420561    
  0.7862555      -6.751815       10.16024    
   9.310451       5.018807      -3.719623    
 -0.1993929       5.777915      -3.366350    
   8.544452      -2.253472      -5.880847    
 -0.8359178     -0.9714653      -1.091573    
 -0.4891153      -5.823180       4.669538    
  -4.316899       1.664549       10.51733    

 1.0 
 0.0
