C     0.0115859881    -1.6707806587     0.0342011899
H     1.0816073418    -2.7404389381     1.6517152786
H     1.3344361782    -1.8333960772    -2.3053112030
H    -2.9641194344    -2.5028791428    -0.5063648224
C    -0.0083158463     1.0583690405     1.0635008812
H     0.0254385117     1.6430300474     3.2917089462
C     0.0122508546     2.9862077236    -0.5470696092
H    -0.0004408792     2.4070241451    -2.6706504822
H    -0.1801399738     5.3233265877     0.0303497668
 momenta
   5.617300      0.5209779      0.1428201    
  -8.500961       3.524719      -12.57368    
  -6.568264      -13.23138       4.645095    
 -0.2449313      -4.756607      -2.320602    
 -0.9052902       4.067639      -1.302762    
   2.187297      -1.131829       4.269413    
  -2.475253      0.9712490       4.066229    
   4.192847      -8.993581      -4.306226    
   1.046168       5.261367      0.3389440    

 1.0 
 0.0
