C    -0.0130229648    -1.6778516769     0.0287614558
H     1.5097645521    -3.1564064026     1.7622493505
H     1.3302326202    -1.7377872467    -2.3747301102
H    -2.3043558598    -2.5146622658    -0.5200107694
C    -0.0118719069     1.0561378002     1.0933306217
H    -0.1243494302     1.8854809999     3.2403538227
C     0.0123429922     3.0015864372    -0.5837661028
H    -0.0435771123     2.2560827732    -2.6815805435
H     0.0853737295     5.3083024025     0.5685098767
 momenta
 -0.9370410      -12.46389      -4.670384    
  -3.412274       4.401819      -3.576000    
  -1.234348      0.1199752       1.216342    
 -0.2745836      -6.401131       2.493024    
  0.7633615       5.210509       5.981978    
  -1.079808      -1.615063       1.330822    
   5.375080       4.578701       2.625630    
  -3.485831       7.088850       1.094405    
  -8.613117       5.719758      -16.17080    

 1.0 
 0.0
