C    -0.0117767751    -1.6977951527     0.0496732518
H     1.1983826160    -3.2340888977     1.7395468950
H     1.3562972546    -1.7744461298    -1.9981764555
H    -2.4155671597    -2.5817084312    -0.5827050805
C     0.0110026440     1.0535409451     1.0523906946
H    -0.1005326137     1.5214931965     2.8920929432
C    -0.0024124363     3.0357558727    -0.5659909844
H     0.0265998244     2.2413156033    -2.3611118793
H    -0.0063478737     5.3927474022     0.3907590806
 momenta
  -2.631695       12.05147      -9.457357    
   9.539591       2.890635      -1.360407    
  0.6121686     -0.6969130       11.93286    
  -2.215250      9.7883351E-02  -3.367257    
 -0.1807433      -5.019345       12.02155    
 -0.5115085       4.863177       2.227286    
  0.8797575      -8.154120      -4.330304    
  -3.488826      -7.878941      -4.652054    
   2.632100       4.370033       1.385329    

 1.0 
 0.0
