C    -0.0047864360    -1.6520674229     0.0693826526
H     1.4698493481    -2.8569612503     1.7391939163
H     1.0743781328    -1.8073368073    -2.1360347271
H    -2.1677231789    -2.3346908092    -0.5287896991
C    -0.0220619962     1.0304971933     1.0157259703
H    -0.0835282207     1.2929819822     3.1414480209
C     0.0231213216     2.9828670025    -0.5461069942
H    -0.2345506847     2.8978812695    -2.4241809845
H     0.0305650942     5.6165657043     0.1747773737
 momenta
  0.1468006       7.347388      -2.399856    
  -4.019673       4.091132      -9.114161    
  -2.097312       12.23449       1.295298    
  4.5301400E-02  -5.649393       11.91931    
   1.185202       4.710863      -1.663793    
  -6.592514     -0.9144633     -0.1838014    
  0.2154616      -14.77296       4.020062    
   6.988892       2.151810       1.781343    
  0.4134009      -2.411181      -5.608591    

 1.0 
 0.0
