C    -0.0108337915    -1.6740688086     0.0557806864
H     0.8976910114    -3.2741913795     1.5841797590
H     1.6613787413    -2.2600128651    -2.1556899548
H    -2.3598210812    -2.3352227211    -0.4446899593
C     0.0185779613     1.0443302393     1.0586916208
H    -0.2191179246     1.1696934700     2.8729023933
C     0.0074447342     3.0190782547    -0.5619796515
H    -0.3122382462     2.8085415363    -2.4543733597
H    -0.3672112226     5.5578927994     0.0044011329
 momenta
 -0.6773953       14.05177     -0.7770216    
   3.012247      -12.37129     -0.6709720    
  0.8998795      0.1459767      -8.368731    
 -0.3500125       3.063609      0.6195048    
  -1.142015      -1.445328       5.841245    
   2.195102       3.102667      -17.71559    
 -0.2475543      -8.769875       2.576760    
   6.901652      -15.06677      0.4254241    
  -5.412689       7.643963     -0.6436063    

 1.0 
 0.0
