C    -0.0109861661    -1.6689122915     0.0606621318
H     0.5727630854    -3.2773981094     1.7005045414
H     1.4726469517    -1.3556482792    -1.8531621695
H    -2.1309869289    -2.4659631252    -0.5546715856
C     0.0267911088     1.0048346519     1.0665128231
H    -0.0721994638     1.7142585516     3.0151371956
C    -0.0061108265     3.0369243622    -0.5891017318
H    -0.2435356379     2.8119435310    -2.6543860435
H    -0.0723743215     4.9199957848     0.3368801475
 momenta
   4.274931       7.840840     -0.8083186    
  -1.040494       3.115846       11.39980    
   9.349713      -6.498769      0.5972388    
  -13.86996       2.078272       1.338503    
  -1.445788      -7.399950      -3.596928    
  9.4835863E-02  -2.321060      -2.014779    
   1.451788      0.4894726      1.7348340E-02
  -12.66591     -0.7959780      -6.481216    
   3.285235       1.379833       10.47313    

 1.0 
 0.0
