C     0.0003420315    -1.6646964550     0.0738520324
H     0.7233762145    -3.0826449394     2.2718021870
H     1.5826215744    -2.2949709892    -2.2749013901
H    -2.3560314178    -2.0859665871    -0.6919257045
C    -0.0004947096     1.0349526405     1.0222734213
H     0.6729379892     0.8068707585     3.0790460110
C    -0.0149227334     3.0230259895    -0.5680097342
H     0.1401319653     2.8191385269    -2.7192656994
H    -0.2206492573     5.3357615471     0.7454558015
 momenta
  -2.933324       12.50226      -5.589307    
   3.554183      0.6647853      -2.488184    
   6.334184       1.514207       6.666019    
  -3.530705      -2.844531       4.826475    
  -1.128125      -9.696827       6.512173    
  0.4013934       3.355950       1.220637    
   5.778824      0.3651563      -3.234514    
  -6.575721      -10.77963      -2.122288    
  -6.028606      -2.898776     -0.1459862    

 1.0 
 0.0
