C    -0.0133899190    -1.6882553101     0.0359087363
H     0.9555643797    -3.0004694462     2.1863763332
H     1.2707786560    -1.6377167702    -2.0294952393
H    -2.0196557045    -2.1957964897    -0.8002136946
C    -0.0004327751     1.0337290764     1.0737740993
H     0.4186166823     1.6972664595     3.2367179394
C     0.0102895787     3.0195739269    -0.5865141153
H    -0.2328421474     2.5826988220    -2.4411699772
H    -0.3139623106     5.2058758736     0.4570463896
 momenta
   4.602434      -12.72341      -6.964799    
  -1.221098      -6.262306       15.00679    
 -0.2218263     -0.4986330      -5.121071    
  -10.10512     -0.5390319      0.7401847    
  -1.994534       6.044963     -0.4323332    
   3.583236       6.043506       7.099730    
  0.5317843       8.972968       1.836456    
  -1.118272      -6.537808       2.608049    
  -1.663602     -0.2075043      -1.099586    

 1.0 
 0.0
