C     0.0184897613    -1.6954468489     0.0446883887
H     0.8934305310    -3.4505615234     1.2774955034
H     0.9397421479    -1.8298004866    -2.1048717499
H    -2.7841582298    -2.1760299206    -0.6143407822
C     0.0121938456     1.0706875324     1.0829154253
H    -0.0565207526     1.7800159454     3.2030837536
C    -0.0125194304     2.9825768471    -0.5646771789
H     0.5842142701     2.9460453987    -2.7414510250
H    -0.4021130502     5.6888456345    -0.0387434661
 momenta
  -2.042223      -2.341760      -4.304469    
  -4.940983      0.1594994       4.485350    
   4.081174       4.198878      -4.638995    
  -3.275190       1.860953       5.097426    
   7.628611      -1.826723       5.492774    
  -7.016446     -0.9291500       1.294963    
  0.2299027       4.370944      -2.915156    
  3.3742648E-02  -1.890440       7.231902    
  -8.778876      -3.893890      -7.648653    

 1.0 
 0.0
