C    -0.0054483325    -1.6985323429     0.0698319376
H     0.9628593922    -2.9786953926     1.7900054455
H     1.5899157524    -1.7881106138    -2.3615989685
H    -2.4713444710    -2.4277825356    -0.5456515551
C    -0.0014367800     1.0416300297     1.0411400795
H     0.0416051969     1.5971794128     2.8546938896
C     0.0146591011     3.0124211311    -0.5661717653
H    -0.3364485502     3.0026688576    -2.5690360069
H    -0.1781035811     5.6529650688     0.5623337030
 momenta
   1.994149      -8.632026      -1.346890    
   7.720745      -1.209552      -6.712457    
  -2.900920      -2.244838     -0.7463369    
   2.216295       3.329420      -4.347710    
  -6.501659       5.365076       6.465055    
  -2.070129       6.284452      -2.561463    
   3.002577       2.433936       2.352855    
  -6.426832      -3.509403      -6.733429    
   6.765094     -6.1023021E-03  -4.567925    

 1.0 
 0.0
