C     0.0270253699    -1.7085953951     0.0763492137
H     1.3188952208    -3.2600986958     1.4134891033
H     0.9993283153    -1.5671749115    -2.2012419701
H    -2.5688145161    -2.6365537643    -0.4248752892
C    -0.0529320464     1.0699392557     1.0343619585
H     0.2719963491     1.2475757599     3.1246285439
C     0.0008073189     3.0250997543    -0.5712257028
H     0.2660346627     2.5796158314    -2.5921690464
H     0.6687471271     5.4103941917     0.6384822726
 momenta
  -5.668074      -14.29795       1.259251    
   3.663731      0.2983727       4.693422    
   8.109736       5.453402      -1.582353    
   2.007588       3.107399       9.783082    
   5.178440      -9.807323      -1.403294    
  -6.947545       10.10945      0.2969474    
  -3.653785       19.96985      -7.203070    
   5.330342      -1.045874     -0.4374508    
   2.437399      -3.650956       12.50496    

 1.0 
 0.0
