C    -0.0004266122    -1.6812529564     0.0623808578
H     1.0698841810    -2.9786977768     1.2957470417
H     1.3048259020    -1.6965435743    -2.3036489487
H    -2.3211946487    -2.2530713081    -0.2841220796
C    -0.0108085992     1.0660742521     1.0449898243
H    -0.1758105904     1.3698818684     3.1580839157
C     0.0233108718     2.9868276119    -0.5719411373
H    -0.1311810911     2.4273324013    -2.4073150158
H    -0.3016969264     5.5250654221     0.6569066644
 momenta
 -0.6171516      -6.184809      -1.004475    
   4.761327       1.657211       4.628093    
   6.547738       2.466025     -0.6052904    
  -1.961781     -0.1309772       3.205898    
  -2.640440      -6.771280     -0.5474685    
  -4.153919     -2.5229231E-02  0.8030327    
   2.774540       11.37080       1.056698    
  -10.51628      -3.146433      0.5239128    
   7.147594       4.579234      -6.706614    

 1.0 
 0.0
