C    -0.0070021092    -1.7120894194     0.0330480635
H     1.2455585003    -3.1182923317     2.1003456116
H     1.4249805212    -2.0551660061    -2.1549255848
H    -2.5997889042    -2.5688533783    -0.1824784875
C     0.0103728622     1.0542589426     1.0570878983
H    -0.1558556557     1.4364390373     2.9570918083
C    -0.0158381928     3.0280804634    -0.5592005253
H     0.4003611803     3.1797406673    -2.5147578716
H     0.1175021231     5.5659656525     0.0885810554
 momenta
  0.4325219      0.6399827      -6.935710    
  -5.318015      -7.205720       2.355822    
  -2.368323       8.382876      -6.366629    
   4.304251       4.845033       8.149640    
   3.169589       3.352030       10.25204    
  -4.513284      -6.353679      -2.521756    
  -3.068136      -1.082382     -0.4235249    
   8.795322      -9.867377      0.6546491    
  -2.537031      8.9651898E-02  -12.38948    

 1.0 
 0.0
