C     0.0072946064    -1.7017718554     0.0346474238
H     1.1454423666    -2.9923341274     1.6059480906
H     1.1287009716    -1.5095218420    -1.9967582226
H    -2.6131203175    -2.3167872429    -0.1766945869
C    -0.0035088167     1.0974502563     1.0460958481
H    -0.2189585567     0.9552141428     3.2731740475
C     0.0053069331     2.9854447842    -0.5429404974
H     0.1933249086     2.5122046471    -2.6313920021
H    -0.0759446993     5.3491697311    -0.0637434795
 momenta
  -3.101043      -4.459178       6.015272    
   2.968121      -1.965660      -13.67970    
  2.8045205E-02   2.066490      -4.242042    
  -3.824734      -7.566032      -7.105247    
   4.013612       3.065316       2.859307    
 -0.3943231       8.562870       4.568355    
  -3.773496      -1.225703      0.3817860    
   11.82248       8.782790      -6.909137    
 -0.9337821     -0.7318509      -4.573749    

 1.0 
 0.0
