C    -0.0013688484    -1.7106026411     0.0365830548
H     1.5160149336    -3.0438482761     1.4389692545
H     1.1763218641    -1.6854002476    -2.3369486332
H    -2.0157306194    -2.1358070374    -0.2693084180
C    -0.0439270437     1.0588015318     1.0917836428
H     0.0560473502     1.4206551313     3.3279898167
C     0.0231947619     3.0217151642    -0.5879380107
H    -0.0150502725     2.3563189507    -2.4189271927
H     0.1363432407     5.5333771706     0.1746904552
 momenta
 -0.6126322      -2.262448       8.441123    
   1.446947      -9.027431      -4.132981    
   6.072478       1.614925      -1.723094    
   2.699667       2.799068     -0.6963100    
  -1.786499     -0.8529136      -6.139085    
  -3.285488       1.560557       1.538884    
   2.461900     -0.4162850      0.7855476    
  -10.48721       17.33471      -3.629127    
   3.281880      -1.799795      -1.981935    

 1.0 
 0.0
