C    -0.0024177171    -1.7027570009     0.0485856682
H     1.4596813917    -3.2873222828     1.7466791868
H     1.3886351585    -2.0622994900    -2.0384795666
H    -2.4438495636    -2.8301711082    -0.2968519926
C    -0.0296409987     1.0411614180     1.0605154037
H     0.1480568051     1.5108819008     3.2558147907
C     0.0078204861     3.0419161320    -0.5835483670
H     0.0388828628     3.0758304596    -2.6051902771
H     0.3208038807     5.6191039085     0.4635497332
 momenta
   3.431843      -8.830931      -3.247070    
 -0.8720255      -3.008861      -9.291653    
  -2.754768       3.305521      -7.855116    
  -8.649200       8.317859      -3.558820    
   6.544977       16.22331       11.49293    
  -11.40836      -3.356085       3.889898    
  -5.057500      -5.442569      0.4462307    
   7.471920      -6.001352      -1.689978    
 -0.6011720      -5.827199      -11.50918    

 1.0 
 0.0
