C    -0.0177054312    -1.7014218569     0.0215994809
H     1.3644833565    -2.5348124504     1.8642270565
H     0.9239116907    -1.2889918089    -2.3360855579
H    -2.0567810535    -2.7007863522    -0.3342968822
C    -0.0008374648     1.0327737331     1.1128290892
H    -0.1955758035     1.4893231392     3.3034334183
C    -0.0013052954     3.0376420021    -0.6016103625
H     0.5093982816     2.4299879074    -2.3644456863
H     0.2080131769     5.0914077759     0.0825763270
 momenta
  -3.150861      -7.200243      -3.492717    
  -7.188504      -3.043105       1.303701    
 -0.5134276       4.951284      -4.675230    
  0.7197995      -10.27423      -7.196959    
   7.306160       9.767464       4.963511    
 -0.8070521      0.6725379       5.810435    
  0.8895573     -0.2857670       1.930865    
  -1.929837      -7.959473      0.6697590    
  -7.846694       7.910257      -7.725708    

 1.0 
 0.0
