C    -0.0095848171    -1.7540159225     0.0304416697
H     1.2330892086    -3.2492604256     1.3817064762
H     1.6465643644    -1.9661302567    -1.7903810740
H    -2.7484378815    -2.4968194962    -0.7882727385
C     0.0164161175     1.1029355526     1.0787001848
H     0.0016052914     1.3134768009     3.2358427048
C    -0.0178845916     3.0498206615    -0.5614135265
H     0.0925963819     1.9757786989    -2.3273122311
H     0.1515774578     5.6847939491    -0.1010101214
 momenta
  -2.122850      -5.785044      -2.231721    
  -1.539101      -6.011212      -6.937983    
   3.933255      -11.25444       1.684394    
   5.276888      -8.954558       2.168753    
   1.975600      -1.911689       12.43379    
  -2.154792      -4.967940      -5.536912    
  -4.421197       20.12636      -7.937310    
   3.527144      -15.87365      -3.801073    
   6.474552       3.979560       4.638401    

 1.0 
 0.0
