C     0.0183734652    -1.6540713310     0.0389530994
H     0.9584493041    -3.2665257454     1.5072957277
H     1.2780025005    -1.4179912806    -2.6571276188
H    -2.5050742626    -2.0647461414    -0.2022726536
C    -0.0084790010     1.0173820257     1.1150071621
H    -0.5354860425     1.4506354332     3.1616480350
C     0.0102312593     3.0110723972    -0.5881263614
H    -0.1838287562     2.1771898270    -2.8153767586
H     0.1069568396     5.4020690918    -0.1257749200
 momenta
  -3.757228      -11.23134      -4.916034    
   1.262745      -3.514192       12.84682    
   1.339341       3.003354      0.9949603    
  -2.562051      -5.207649       7.271553    
   6.546700       3.183732      -8.303819    
  -2.999415       11.13128       3.623925    
  -3.867950       5.161135       3.356380    
   9.063371       2.432133       3.335375    
  -2.354898       2.044785       5.772212    

 1.0 
 0.0
