C     0.0124217039    -1.6996482611     0.0611969493
H     0.7782449722    -2.6688940525     1.7890557051
H     1.1780638695    -1.9339916706    -2.1181609631
H    -2.6443257332    -2.0984106064    -0.4722709358
C     0.0096648755     1.0107183456     1.0586889982
H    -0.0684610456     1.2836086750     2.8738353252
C     0.0031234007     3.0493984222    -0.5785657763
H     0.0078313611     2.5399041176    -2.7903797626
H    -0.3572585285     5.7295260429     0.5881668925
 momenta
  -1.563005      -3.905126      -1.457987    
 -0.2303324     -2.3022426E-02   2.958728    
  -2.585227       2.450013      -7.525907    
   3.743079       3.009137      -3.609176    
   3.046233       10.06197       3.609304    
  -4.619747      -10.27111      -2.363510    
   1.805637     -0.2412620     -0.2633388    
  -2.649221      -12.38917       7.448101    
  -4.796830      -3.144964      -3.526343    

 1.0 
 0.0
