C    -0.0039546844    -1.7252621651     0.0601395741
H     1.4083875418    -3.4642653465     1.5564229488
H     1.5666353703    -1.6316012144    -1.9452064037
H    -2.4508366585    -2.6054801941    -0.3072646558
C    -0.0357923098     1.0517863035     1.0433290005
H     0.3548243940     1.5230644941     3.0265994072
C     0.0114750601     3.0560600758    -0.5721919537
H    -0.0324569978     2.8603901863    -2.1196196079
H     0.2419489771     5.2470064163     0.0768686011
 momenta
  0.8108928      -1.211311       2.917109    
   2.559310       6.521814       7.860147    
  -2.366781     -0.7635037       1.159790    
  -2.954745       3.031574     -0.8237450    
   2.425159      -3.893140      -8.772728    
  -6.125687      -2.960409      -3.776235    
 -4.5869838E-02   4.667812       2.386609    
  -4.139472      0.8446091       3.894675    
   2.135724      -5.113508       3.549782    

 1.0 
 0.0
