C     0.0064816242    -1.6901351213     0.0485488549
H     0.9786188006    -3.2396926880     1.8851625919
H     1.2118802071    -1.4515990019    -2.1618196964
H    -2.5188629627    -2.1787471771    -0.5648392439
C     0.0074710138     1.0219862461     1.0775318146
H    -0.0477705039     1.7951997519     3.1437985897
C    -0.0127445878     3.0286161900    -0.5976284146
H     0.1784555465     2.4904468060    -2.5281884670
H     0.0803276151     5.4316573143     0.6254495382
 momenta
  -4.861093      -5.331024      -4.866170    
   14.15878      -4.062782      0.3001818    
 -0.2918363       8.598972      -4.219497    
  -3.232681      -1.898795      -8.517703    
   1.682253       5.680647       13.35277    
  -5.942772       4.836606       3.630361    
   2.250091       4.699552      -7.555809    
  -1.975727      -21.36465       2.364970    
  0.6999288      -3.634102       3.246126    

 1.0 
 0.0
