C    -0.0074185976    -1.6871873140     0.0519480743
H     1.4191322327    -3.2204709053     1.5063083172
H     1.5346579552    -1.9827736616    -2.4917550087
H    -2.1219351292    -2.6148703098    -0.1788308024
C    -0.0354977809     1.0360380411     1.0781260729
H    -0.0885384679     1.3318246603     3.3035242558
C     0.0221750624     3.0421464443    -0.5855596066
H    -0.2340124846     2.5221326351    -2.6901414394
H     0.2779302597     5.5521059036     0.2994320691
 momenta
  -1.186750       7.622427       2.834722    
 -0.3329613       3.805142       5.315699    
  -3.997118     -0.8422238       3.107374    
  -1.524161      -2.593797      -2.822160    
   3.116053      -2.062633      -10.29332    
  0.2835386      -3.010213       1.618764    
   2.230130      -5.038432       5.802021    
  -1.250291       4.074075      -2.954915    
  -7.617885      -3.114045       1.232269    

 1.0 
 0.0
