C    -0.0045939311    -1.6753034592     0.0392113924
H     0.9637156129    -3.4042775631     2.1653811932
H     1.3038073778    -1.4436254501    -2.0133776665
H    -2.4144971371    -2.4007203579    -0.6607459784
C     0.0145959863     1.0227042437     1.0804874897
H    -0.0631012246     1.5409115553     3.1995818615
C     0.0031611554     3.0439121723    -0.5889348388
H    -0.2855844200     2.4285380840    -2.6527781487
H    -0.1170046106     4.8620247841     0.2533852756
 momenta
   1.319874       6.242287      -3.963394    
  -9.999396       7.712773      -6.457329    
   5.488264      -4.211261      -2.725168    
  -3.443905      -9.070064      -6.595201    
   1.473429       8.523049       6.345489    
   2.973182       3.436829       14.18074    
  8.6347796E-02  -14.11760     -0.2605346    
  -6.912250      0.6620026      -7.377034    
   1.759289     -0.5454183       1.844182    

 1.0 
 0.0
