C    -0.0131229796    -1.7204420567     0.0683546364
H     1.1680340767    -3.2605085373     1.6583079100
H     1.3559391499    -2.0484445095    -2.3487079144
H    -2.2899048328    -2.6618585587    -0.4412668049
C    -0.0026525843     1.0436080694     1.0574866533
H     0.1115057021     1.1978687048     3.0517010689
C     0.0054188464     3.0684254169    -0.5839589238
H     0.2556484640     2.7365748882    -2.4485008717
H    -0.2531096041     5.6046457291     0.3747145534
 momenta
   1.043015       3.225148       5.377837    
   7.127900       1.849643       7.792229    
  -5.542871      -3.568482      -2.062218    
 -9.7538032E-02  -7.502351       5.010554    
  -3.092964      -3.086068      -15.58639    
  -6.816753      -10.29764       5.784530    
   1.786670       3.541234       1.671656    
  -1.056825       5.725167       8.800653    
   7.276545       1.208428       4.167933    

 1.0 
 0.0
