C    -0.0177630149    -1.7164543867     0.0612230785
H     1.3967938423    -3.2842166424     2.0229163170
H     1.4865889549    -2.1362679005    -2.4871945381
H    -2.3678965569    -2.5897021294    -0.3548170030
C     0.0099312877     1.0715526342     1.0388176441
H    -0.3765078783     1.2409944534     2.8816347122
C     0.0046225428     3.0491209030    -0.5706010461
H    -0.0278491247     2.4850087166    -2.6452391148
H    -0.0493903719     5.3364725113     0.9347364902
 momenta
  -3.389480      -1.153974      0.1345047    
  -8.019311      -7.026206      -4.926251    
   2.695549      0.7232722       1.564128    
   4.150445      -12.53136      -3.918945    
   4.754599       2.047677       6.377834    
   3.341344       4.285026      -6.508526    
  -1.411292       2.150761     -0.4896955    
  0.5170935       3.977959      -1.634904    
  -2.939406      0.1359833      -5.495342    

 1.0 
 0.0
