C     0.0036789181    -1.7209954262     0.0278980229
H     1.0396326780    -3.3897640705     1.5220055580
H     1.0674989223    -1.9179835320    -1.9665390253
H    -2.3359627724    -2.3373689651    -0.5039637089
C     0.0047174068     1.0693774223     1.0984375477
H    -0.0998378396     1.5225756168     3.3242383003
C    -0.0042560217     3.0228009224    -0.5853686929
H     0.2130950987     2.7110345364    -2.5507686138
H    -0.1333494335     5.8149805069     0.0602491982
 momenta
  -7.869819       3.453687      0.9567117    
   2.893626       2.687166       9.952509    
   3.347869      -3.768416      -4.177612    
   16.56782      -1.832674       4.791811    
 -0.1821582      -11.91642      -5.304926    
   1.956188       9.424998      -4.633672    
  0.8366882       6.496441     -0.2169704    
  7.1586028E-02  -3.141588      -4.722221    
  0.2951154       3.134280       14.41088    

 1.0 
 0.0
