C    -0.0076032556    -1.6988210678     0.0622413121
H     1.1270412207    -3.7320461273     1.5341867208
H     1.4799797535    -1.4937448502    -2.1622607708
H    -2.3363947868    -2.6021091938    -0.3519060910
C     0.0010578746     1.0368546247     1.0783767700
H    -0.0240531377     1.8137627840     3.0045120716
C    -0.0177877974     3.0306613445    -0.5986382365
H     0.3629520237     3.2780663967    -2.5554919243
H     0.3080345392     5.2489590645     0.3731965721
 momenta
  -1.342864      -5.723225       2.466263    
   3.438375       2.966134      -3.713362    
  -1.319227       8.191926      0.3962793    
  0.8518867      -3.500942     -0.6580631    
  -3.158575      -5.395383       4.526342    
   2.292054       3.884125       1.001703    
   2.438047       8.427697      -9.052600    
  0.6282995      -6.216582      -1.480411    
   1.248017       3.988350       11.70798    

 1.0 
 0.0
