C    -0.0120766126    -1.6717875004     0.0339558683
H     1.5146882534    -2.9391071796     2.2104845047
H     1.4678379297    -1.9258209467    -2.4080283642
H    -2.5483119488    -2.2330946922    -0.2568973899
C    -0.0078325495     1.0387881994     1.0747586489
H    -0.0358739048     1.2508939505     2.9531946182
C     0.0090843914     2.9897520542    -0.5688734055
H     0.1270633042     3.2019541264    -2.7294149399
H    -0.1516677737     5.6428699493     0.1630694866
 momenta
 -0.5060719      -12.98386      0.6979764    
  -6.312677       1.947329       2.524398    
  -1.859398       9.074117     -0.6242211    
   1.029103      -6.377757      -10.37123    
   6.431225       1.578127       4.614739    
  -1.659174       6.915646     -0.1013561    
  -5.519952       7.500969      -2.650404    
 -0.9555362      0.3084770       1.209529    
   8.174155       1.664312      -1.826905    

 1.0 
 0.0
