C     0.0214058459    -1.6500374079     0.0558337495
H     0.8313361406    -3.5129044056     1.8382173777
H     1.0132621527    -1.9425501823    -1.9485328197
H    -2.3866965771    -2.2582132816    -0.7150470018
C    -0.0071265297     1.0211349726     1.0694750547
H     0.0284536835     1.5199418068     2.6929972172
C     0.0042773597     3.0101070404    -0.5728965998
H    -0.3226297200     2.9027450085    -2.6622235775
H    -0.0083552515     5.2874512672     0.2039645761
 momenta
  0.1246299       11.81932       1.747818    
   7.229702      -2.143786      -9.504719    
  -6.953726       4.928585       2.270097    
  -1.532206       3.960945      -1.347542    
 -0.4116670       1.669812       3.639179    
  -2.040738      0.5214958     -0.5151403    
  -1.434036      -11.42365      -7.115716    
   10.58198      -7.613206       2.175682    
  -1.255760      -6.756194       12.86713    

 1.0 
 0.0
