C     0.0046799793    -1.6834908724     0.0784860924
H     0.9431088567    -3.0913193226     1.5024826527
H     1.1302566528    -1.8731124401    -2.2809596062
H    -2.2517330647    -2.2179162502    -0.4358491600
C    -0.0064771734     1.0360119343     1.0368300676
H     0.1590631008     1.3188005686     2.7477488518
C    -0.0075229602     3.0217852592    -0.5588515997
H     0.4530485570     2.9298670292    -2.4568662643
H    -0.1195197776     5.2080273628     0.1665068120
 momenta
  -5.387347       8.211394      0.3057326    
   10.55012       8.717695      -3.264734    
   3.063528      -3.237211       11.82138    
 -0.9124398       5.506882       7.076549    
   1.164751      -15.46824      -5.017295    
  -4.031080      -2.889565       2.965508    
   4.296560       2.118097       1.510805    
 -0.9463492       1.444042      -7.399333    
  -7.862675       8.122462     -0.2158955    

 1.0 
 0.0
