C    -0.0031084230    -1.7002011538     0.0360786021
H     1.4155428410    -3.5885994434     1.9656950235
H     1.3410145044    -1.6585723162    -1.7435233593
H    -2.7569143772    -2.5941565037    -0.0033355700
C    -0.0090506701     1.0207179785     1.0728287697
H    -0.1119699776     1.2502624989     3.0619411469
C     0.0210273992     3.0519700050    -0.5931217670
H    -0.0350148454     2.9770588875    -2.6664206982
H    -0.3034812808     5.9732236862     0.3050680459
 momenta
  -2.860014      -7.743414      -1.859237    
   4.369390      -9.496061       5.889410    
   8.078608      -7.580208      -2.964673    
   4.724736      -2.442260       2.208844    
  -2.472351       9.150138      -2.237552    
   2.643950     -0.6889816       10.49652    
  -2.292007       4.406091      -2.878890    
  -1.122844       7.043612       4.563173    
   7.580748      -6.938560       3.915260    

 1.0 
 0.0
