C     0.0057223742    -1.6467084885     0.0541466437
H     1.3805844784    -3.4563055038     1.7983150482
H     1.1838362217    -1.6333489418    -2.2812175751
H    -2.2186934948    -2.1272230148    -0.4659957588
C    -0.0361485928     1.0194294453     1.0687063932
H     0.1548985094     1.3166080713     3.5003373623
C     0.0193803795     3.0036375523    -0.5814117193
H    -0.1705541015     2.8021781445    -2.6936025620
H     0.0597073026     5.2892842293     0.0103300493
 momenta
  0.6528607       1.012463      -9.479453    
   5.033768      -20.97121       6.136661    
   1.584427     -0.6547313       2.084393    
  -1.344679       2.030769       5.618832    
  -3.372212       10.20890       9.253724    
   2.463749      -7.809769       10.00291    
  0.6238313      0.2327441      -6.059690    
   1.495390      -3.080150       3.024952    
  -2.083748      -9.054772      -5.272308    

 1.0 
 0.0
