C     0.0044693020    -1.7048815489     0.0455644019
H     1.5386656523    -3.1715557575     1.5091419220
H     1.1434309483    -2.0102314949    -2.3123931885
H    -2.3334302902    -2.5323905945    -0.1974259317
C    -0.0422388315     1.1048310995     1.0495749712
H    -0.0032740550     1.2560845613     3.0049343109
C     0.0248419754     2.9748051167    -0.5410086513
H     0.0334785953     3.2652592659    -2.6340870857
H     0.0789330751     5.4474072456    -0.0226839464
 momenta
   1.825832       5.379998      -3.041555    
  0.9277952       6.985464       12.07885    
  -1.339183     -0.6844450       1.528576    
  -1.846778       3.121120       7.906092    
  -4.528388      -5.298534      -9.788201    
   8.488501      -6.783980       1.634690    
  -2.099657      0.2745487       2.914313    
   8.977725      -6.994876       8.211246    
   1.573998       2.816118       2.926588    

 1.0 
 0.0
