C     0.0175325479    -1.6643329859     0.0484268144
H     1.0017411709    -3.1354892254     1.6333194971
H     1.0767070055    -1.7475885153    -2.3815529346
H    -2.4005486965    -2.6890964508    -0.0198364966
C    -0.0345860347     1.0297993422     1.0497564077
H    -0.0449474826     1.4513430595     2.9425635338
C     0.0268160235     3.0279231071    -0.5562470555
H    -0.0660366118     2.3427541256    -2.3228979111
H    -0.0299460758     5.2668128014    -0.0056425710
 momenta
   2.235222     -0.9837367       6.442462    
  -1.669286     -0.6969637      -4.650473    
 -3.8936041E-02   8.851360      -1.506302    
  -5.569741      0.4183528      4.9504574E-02
   1.647954       9.125125      -3.531996    
  -6.772160      -14.35664      -7.974651    
  0.6417737      -7.207793      -1.018621    
  -3.402150      -3.041373      -2.196905    
   1.706339       6.006999       9.845323    

 1.0 
 0.0
