C    -0.0136665432    -1.6777427197     0.0419974923
H     1.0269335508    -3.6519176960     1.6121134758
H     1.1666189432    -1.9204486609    -1.7112851143
H    -2.4780957699    -2.8869392872    -0.4236566424
C     0.0346139893     1.0389016867     1.0665947199
H    -0.3264479637     1.8095061779     3.2026860714
C    -0.0042001135     3.0386836529    -0.5833131671
H     0.2337844372     2.8775885105    -2.4652602673
H    -0.3980718553     5.0078325272     0.2961508632
 momenta
  -2.943151       3.684691     -0.3073169    
  -2.893889       1.137615      -6.278631    
  -1.955083       6.279403     -0.6021915    
   11.60627      -6.528872      -3.434541    
 -0.4910142      -6.946805       11.80814    
   2.135670       5.053331      0.1067160    
  -1.299516      0.5494338      -7.485022    
   1.267821      -3.641729      -5.692266    
   6.052523       6.978888       2.139264    

 1.0 
 0.0
