C    -0.0235452447    -1.6722909212     0.1005746424
H     1.0763651133    -3.3873541355     1.3504152298
H     1.4899758101    -1.9096279144    -2.2053029537
H    -2.2286365032    -2.9366683960    -0.8261797428
C     0.0138203651     1.0316059589     1.0280865431
H    -0.0115842568     1.2631891966     2.9018850327
C     0.0083475010     3.0494964123    -0.5823111534
H    -0.1337912232     2.3297460079    -2.3945477009
H    -0.2167898268     5.5098552704     0.8335608840
 momenta
   2.453716       7.549488      -7.314473    
   1.004567       1.686001       6.680994    
   4.864590      -4.543147      -1.303553    
 -0.6676120       2.773849      -1.853822    
  -9.614635      0.7534714       4.407601    
   13.84553       3.191816       5.862431    
   1.903850      -7.991987       2.209378    
  -5.099341       3.416409       3.146410    
   4.288853      -7.898695      -9.956749    

 1.0 
 0.0
