C    -0.0084673846    -1.6938935518     0.0524973087
H     1.1610410213    -3.3812170029     1.9728105068
H     1.0722072124    -1.3181699514    -2.4811127186
H    -2.3500254154    -2.5186135769    -0.4128678143
C     0.0148568377     1.0742114782     1.0670723915
H    -0.4169068933     1.3012578487     3.1710681915
C     0.0070168390     2.9995377064    -0.5885326862
H     0.1202818006     2.5930044651    -2.7902760506
H    -0.2089430094     5.3884558678     0.8252243400
 momenta
  -4.106546      -9.068229       7.380074    
  0.5509439       1.103629       9.122274    
   6.774773       3.517732      -1.603614    
 -0.8212122       2.863499       4.332129    
   5.079623      -9.204714      -11.16336    
  -7.080221       4.646459       1.775931    
   3.951150       9.836164      -3.062066    
  -9.548972       17.87431      -1.311723    
  -6.800494     -0.4293061       11.18537    

 1.0 
 0.0
