C    -0.0166719649    -1.7076553106     0.0509728193
H     1.3481036425    -3.2484700680     2.1254613400
H     1.5494849682    -1.7825310230    -2.0925509930
H    -2.2419297695    -2.1924684048    -0.1525585800
C     0.0091101769     1.0476149321     1.0368881226
H    -0.3330115080     1.2346543074     3.1283218861
C    -0.0044567944     3.0256242752    -0.5617825985
H    -0.0416910946     3.2028381824    -2.9058430195
H     0.1424017251     5.4249005318     0.3859936297
 momenta
   1.183635      0.2704681      -4.374186    
  -3.092034       2.209013       2.637815    
  -2.538587      -13.77541       6.153338    
 -0.6440907       5.297508       2.020303    
   7.161930      -6.307906      -1.711161    
  -8.393930       5.420899     -0.7507169    
  -2.771148       8.176974       5.484910    
 -0.4132390      -3.641761      -3.917001    
  -4.058981      -3.053234      -4.333704    

 1.0 
 0.0
