C    -0.0007468841    -1.6856186390     0.0372788869
H     0.8129399419    -3.4880366325     1.7348185778
H     1.2544565201    -1.9921737909    -1.9718977213
H    -2.6941804886    -2.5610547066    -0.2975200117
C     0.0357235000     1.0560419559     1.0508177280
H    -0.2719852328     1.7444715500     3.0350911617
C    -0.0151560623     3.0124347210    -0.5474234819
H     0.4301929176     2.9627265930    -2.5150949955
H    -0.4258800745     5.2633881569    -0.1037821025
 momenta
  -1.957843      -5.694939      -3.072312    
 -0.1435712       6.981420      -3.084436    
   2.705823      -2.495544      -2.124620    
   2.673314      -7.676462       2.979196    
  -7.936372      -1.454001       8.730316    
   12.70883       1.311427      -2.378277    
   6.265808       7.492082      -4.303335    
  0.6497868      0.5739575       2.250149    
  -6.132015     -3.8304623E-02  -2.179629    

 1.0 
 0.0
