C     0.0108399112    -1.7101867199     0.0517349616
H     1.1069997549    -3.2406914234     1.4665534496
H     1.0718642473    -1.8835734129    -2.0315086842
H    -2.3368375301    -2.8544692993    -0.2419356853
C    -0.0405784808     1.0830022097     1.0573881865
H     0.2365742922     1.2501969337     3.3866319656
C     0.0314480178     3.0055174828    -0.5834497809
H    -0.1300824434     3.2845461369    -2.5960371494
H    -0.1055476367     5.5650887489     0.5356248021
 momenta
   2.534295       3.502046       4.452760    
  -4.544082      -11.70447      -11.32220    
  -3.849114       8.135462       3.125000    
  0.8960805      -1.146207       4.313801    
   4.584122      0.8817924      -1.383551    
  -11.19718      -9.214759      0.7935325    
  -4.995047     -6.2684990E-02 -0.8702390    
   5.115732      -2.962098       3.619447    
   6.154439       2.195313      -8.172989    

 1.0 
 0.0
