C    -0.0058370596    -1.6830834150     0.0435088202
H     0.7827256322    -3.1220347881     1.8148300648
H     1.5005314350    -1.9906394482    -2.2942953110
H    -2.1569929123    -2.4213826656    -0.7015070319
C     0.0038374085     1.0451934338     1.0733754635
H     0.1673866510     1.5207792521     3.2563161850
C     0.0002209396     3.0302319527    -0.5733673573
H    -0.2333578467     2.4501080513    -2.3736753464
H    -0.0545758754     5.0958065987     0.0751169622
 momenta
  -5.850145       4.026676       3.276383    
   10.82967      -3.200439      -7.826304    
  -6.628304      0.4809664       5.749152    
   4.656228       6.195875       2.597974    
   1.683663       1.613849      -8.660456    
  -2.551726      -5.534639      -5.189771    
   5.307135      -4.686329       11.34778    
   7.553430       2.564368     -5.3426269E-02
  -17.61389      -3.951260      -16.27271    

 1.0 
 0.0
