C    -0.0103103500    -1.6942547560     0.0097440211
H     0.9972800016    -3.0063638687     1.7771277428
H     1.5225808620    -1.7456479073    -2.5102734566
H    -2.0820612907    -2.5087726116    -0.2153548747
C     0.0077528637     1.0799272060     1.1147168875
H    -0.5065872669     1.4903249741     3.0700685978
C     0.0016284145     3.0110301971    -0.5822732449
H    -0.2380435467     2.1162500381    -2.4762918949
H     0.2865456939     5.0083155632     0.1865035444
 momenta
   2.003215      -1.252508      -4.713638    
  0.4545219      -8.040803       1.863410    
  0.6509607       4.671448      -2.707260    
  -10.27144      -2.645809      0.2691970    
   5.010872      -2.999648       7.621984    
  -10.29940       2.424789       12.00065    
  -1.101244       10.60913      -2.812244    
  -1.779632      -10.57099     -0.2746212    
  0.9472495      -7.638330      -11.55957    

 1.0 
 0.0
