C     0.0050440500    -1.7016642094     0.0597053766
H     1.1069263220    -2.8458080292     1.7802791595
H     1.3751617670    -2.1874022484    -2.0237963200
H    -2.7340278625    -2.4481043816    -0.4537475109
C    -0.0011677846     1.0580137968     1.0312776566
H     0.0407758057     1.0334248543     2.9262118340
C    -0.0013536853     3.0175845623    -0.5498281717
H     0.0734344870     2.9234931469    -2.7379417419
H    -0.0477807298     5.8185439110     0.3889079988
 momenta
  0.5242354      -7.008156      -4.378845    
  -9.399654      -9.904661      0.4501967    
 -0.9560553       1.867550       5.800777    
  -7.191473      -2.873521      -6.623722    
   8.984004       16.29862      0.2089259    
   1.952912      -1.633917      0.5978290    
  -1.524953      -4.880934       3.278379    
  0.6553338      -8.860677       4.706110    
  -12.89855       6.341860      -2.006048    

 1.0 
 0.0
