C     0.0061856485    -1.7053371668     0.0578502268
H     1.1524926424    -3.5089457035     1.6805069447
H     1.1481939554    -1.7533463240    -2.1231102943
H    -2.6153137684    -2.6149258614    -0.3420175910
C    -0.0000211675     1.0370552540     1.0553641319
H    -0.2232394516     1.3761268854     3.0207896233
C     0.0028794073     3.0521991253    -0.5798864961
H     0.1417153627     2.4813942909    -2.3619854450
H    -0.0531560034     5.9053587914     0.3265617788
 momenta
  -2.190822       12.18260       8.956244    
  -4.257686      -9.123779      0.4921237    
   4.347517       10.90510      0.5918517    
   1.198647       6.900317      -5.442736    
   4.271057      -10.86490     -0.1360261    
   2.706718      -4.581036      -4.268872    
 -0.3682221       1.429335      -6.579309    
  -3.691601     -0.5285335      -4.775723    
  -6.212566      -12.72718       5.439857    

 1.0 
 0.0
