C    -0.0198229663    -1.6995967627     0.0550450273
H     1.2211458683    -3.2590351105     1.7794021368
H     1.3710838556    -1.4913580418    -2.2931044102
H    -2.2256729603    -3.0465002060    -0.0677944571
C    -0.0110029457     1.0703388453     1.0428726673
H    -0.1215488389     1.1585744619     2.6086118221
C     0.0342704579     3.0207633972    -0.5608058572
H    -0.1610137075     2.4908871651    -2.5261452198
H    -0.3018112183     5.7235784531     0.5378070474
 momenta
  -2.577020       8.416948      -3.014314    
  -5.317190     -0.6892681       2.355280    
  0.1194528      -5.039396      -1.135280    
   5.776251      -1.386239       1.488203    
   7.541986      -12.88286       6.974635    
  -5.279327      -2.664738       9.284212    
  -4.525969       7.241415      -3.942588    
   4.216197      -11.14616      -12.82518    
  -1.062791       11.32201      0.7085956    

 1.0 
 0.0
