C    -0.0068683112    -1.7020527124     0.0378154516
H     0.9487221241    -3.1075184345     1.6807230711
H     1.5243211985    -1.8049428463    -1.9354374409
H    -2.3857316971    -2.9797000885    -0.5871347785
C    -0.0119835092     1.0668497086     1.0487838984
H     0.1947978735     1.9636111259     3.2259058952
C     0.0266236253     3.0093054771    -0.5497211814
H    -0.6082638502     2.7554984093    -2.5093624592
H    -0.0717625692     5.4575290680     0.1785371453
 momenta
  -5.855743      0.8273791      0.5913278    
  -5.924436      -11.01085      -2.445329    
   1.951337     -0.7766845       5.774925    
   10.49573      -3.034484      -12.93529    
   9.608859     -0.1208117       11.12597    
   4.010747      -7.899961       1.745257    
  -8.226315       9.489594      -6.375021    
   3.407376      -6.702034      -4.433143    
   1.122567      -5.813520      -6.418329    

 1.0 
 0.0
