C     0.0031528855    -1.6342957020     0.0375167616
H     1.1352705956    -3.0429995060     1.8632618189
H     1.0879850388    -1.4413162470    -2.0485920906
H    -2.0767405033    -2.2104125023    -0.2016464174
C    -0.0260100532     1.0531853437     1.0458285809
H     0.1051382497     1.4595632553     2.8487484455
C     0.0157843009     2.9529693127    -0.5576702356
H    -0.0506644361     2.6608216763    -2.2610971928
H     0.0304013267     4.9449834824     0.3066120744
 momenta
  -1.099956      -1.816149      -2.524517    
  -3.905752       4.155525     -0.4096873    
   4.905326       1.325384      -3.171170    
  0.5022365       1.581978      -3.649079    
   3.184168      0.6295811       7.087633    
  -2.988819       1.786100     -0.1585651    
  0.6368432     -0.9969251      -1.538706    
  -7.983624     -0.5346649       3.403274    
  0.1633668     -0.6937960      -6.397753    

 1.0 
 0.0
