C     0.0231075529    -1.6839448214     0.0280399546
H     0.9054656029    -3.1580433846     1.9112302065
H     1.3780587912    -2.0094540119    -2.0225136280
H    -2.7450132370    -2.2101955414    -0.3516472876
C    -0.0029964496     1.0363600254     1.0693187714
H    -0.1617693901     1.4570829868     3.1045997143
C    -0.0114309369     3.0230433941    -0.5587256551
H    -0.1408784240     2.4570682049    -2.6540389061
H     0.3361211717     5.6877169609    -0.0014584073
 momenta
  9.7076401E-02   2.854443       3.330596    
   10.67333       1.958309      0.5032694    
  -13.51504       1.336363     -0.4784875    
  -2.011676      -1.913349      -2.634245    
  0.9930604       3.266939      -5.685490    
  -7.168932      0.9955594      -5.970287    
 -7.6082602E-02  -3.409966       1.380509    
   9.224113      -4.691632       1.002306    
 -0.6422560      -7.087420       10.74159    

 1.0 
 0.0
