C    -0.0022513105    -1.6804695129     0.0791595802
H     0.6726667881    -2.9923703671     1.5783276558
H     1.3720966578    -1.7106781006    -1.7717883587
H    -2.4425623417    -2.2608342171    -0.7177095413
C     0.0093432069     1.0395586491     1.0144851208
H     0.4024047554     1.4271681309     2.6930048466
C     0.0059467563     3.0030388832    -0.5312232971
H    -0.0891295895     3.1310255527    -2.8493230343
H    -0.5300770402     5.1870355606     0.0578218624
 momenta
   2.663586      -4.597817       2.468207    
  -7.669405      -2.756701      -10.38658    
  0.4440469      -2.600411      -6.179147    
  -5.829679      -12.44920      -3.197892    
   2.747859       6.134913       5.528721    
  -1.363443      -1.649681      -3.753880    
  -3.969757       6.847575      1.8093750E-02
   5.782268      -9.105335     -0.4048499    
   3.418518     -0.2965673      -3.661175    

 1.0 
 0.0
