C    -0.0139717888    -1.6742545366     0.0385050662
H     1.4255248308    -2.9028530121     1.7300449610
H     1.5532163382    -2.0440092087    -2.2804291248
H    -2.7950365543    -2.5730371475    -0.3147782683
C    -0.0061416868     1.0553162098     1.0904771090
H     0.0640593618     1.0178933144     2.9496941566
C     0.0222342424     3.0109322071    -0.5871362686
H     0.0982994586     2.7967975140    -2.5523490906
H    -0.5102657676     5.2619619370     0.3164972365
 momenta
  -4.775486     -0.6728112      -2.889346    
  -1.047592       1.123129      0.6708760    
   8.491882      -7.578177     -0.1693231    
  0.6742517      0.4459639       4.041113    
   6.872698      0.1956995       1.488382    
  -7.264011       4.256455       2.934364    
   1.174227       1.328898      -2.497098    
  -5.200080       5.947107       3.173129    
  -6.872099      -6.939508       2.654698    

 1.0 
 0.0
