C    -0.0066721993    -1.7101393938     0.0755085945
H     0.9446734190    -3.1923446655     1.9847160578
H     1.7307375669    -1.7574837208    -2.4471745491
H    -2.3976373672    -2.3251760006    -0.2777003348
C    -0.0068267751     1.0378692150     1.0260922909
H     0.2472664416     1.4739536047     2.7449934483
C    -0.0005069546     3.0481207371    -0.5653694272
H     0.0387646928     2.8797183037    -2.5923750401
H    -0.0545998700     5.1373925209     0.6641790271
 momenta
   4.758330      -1.147143      -4.744987    
  -8.119432       1.810977      -3.162826    
  -10.08299      -5.659917       3.713500    
   4.989639       6.327155       3.052369    
  -1.539811       7.626147      0.4586759    
 -0.5672624       5.320385       3.049846    
   5.379057      -6.691232       1.381529    
  -3.831853     -0.9038905      -3.222224    
  -11.91622      -6.107306       6.414601    

 1.0 
 0.0
