C     0.0021003005    -1.6833609343     0.0778961778
H     0.8119640350    -3.3008568287     1.5511189699
H     1.5312374830    -1.9594707489    -1.7683223486
H    -2.6404221058    -2.4681699276    -0.5604900718
C     0.0134554552     1.0059609413     1.0381311178
H     0.0430219509     1.5031546354     2.8046915531
C    -0.0052733324     3.0592465401    -0.5636014938
H    -0.1319776326     2.9300243855    -2.9285693169
H    -0.1205996796     5.2691817284     0.3079288602
 momenta
  -4.682980       3.004866      -1.421067    
  0.8666227      0.3970896     -1.9070907E-02
   5.303666       9.818950       5.833573    
   1.365722       7.228024      0.8634230    
   6.689711      9.2937596E-02  -2.571147    
  -1.470419       2.210241       4.460160    
  -5.716201      -8.103797       1.769845    
   5.769599       1.583534      -1.393440    
   1.117944      -3.994493      -2.224656    

 1.0 
 0.0
