C    -0.0020650192    -1.6622575521     0.0515832528
H     1.0823229551    -3.3209984303     1.6526503563
H     1.1384505033    -1.1951894760    -2.1862194538
H    -2.1308140755    -1.9786471128    -0.2936763763
C    -0.0147171170     1.0239913464     1.0618449450
H     0.1670193970     1.6009026766     3.3297975063
C     0.0116137946     3.0024590492    -0.5828817487
H     0.2151378244     2.2256312370    -2.6308429241
H    -0.3131318688     5.3576569557     0.4379001856
 momenta
   4.198973      -3.949390     -0.7673237    
 -0.5453105      -1.433437       8.362367    
 -0.2964997     -0.3998087       3.781158    
  -11.17738       7.144699       2.964734    
   2.817878      -3.053054      -7.355413    
  -4.028895       7.904756      0.4475193    
  -1.487568       1.415451      -1.815020    
 -0.9174464       7.158599       12.27011    
  -2.031059     -0.9428255       6.488705    

 1.0 
 0.0
