C    -0.0066233817    -1.7169374228     0.0286268052
H     1.0095895529    -3.2997570038     1.6923080683
H     1.5348842144    -1.9027855396    -2.5282201767
H    -2.3586025238    -2.8410167694    -0.1822012514
C    -0.0089155855     1.0725528002     1.0932997465
H     0.0573363602     1.6911599636     3.0567262173
C     0.0010248823     3.0355679989    -0.5784436464
H     0.2415289134     2.6088078022    -2.4115176201
H     0.0391920619     5.3228430748     0.1562984139
 momenta
  -2.052342      -8.917324       8.654907    
   4.045022       4.668780       4.181952    
   1.552462      -4.765337      -5.325698    
  -2.937250      -5.550774      -9.670897    
   4.104745     -0.4050185      -12.93159    
  -6.028495       8.856837       2.444140    
 -0.5637000       4.228754       3.988042    
  -6.689326       8.826437       1.103427    
   4.861568       5.702220       8.338445    

 1.0 
 0.0
