C     0.0046159006    -1.7067737579     0.0370730348
H     1.7595124245    -3.2197978497     1.2982438803
H     1.0130730867    -1.7673288584    -2.2235760689
H    -2.5236957073    -2.5745747089    -0.2448979169
C    -0.0422191210     1.0754036903     1.0768661499
H    -0.1279760748     1.2333621979     3.2063074112
C     0.0288300160     3.0271170139    -0.5686896443
H     0.1354789734     2.0391387939    -2.2662456036
H     0.0413724594     5.6732683182    -0.0521900021
 momenta
  9.1598578E-02 -0.3463578      -7.567314    
   10.32661       2.703508      -7.339914    
  8.4634371E-02  -11.25842       6.198201    
   4.951169      0.4550136       12.82583    
  -15.23050      0.4594935       8.431583    
   8.983295      -5.332471       3.666616    
   9.082049       3.221185      -5.880465    
  4.8866943E-02  -3.605802      -2.672454    
  -3.444655       5.210627       4.872575    

 1.0 
 0.0
