C    -0.0032112508    -1.6579422951     0.0493572205
H     1.4492858648    -3.3851158619     1.7074466944
H     1.3128918409    -1.4978792667    -1.9616905451
H    -2.4858262539    -2.5276393890    -0.5469055176
C    -0.0239251312     1.0118788481     1.0993491411
H     0.1580906808     1.5728467703     3.0995383263
C     0.0155483540     3.0268347263    -0.6215986013
H    -0.1414956450     2.5501289368    -2.6712648869
H     0.1051230505     5.3018794060     0.8317376375
 momenta
  -3.419062      -7.670506     -0.3962234    
  -6.210394     -0.4632003       4.999737    
   6.063360      -7.144980      -9.411298    
   5.867020      -5.674612      -3.406838    
   6.489366       6.721859       1.491384    
  -5.578795       2.473507      0.9566547    
  -1.523978       4.186563       2.542022    
  -6.921113       4.490456      -4.774306    
   1.388222      -4.713737      -1.052153    

 1.0 
 0.0
