C    -0.0321616009    -1.7074471712     0.0452883206
H     1.2625173330    -3.5527842045     1.8372980356
H     1.7720234394    -2.0470092297    -2.2812447548
H    -2.1400358677    -2.6558754444    -0.5890983343
C     0.0150483409     1.0606075525     1.0811152458
H     0.0131601170     1.6562659740     3.0950880051
C    -0.0070240763     3.0339326859    -0.5888646245
H     0.0184937827     2.9171969891    -2.4555182457
H    -0.0141389612     5.4334111214     0.4158596396
 momenta
  4.0664613E-02  -7.375156      0.8052868    
  -11.33495       2.386519      -3.683360    
 -0.8755271     -0.3712008     -0.5592196    
  0.3162865     -0.6108617      -5.214986    
   5.564126       3.951006       3.774960    
   8.442904     -0.2424687     -0.8269775    
  -6.767937       2.177027       1.560807    
   12.41315       3.419353      -5.291749    
  -5.161656     -0.3058700      -5.720782    

 1.0 
 0.0
