C     0.0178755186    -1.6838251352     0.0188521575
H     0.8477168083    -3.4309258461     2.2799253464
H     1.3211807013    -1.6862076521    -1.7809854746
H    -2.6978449821    -2.2388286591    -0.2539372146
C     0.0041292836     1.0449262857     1.0641355515
H     0.0169527978     1.4070496559     3.3004417419
C    -0.0174637418     3.0417225361    -0.5813394189
H     0.0405823961     2.0770413876    -2.6807904243
H     0.2143943757     4.9731497765     0.6286128759
 momenta
   5.704723      -2.882563      -13.99396    
  -5.447916      -14.64460       7.058381    
  -8.415578      -7.427507      0.5545840    
  -1.658478      -13.41041       11.90403    
   1.172597       15.38191       7.425646    
  -9.935266       2.541841      -2.192757    
  -1.645742      -3.027107      -1.347252    
   3.390579      -6.527744       3.009128    
   3.668421       6.792023       6.933523    

 1.0 
 0.0
