C    -0.0066451258    -1.7523036003     0.0427867621
H     1.3628517389    -3.4430465698     1.9764559269
H     1.3342999220    -2.1080193520    -2.1083698273
H    -2.3806123734    -2.9573988914    -0.5786208510
C    -0.0124559868     1.0580565929     1.0701633692
H     0.1397728771     1.6685986519     2.9811801910
C    -0.0054735369     3.0825231075    -0.5650830269
H     0.0867692456     3.1560468674    -2.5341463089
H     0.3782716095     5.3758625984    -0.1371053159
 momenta
  -3.493721       5.156068      -2.102196    
   4.594204      -4.449462       3.366834    
  0.2247675       1.158322     -0.1530341    
   4.720036      -2.126778      -7.577749    
  0.1236417       2.520566       1.795363    
   4.019013     -0.5776423      -8.846339    
  -1.469604      -3.217690       7.747287    
 -1.6845347E-02  -8.069806      0.8336429    
   3.146000      -1.695409      -13.43038    

 1.0 
 0.0
