C     0.0033834281    -1.7057573795     0.0387062989
H     1.5471630096    -3.0366568565     1.5530599356
H     1.1966152191    -1.7992948294    -1.9864118099
H    -2.6132884026    -2.6430246830    -0.4122460783
C    -0.0253663603     1.0434814692     1.0792948008
H    -0.0106328437     1.4907399416     3.2622866631
C     0.0044631092     3.0236454010    -0.5788426995
H     0.1565462202     2.8191561699    -2.5305476189
H     0.3644826412     5.9701428413     0.0853920728
 momenta
   7.420656       8.076364       1.061185    
  -2.721367      -5.135573      -4.597462    
  -11.76943     -0.7048361       3.582413    
  -2.236229      -3.568970       1.373560    
  -5.856813      -2.662432       2.038471    
   2.081416       2.376656      -3.221547    
   1.430570      -1.966288      -6.499937    
   3.318067      -4.122838       2.406607    
  0.8196099     -0.6912418       12.26771    

 1.0 
 0.0
