C    -0.0018852073    -1.6528334618     0.0579776391
H     0.5393629074    -2.9847998619     1.5469328165
H     1.4302383661    -1.6403698921    -2.1653463840
H    -2.1533057690    -2.3143374920    -0.7642988563
C     0.0243080258     1.0132861137     1.0823682547
H    -0.2559050024     1.5912101269     3.0967750549
C    -0.0017905716     3.0241410732    -0.6028542519
H    -0.4805189669     2.1448063850    -2.2556707859
H     0.0082822461     5.0677046776     0.5661545992
 momenta
   2.533700      -3.153335      -1.960360    
 -0.3460396      -5.361650     -0.1278513    
  -3.573815       8.306911       4.120493    
  -4.957636      0.5631416      -2.265193    
  -1.414099       7.768361      -1.780601    
   3.861212      -1.431615       4.959980    
  0.3376511      -9.069508       4.235123    
   1.527717       3.137789      6.9275558E-02
  -1.692588       10.18490      -8.375677    

 1.0 
 0.0
