C     0.0078799725    -1.6715985537     0.0426165983
H     0.7930517793    -3.2770514488     1.7457014322
H     1.1938687563    -1.8483835459    -2.2356007099
H    -2.2082290649    -2.3518741131    -0.4681390822
C    -0.0093543660     1.0684208870     1.0648242235
H     0.0618573725     1.0778433084     3.0092885494
C     0.0153475059     2.9958302975    -0.5563144088
H    -0.2481262833     2.4884281158    -2.5333158970
H    -0.2336208820     5.4352989197    -0.0540806577
 momenta
  0.7030835      -2.687633      -5.137248    
   5.739122      0.6671454       3.546399    
  -11.85588      -11.59060       1.436393    
   5.433850       4.583302       7.619318    
   1.147569      -1.922541       1.039420    
  -13.13870       7.991744      -2.798686    
   4.919131       6.181592     -0.5178496    
 -0.8874540       1.011627     -3.1331766E-02
  -8.417871      -8.153017       5.839225    

 1.0 
 0.0
