C    -0.0010828187    -1.6723159552     0.0617347620
H     0.8646240234    -2.8990237713     1.3324904442
H     1.6921086311    -1.9530682564    -2.2877824306
H    -2.3749282360    -2.6505074501    -0.1741281152
C    -0.0087224813     1.0269881487     1.0576161146
H    -0.1147304177     1.2871396542     3.2082512379
C     0.0058512241     3.0128040314    -0.5717509389
H    -0.1736161411     3.1860327721    -2.3875830173
H     0.1948307753     5.5954494476    -0.0698884279
 momenta
   6.297904       11.69942       2.564709    
   1.895336      -1.879903      -6.810764    
  -2.656561      -7.716656      -6.494350    
 -0.5238688       4.056520      -1.884427    
  -10.31453     -0.7325059       6.992091    
   3.798104      -11.99541      -9.323207    
   2.883736      -2.029485      0.6008919    
  -3.298613      -6.222112      -2.053174    
   4.741435      -7.214404      -8.336987    

 1.0 
 0.0
