C     0.0063263429    -1.7108045816     0.0601861961
H     1.2665206194    -3.4307212830     1.6557617188
H     1.0879933834    -1.8453466892    -1.8668328524
H    -2.1280572414    -2.7563219070    -0.1677903980
C    -0.0420458950     1.0676497221     1.0305672884
H     0.1278544664     1.3169463873     3.1654965878
C     0.0282569788     3.0312144756    -0.5761013031
H    -0.2628241777     2.9415187836    -2.6878037453
H     0.1340709031     5.4880867004     0.8682897091
 momenta
   1.982338       8.013465      0.4169350    
   1.351731       3.726743       1.064565    
  -5.430339       1.163484       1.056661    
  -2.345600      -8.857067      -1.921039    
  -5.093050     -0.7822028      -1.231479    
   3.039736      -3.946386      -1.492144    
   5.828932      -3.700435       4.134954    
  -5.101328      -2.405143      -10.26636    
  -1.070264      -1.843220      6.4205393E-02

 1.0 
 0.0
