C     0.0184748936    -1.6834378242     0.0754985958
H     1.1185580492    -3.4106397629     1.6230894327
H     1.1450663805    -1.7640706301    -2.2636992931
H    -2.6187946796    -2.4743268490    -0.5258492231
C    -0.0246255267     1.0319762230     1.0398104191
H     0.1195164397     1.5649257898     2.9430582523
C     0.0063254884     3.0255005360    -0.5686346292
H     0.0333995074     2.8602488041    -2.4477107525
H     0.1199660003     5.5138907433     0.3268976510
 momenta
  0.3480098      0.4130352       3.692300    
   9.372306       9.882218      0.3420207    
  -4.245395       8.067203      -6.360232    
 -0.3729379      -6.216482       2.513455    
  -9.195031      -3.080774      -8.084518    
  -1.566285      0.8329036      -2.959576    
   8.255032      -2.217640       7.661231    
  -5.362285     -0.5890597      0.9726840    
   4.458612       4.776828      -5.625762    

 1.0 
 0.0
