C     0.0133507019    -1.6740008593     0.0379071012
H     1.1318134069    -3.1132657528     1.8295470476
H     1.1070454121    -1.9276119471    -2.1126008034
H    -2.5741825104    -2.5480463505    -0.5518068075
C    -0.0197041724     1.0477699041     1.0667413473
H     0.0448184274     1.1831086874     3.2167687416
C     0.0193892121     3.0214064121    -0.5605943799
H    -0.2689146996     2.5095553398    -2.3776383400
H    -0.0492777973     5.3130311966    -0.2459152341
 momenta
   1.933971      -7.348339      -4.222452    
  -4.108420       11.53312      -3.068966    
   2.936199       3.043411     -4.3659125E-02
  -5.407401       2.082500       2.803447    
  0.9281473      -1.596644       11.15753    
 -0.5182200      -1.038658      -5.953802    
  -2.610608       6.486786      -4.219324    
   2.877728      -8.422304      -4.662566    
   3.412130       1.227363       1.690875    

 1.0 
 0.0
