C    -0.0092980461    -1.6514407396     0.0593626164
H     1.2710300684    -3.3804531097     1.7039674520
H     1.2101013660    -1.9000536203    -2.5367937088
H    -1.8646075726    -2.2039942741    -0.3382726908
C    -0.0257327165     1.0123357773     1.0643527508
H     0.0657437518     1.4281245470     3.0944023132
C     0.0272599775     3.0308477879    -0.5750212669
H    -0.0939367041     2.0622212887    -2.7686212063
H    -0.3234424591     5.5465202332     0.4105864167
 momenta
  -3.431526      -3.569476      -1.813811    
   3.570995       2.119470      -1.612015    
  0.1747831      -3.913024       3.234195    
   6.798177       3.123947      0.7211362    
   1.192274       2.271768     -0.7445055    
  -4.727006      0.1885855     -4.6553914E-02
   3.230823      -2.614689       2.035894    
  -6.044691       4.657522       3.362201    
  -3.133791       7.288126      -3.874990    

 1.0 
 0.0
