C     0.0005833447    -1.7165538073     0.0546618551
H     0.8602181673    -3.4956243038     1.3844960928
H     1.0439521074    -1.5678631067    -2.1886820793
H    -2.2210536003    -2.6715869904    -0.3498435318
C     0.0042985831     1.0736483335     1.0543040037
H    -0.1487813294     1.8138279915     3.0017907619
C     0.0034525124     3.0107922554    -0.5554897189
H     0.2513492107     2.8249580860    -2.6216988564
H    -0.2040374428     5.6397719383     0.1387827545
 momenta
  0.9858575      0.4754924       5.888609    
  -2.919555       12.27016      -1.845691    
   3.472307      -5.101826     -0.5290465    
  -8.392591      -2.169169      0.4332077    
   3.910081      -10.41472      -3.997137    
  -7.417875     -0.3258292     -0.5814518    
   2.565954       5.532632      -2.205271    
  -7.698765       10.60626      -1.176806    
  -2.873676      0.3210148       4.848518    

 1.0 
 0.0
