C     0.0056880019    -1.6504313946     0.0772454441
H     1.3225264549    -3.2633578777     1.6712682247
H     1.3427895308    -1.4745848179    -2.0355176926
H    -2.5906641483    -1.8470048904    -0.2654680014
C    -0.0206830204     1.0229574442     1.0378899574
H     0.0657364354     1.1302452087     2.9613480568
C     0.0167463385     2.9839396477    -0.5769879818
H    -0.0355866812     3.3319962025    -2.7904353142
H    -0.2451932132     5.1453170776     0.4573937654
 momenta
   3.486837       1.327995       3.347476    
  -7.292244      0.3202211       5.023836    
  -10.06925       8.402580       7.131038    
   4.448718      -2.570531      -4.107691    
  -1.020989      -3.654540      -5.947044    
   4.165312      0.5848958       4.049094    
  0.7018406       5.077642      0.1903740    
  -3.612074       2.369782      -8.915287    
   1.330014      -18.49697       4.806338    

 1.0 
 0.0
