C     0.0144444024    -1.6800729036     0.0569584593
H     1.0035011768    -2.9193251133     1.8893134594
H     1.1520036459    -1.7986543179    -2.0987095833
H    -2.6408281326    -2.2554864883    -0.9422469735
C    -0.0085054459     1.0361665487     1.0551981926
H     0.2957905233     1.3477123976     3.4071812630
C    -0.0038041049     3.0152082443    -0.5735754371
H    -0.0623473413     2.6670401096    -2.4548923969
H     0.0908284113     5.3584761620     0.1864859909
 momenta
   4.903978      -9.198076      -9.225821    
   4.767855      -6.853979      0.7590752    
  -12.72944      -8.662321       1.427646    
   1.705938      -14.77272      -2.633187    
  -8.145061       11.89669       8.683296    
   2.431209       10.74314      -1.082548    
  0.4530864      0.8859590       5.775304    
   2.782875       2.416969      -8.912151    
   10.25007       4.354466      -7.571594    

 1.0 
 0.0
