C    -0.0013282120    -1.6998288631     0.0738647282
H     1.2284529209    -3.3168709278     1.4187134504
H     1.5259039402    -2.1866621971    -2.0460884571
H    -2.9593284130    -2.4591524601    -0.6265125871
C     0.0092929462     1.0424025059     1.0506613255
H    -0.0473580733     1.5451749563     3.1383941174
C     0.0037121866     3.0367085934    -0.5820782781
H     0.0538184717     3.0328416824    -2.6930785179
H    -0.3647234142     5.4700593948     0.6335009336
 momenta
   7.545665      0.7150130      -2.174415    
  -3.406221       12.60621      -3.099081    
  -1.750722      -10.47078      -4.484446    
  0.2058851       12.06663       3.969116    
  -5.806246      -8.960747       4.767506    
  -3.930623      -2.503186       8.437668    
  0.5494660       7.123687      -5.559466    
  -5.466784      -10.31697       3.504112    
   6.902606       2.381743       2.248565    

 1.0 
 0.0
