C     0.0010387854    -1.6947040558     0.0614573397
H     0.8911018968    -3.0049161911     1.8430180550
H     1.5436489582    -1.5653377771    -2.1815772057
H    -2.5133605003    -2.0164706707    -0.6850754619
C     0.0035720586     1.0473744869     1.0444166660
H     0.3363043964     1.6941568851     2.7531085014
C    -0.0201398470     2.9939653873    -0.5563410521
H     0.2060981095     2.8956336975    -2.5234253407
H     0.1060730889     5.4062733650     0.3280812502
 momenta
 -0.6627983       9.389392     -0.3939627    
 -7.1907043E-02  -5.861711      -1.184158    
  -3.398088      -2.628936      -2.146104    
   5.052076      0.8900096      -4.597980    
   1.671022       2.502159       10.59744    
   1.446484      -8.751896      -15.00574    
  -4.492930      -2.143105      -2.407204    
   7.101625      -7.560159      -2.722848    
   1.746271      -9.875938      -1.441649    

 1.0 
 0.0
