C     0.0097894492    -1.6612503529     0.0492665470
H     1.0296492577    -2.9282617569     1.9603189230
H     1.0537085533    -2.0470080376    -2.0590853691
H    -2.4841890335    -2.5498971939    -0.1016229615
C    -0.0009521166     0.9890546799     1.0525114536
H     0.0011641517     1.3656767607     2.9078221321
C    -0.0265410617     3.0365025997    -0.5669605732
H     0.7586578131     3.0377686024    -2.7556846142
H     0.2875303626     5.8007159233     0.1856460869
 momenta
   1.668715       5.655200      -3.319782    
   2.542605     -0.8209345       3.516013    
   1.929859      -14.07067      -6.778130    
  -1.918447      -1.352191       9.591323    
  -6.334848      0.7793691      -4.875530    
   5.441002       3.795165       2.702361    
  0.8561738      -2.290958     -0.9444715    
   7.932936      -5.976806       11.01888    
  -2.580719       3.905788       11.69437    

 1.0 
 0.0
