C     0.0064723347    -1.6769148111     0.0682460889
H     1.0361849070    -2.8410816193     2.0713713169
H     1.1812949181    -2.0771181583    -2.1622216702
H    -1.9875407219    -2.4591176510    -0.6168154478
C    -0.0310200825     1.0392525196     1.0195938349
H     0.2838516533     1.0122270584     3.0929958820
C     0.0125447316     3.0383129120    -0.5528738499
H    -0.4276348650     2.7577042580    -2.5816638470
H     0.3383893669     4.7955145836     0.3226831555
 momenta
  -5.716414      -8.043430      -1.861781    
   5.455018      -3.219549     -0.2161256    
  -2.851049      -7.699056       9.216007    
   5.002273      -4.515153      -4.115957    
   3.114582       5.662504       1.100232    
   2.584701       2.979005       5.202671    
   1.709373       7.402359      -7.290548    
   1.682702     -0.4808926       3.336059    
  -9.002119      -4.408467       14.15876    

 1.0 
 0.0
