C    -0.0047373758    -1.7264775038     0.0079060718
H     1.1318055391    -3.0722918510     2.0195655823
H     1.3208737373    -1.9920767546    -1.7260273695
H    -2.3946561813    -2.8279747963    -0.7507390380
C    -0.0133526633     1.0574591160     1.0952545404
H     0.4374053776     1.8326952457     3.3327047825
C     0.0077765556     3.0446493626    -0.5714035034
H    -0.2464868873     2.5400962830    -2.6595704556
H     0.0893199667     5.7263240814     0.0499198586
 momenta
  -5.138960      -4.820412      -4.034597    
 -0.6687076      -1.362206      -5.055233    
   1.672061      -2.255059     -0.4133921    
   12.21588      -10.85963     -0.8533937    
  0.5004883       11.92256       5.199548    
 -0.9697414       4.908623       4.063559    
  0.5026034      -9.230159       2.090510    
  -2.603548       10.14616      -6.805400    
   4.354596       6.748673      -2.159469    

 1.0 
 0.0
