C    -0.0093903523    -1.6534352303     0.0591494404
H     1.0965580940    -2.6296172142     1.5273127556
H     1.0720545053    -1.7429333925    -1.8426508904
H    -2.1906335354    -2.4305214882    -0.7998884916
C     0.0019408450     1.0259882212     1.0703738928
H     0.1944491863     1.3598117828     2.9435811043
C    -0.0000597741     3.0115828514    -0.5893699527
H     0.1406574100     2.4955828190    -2.5566186905
H    -0.0774149299     4.8176445961     0.6382083893
 momenta
 -7.1534626E-02   3.773648      0.3249979    
  -8.413086      -3.717534      -4.339678    
  0.6964985      -3.149811      -3.153853    
   4.033051     -0.5426510       1.218341    
   3.354558      -5.877511       7.230426    
   2.428871       10.91591      -7.081546    
  -4.908644      0.8660698      -6.385812    
   8.887610      -2.480531      -1.376786    
  -2.089152       3.214268       10.70864    

 1.0 
 0.0
