C     0.0080916379    -1.6897068024     0.0550112203
H     0.8787918091    -3.4116785526     1.7398871183
H     1.5773123503    -1.7240206003    -1.9967855215
H    -2.6512322426    -2.4320614338    -0.5431570411
C    -0.0073152571     1.0578434467     1.0551909208
H     0.1189186573     1.1355644464     3.0202071667
C     0.0128208762     3.0328924656    -0.5739493370
H    -0.4858612120     2.3014054298    -2.5513896942
H    -0.0725452304     5.3170261383     0.4104450345
 momenta
  -1.025950      0.5849606     -0.3730082    
   9.485327      0.9066806       4.331798    
  -2.367310       8.574277       7.694380    
  -1.994967      0.4357815      -2.826333    
  -4.514872      -7.537710      -2.892533    
   4.058464       2.640854       2.374810    
   3.149391       3.067600       2.406622    
  -3.412867      -4.221937      -6.367136    
   2.511077       4.861998      -2.219524    

 1.0 
 0.0
