C     0.0113565708    -1.6697986126     0.0833234116
H     1.1768640280    -2.9025611877     1.7946130037
H     1.1245591640    -1.7727479935    -1.5938988924
H    -2.4743711948    -2.1299400330    -0.6459859610
C    -0.0184144471     1.0025131702     1.0010044575
H     0.1840834618     1.3484803438     3.0371613503
C     0.0119280480     3.0261843204    -0.5734696984
H    -0.3436702788     2.6453258991    -2.4717426300
H     0.0603499673     5.7224974632     1.0056570768
 momenta
   6.450403       5.551233       4.147934    
  0.4283915     -9.0441920E-02   5.670044    
  -13.29477      -5.095410      -8.298944    
   3.289680       13.23474      -2.036976    
  -4.039683      -10.07945       4.360998    
  -3.663391      0.4680179      -7.778539    
   3.489785       4.006382      -2.107421    
  -2.134594       10.38698      -8.500946    
  -4.789235      -17.00745      -1.380680    

 1.0 
 0.0
