C     0.0182683803    -1.7320805788     0.0273966622
H     1.2991219759    -3.7818193436     1.4556409121
H     1.0764783621    -1.7750062943    -2.1680121422
H    -2.4915037155    -2.3395259380    -0.1418997645
C    -0.0347153433     1.0933487415     1.0967111588
H    -0.0913710669     1.4708154202     3.1828751564
C     0.0217471700     3.0184929371    -0.5932263732
H    -0.0028302376     2.5501656532    -2.3292846680
H    -0.0810050070     5.9285998344     0.3101930022
 momenta
   1.272902      -9.688462      -6.344115    
   2.826549       1.064734      -1.981417    
  -5.809018      -2.990161       5.759124    
  -2.525758     -0.4599370      -3.849463    
  0.6020757       2.253067       12.08771    
   1.087864       8.196443      0.1858444    
  -2.788818       7.429831      -8.877108    
   6.147987      -5.775867       4.261608    
   1.315035     -0.1966131       6.491638    

 1.0 
 0.0
