C    -0.0000468130    -1.6632864475     0.0612557642
H     1.0572149754    -3.2634387016     1.9313102961
H     1.3193563223    -2.0430808067    -2.0463340282
H    -2.0997834206    -2.5160734653    -0.4805957675
C    -0.0080469903     1.0208542347     1.0493959188
H    -0.0305437781     1.2340699434     2.8096706867
C    -0.0039427173     3.0277965069    -0.5699674487
H    -0.2128757536     3.0140230656    -2.6092483997
H     0.3804356754     5.3954672813     0.2890662253
 momenta
  -1.312810      -6.260383      -4.924169    
   4.168768       2.057302      -6.925203    
  4.1929081E-02   3.213246      -5.609028    
  0.8846695      -8.451365       6.207795    
  -2.625575      0.2699246       15.97809    
  -3.522878       2.036642      -4.131643    
 -0.7871372       5.338825      -6.631784    
   7.946153      -1.476242      0.8593714    
   6.727630       4.758718      -5.474172    

 1.0 
 0.0
