C    -0.0003659663    -1.6985063553     0.0463380069
H     0.9427738786    -3.4576506615     2.0847949982
H     1.4212083817    -1.4836368561    -2.0711710453
H    -2.4536330700    -2.1848013401    -0.3098072708
C     0.0156265944     1.0522220135     1.0535160303
H    -0.1172129288     1.1741117239     3.1135349274
C    -0.0201428551     3.0091094971    -0.5733467340
H     0.1991524249     2.8819909096    -2.6659135818
H     0.1313564628     5.8242568970     0.3260228038
 momenta
   2.665970       5.113533       5.395405    
  -1.743775       5.310082       11.61306    
  -5.466063       7.916642      -1.924866    
  -8.650620      -4.764313      -16.84828    
 -0.1711762      4.5441464E-02  -8.290181    
   10.26629      -4.478683      -3.203499    
 -0.3006229      -5.724809       5.398000    
  -2.797297     -0.7188556       4.923194    
  0.6190058      -1.274447      -3.182576    

 1.0 
 0.0
