C    -0.0077880919    -1.6729278564     0.0542832576
H     1.1554567814    -3.1334455013     1.3569382429
H     1.4927675724    -1.6934397221    -2.3745915890
H    -2.6772449017    -2.3862202168    -0.5266811252
C     0.0207903348     1.0620532036     1.0786356926
H    -0.4114688635     1.2530660629     2.9096608162
C    -0.0052655376     3.0035276413    -0.5620124340
H     0.1468456835     2.4954545498    -2.5200233459
H    -0.0913191736     4.9936757088    -0.1965294629
 momenta
 -0.5789706      -1.846560       5.294868    
  -3.344297     -0.9068298       1.128692    
   3.049983       7.407546      -3.620178    
  -2.804661       1.126269       1.999693    
   3.901329      -8.097502      -4.269896    
  -4.677404      -3.896962       1.600179    
  0.2092741       3.938440      -4.898665    
  -1.789724       3.326404       15.06608    
  -2.566671       13.96799      -2.623241    

 1.0 
 0.0
