C     0.0133817019    -1.6683331728     0.0330125839
H     0.9452789426    -3.3561856747     1.7414877415
H     1.2511465549    -1.5595104694    -2.2039725780
H    -2.3724980354    -2.7630894184    -0.1507684141
C    -0.0255404655     1.0448998213     1.0667301416
H     0.0140479617     1.3171088696     3.3663125038
C     0.0077126389     3.0058236122    -0.5617719889
H    -0.0671359599     2.7006437778    -2.3500866890
H     0.3380849063     5.6032943726    -0.3890784681
 momenta
  0.3937527      -10.38587       5.126656    
 -0.3282331       1.721450      -7.273397    
   1.978036      -4.964208       7.062888    
  -2.419555      -5.543337       10.92336    
 -0.5693152       8.492930      -15.58293    
  -5.455228      -4.860301      -18.57005    
   2.968501       3.992326       11.95861    
  -1.883053       7.354450       2.751006    
  -1.663560     -0.9139002     -0.2302478    

 1.0 
 0.0
