C     0.0246507786    -1.7114197016     0.0482412949
H     1.0382717848    -3.3509705067     1.9385341406
H     1.0005017519    -1.3774609566    -1.9414209127
H    -2.5140922070    -2.2913267612    -0.0904707462
C    -0.0315450244     1.0591586828     1.0216470957
H     0.0061372998     1.4223908186     2.8960490227
C     0.0201516394     3.0149910450    -0.5381492376
H    -0.1966138333     2.8349330425    -2.5658974648
H     0.0528878868     5.5133829117     0.0251509864
 momenta
  -2.088951      -6.761879      -3.356059    
  -3.186543      0.4129387      -9.780046    
   2.214184       3.250098      -7.127610    
   9.365769      0.2817520      -2.261935    
  -4.561655       6.443526       14.17773    
   7.722462       6.635204      -1.831449    
   2.561795      -4.624633      -3.614068    
  0.6756560      -8.787072      -4.562143    
  -2.597906       15.08472      0.9647560    

 1.0 
 0.0
