C    -0.0061371969    -1.6972725391     0.0374510586
H     1.0466161966    -2.9122416973     1.3081847429
H     1.4366847277    -1.9623039961    -1.7802664042
H    -2.2491540909    -2.2211513519    -0.1885174066
C     0.0064518810     1.0543397665     1.0550334454
H     0.0059784502     1.2581776381     3.3081974983
C    -0.0292868763     3.0278072357    -0.5614321232
H     0.6095830798     2.2835392952    -2.4032986164
H     0.2764717638     5.3805212975     0.0467086583
 momenta
   3.685422       1.866940      -5.427496    
   5.845502      -4.385968       8.745702    
  -2.337346       3.449198       8.921457    
  -7.431308       10.22970       8.298315    
  0.2348957       1.941826      -8.462544    
  -8.000649      -1.589555       7.098282    
 -0.7705705      -5.239276       4.265771    
  -1.535714      0.9073834      0.1986903    
   2.785236      -3.671231     -0.1580518    

 1.0 
 0.0
