C     0.0238901321    -1.7107654810     0.0470071994
H     1.0272400379    -3.0410635471     1.6349200010
H     1.0737080574    -1.8143198490    -1.9991259575
H    -2.8066432476    -2.3525311947    -0.4594877362
C    -0.0190529749     1.0455794334     1.0748454332
H     0.0281726532     1.2917538881     3.1074059010
C     0.0168932471     3.0443413258    -0.5815253258
H    -0.1530764699     2.5827515125    -2.6537132263
H    -0.1376599967     5.4158434868     0.2846086025
 momenta
 -0.3201663       5.429731      -5.589128    
   5.926759       6.009327       5.942085    
  -5.177253      -2.310718       8.158180    
  -1.069020      -2.214329      0.1876542    
  -3.433637       2.625597      -1.291350    
   3.165886      0.8833389      -4.670844    
   5.006471      -11.12655       3.993429    
  -3.501741       10.44873       2.532390    
  -3.829638      -2.317104      -2.278599    

 1.0 
 0.0
