C    -0.0221730452    -1.6665065289     0.0453423075
H     1.1983611584    -3.1866195202     1.8653550148
H     1.4018930197    -1.4919891357    -1.9717622995
H    -2.1391789913    -2.5175747871    -0.6180117130
C    -0.0003365448     1.0175919533     1.0749330521
H     0.3478738368     1.4538438320     2.9591259956
C    -0.0014272454     3.0324649811    -0.5835458636
H     0.1684805751     2.2008044720    -2.4540104866
H    -0.0651786849     5.4271163940     0.2736940682
 momenta
 -0.8327265      -5.356769       4.423175    
   3.123154      -4.947423      -1.207574    
  -3.157325       9.953738      -6.572624    
  -1.905025      -2.127375      -4.843426    
   2.644377       9.378032      -6.172810    
  -7.698210       4.765867      -1.808418    
   2.150179      -11.02095       5.787274    
  -2.982439       5.810680       4.052325    
  -1.047674       10.92244      -3.499002    

 1.0 
 0.0
