C     0.0057306774    -1.6863385439     0.0657987073
H     0.9043664336    -3.6039690971     1.7824504375
H     1.1316635609    -1.4899030924    -2.4494025707
H    -2.5277972221    -2.6099498272    -0.2580331564
C     0.0121416850     1.0284426212     1.0770331621
H    -0.3015712798     1.5404422283     2.9434792995
C    -0.0082255052     3.0338964462    -0.6031110883
H     0.3903094232     3.0869355202    -2.7074801922
H    -0.0743812695     5.3014569283     0.6196407080
 momenta
   2.778558       4.386003      -6.018435    
 -5.0593037E-02   3.652159      0.2372662    
  -3.885701      0.2026439      0.7015134    
 -0.6621529      -4.884661       5.185641    
  -7.613692       10.61032       2.742882    
   2.921541      -2.718643      -4.894746    
   8.505118      -14.37020       4.619964    
  -6.618057       8.517848      -1.106078    
  -4.475205      -6.871320      -4.795619    

 1.0 
 0.0
