C     0.0126580875    -1.6703325510     0.0693889931
H     1.0163488388    -3.1604213715     2.0260915756
H     0.8896359801    -2.0139205456    -2.1027600765
H    -2.1699223518    -2.5950152874    -0.0802438110
C    -0.0161306523     1.0275321007     0.9889964461
H    -0.2651443481     0.9103094935     2.9709265232
C     0.0196322557     3.0276362896    -0.5278956294
H    -0.1925450712     3.0857250690    -2.3294246197
H    -0.0150395660     5.6193232536    -0.1768338531
 momenta
 -0.1283677      -6.136624      0.5989687    
  -2.589321       5.591931       14.33194    
  -2.121622      -7.713116      -10.04654    
  -2.044454      -7.147756      -4.201417    
   3.802944       1.698125      -8.599877    
  -2.885163      -6.740556      -1.958285    
   1.042757       8.136092       12.39753    
  -3.895639      -2.924744      -1.979878    
  -2.762839       6.121103      -11.43399    

 1.0 
 0.0
