C    -0.0031219353    -1.6748169661     0.0630806684
H     0.8860277534    -3.0308914185     1.8058595657
H     1.4751607180    -1.4603585005    -2.0688836575
H    -2.7904021740    -2.8142533302    -0.5429322124
C     0.0154657541     1.0381703377     1.0370481014
H    -0.0441803932     1.5316295624     3.0013818741
C    -0.0001282534     3.0045289993    -0.5616959929
H    -0.0626669452     2.8219244480    -2.6715161800
H    -0.0478293374     5.5047802925     0.4631532729
 momenta
  -2.858856       2.958287      -7.223387    
   4.460207      -5.234677      -2.169332    
  -3.413348       1.630890      -2.928588    
   4.426823      -9.941855      -1.974884    
  -3.229995       12.61334       11.45570    
  0.8002915      -6.712227       2.819650    
   6.893621      -5.529174       1.996517    
  -3.859998      -9.359990      -6.852622    
  -5.299799      -5.099569      -10.52582    

 1.0 
 0.0
