C    -0.0087786969    -1.6597983837     0.0788967460
H     1.1868550777    -3.4380919933     1.5734597445
H     1.2725422382    -1.3498456478    -2.1085264683
H    -2.1597023010    -2.5235915184    -0.7777765989
C    -0.0088523105     1.0482424498     1.0262248516
H     0.0664917827     1.2341766357     2.9941360950
C     0.0100435559     2.9848973751    -0.5388634205
H    -0.2432664335     2.6617901325    -2.7362935543
H     0.1138994470     5.7322788239    -0.1012967676
 momenta
   3.974874      0.2634665      -1.156726    
  -8.093009       6.099435       3.895484    
  0.8115706       1.654716       6.591627    
  -3.055045      -1.631437       2.030009    
  -1.127986       3.661786      -9.095673    
   3.100606      -7.351978      0.1364822    
 -0.1277909      -4.335860       6.313058    
  -6.109212      -2.195056      0.4474897    
   3.867518       4.863648      0.5630587    

 1.0 
 0.0
