C    -0.0131360218    -1.6508929729     0.0405661240
H     1.2101174593    -3.4781539440     2.3404593468
H     1.3163975477    -2.0997388363    -2.0852746964
H    -2.0637838840    -2.4779427052    -0.6863325238
C     0.0050827721     1.0349233150     1.0697569847
H     0.0199841913     0.8687106967     3.0619595051
C    -0.0027463268     3.0201387405    -0.5831336379
H    -0.2265555561     2.6396646500    -2.4000582695
H     0.1049380228     5.5948090553     0.2152075768
 momenta
   6.218751      -11.30586      -3.854501    
  -7.442370       10.13789       6.205878    
  -10.01707       12.14863      -1.366332    
  -4.020184      -6.706812      0.4708260    
  -3.279215       4.891935     -0.6235226    
  -1.291869       1.268402      0.3466882    
   5.957696      0.3364692       6.724131    
  -8.106943       1.636616      -4.021302    
  0.1543495       2.596721      -9.377921    

 1.0 
 0.0
