C     0.0156852789    -1.6696474552     0.0490877405
H     1.0886788368    -3.2174785137     1.8107548952
H     1.4053735733    -1.5769784451    -1.9849824905
H    -2.8182387352    -2.4833045006    -0.1710242033
C    -0.0146357156     1.0600827932     1.0304728746
H    -0.0311751012     1.1046711206     3.1410267353
C    -0.0019099031     3.0035636425    -0.5601016283
H     0.0201824978     2.4553947449    -2.4241592884
H     0.2994982898     5.1879153252     0.3988694549
 momenta
  -4.777064       10.75600      5.8056742E-02
   5.673536      -3.272743       3.501315    
   8.580316     -0.7055351       4.227795    
  -1.790523      -5.575828       1.276361    
  0.2503201      -4.996187      -6.262886    
  0.9837099     -1.7026236E-03  -5.372908    
   2.491012      -4.167986       7.010018    
  -6.291918       5.119603       3.604105    
 -0.2266669      -1.132103      -10.09855    

 1.0 
 0.0
