C    -0.0191455912    -1.7360093594     0.0649847910
H     1.6602151394    -3.2962932587     1.6333153248
H     1.4578311443    -2.1156852245    -2.3223276138
H    -2.4970977306    -2.9972853661    -0.0852597132
C    -0.0259731002     1.0599949360     1.0384577513
H     0.1255312264     1.3745882511     2.9936881065
C     0.0215814244     3.0652143955    -0.5602636337
H     0.3440384865     3.1905608177    -2.7339065075
H    -0.2043379247     5.5070066452     0.3073644936
 momenta
  0.2895848       8.128479       1.764041    
  -3.262979       3.433790       4.045307    
 -0.6317149      -6.858979       5.393105    
   2.949219       1.868486      -5.073779    
   1.635088       3.849813      -4.066623    
   3.691349      -7.571484      -9.192101    
  -2.594909      -9.300358       3.018351    
  -2.473335       7.118495      -5.089901    
   1.780579      -7.207181       7.286302    

 1.0 
 0.0
