C     0.0073532034    -1.6362596750     0.0439291932
H     0.9875178337    -3.1256082058     1.3879355192
H     1.2197563648    -1.7362738848    -2.0820014477
H    -2.7302379608    -1.9873851538    -0.7009451985
C     0.0141715826     1.0323128700     1.1090265512
H     0.0393159315     1.1546305418     3.2575092316
C    -0.0167932156     2.9838721752    -0.6045132279
H     0.4701119661     2.3814082146    -2.4941554070
H    -0.2534159720     5.3640255928     0.2113674879
 momenta
  -4.272811       5.600859      -2.781286    
   2.980699       6.712955      -1.487476    
   4.745969       16.19060      -2.774703    
  -5.336442      -1.285697     -0.4128517    
  -1.531730      -6.561095       10.73286    
   7.852149      -1.732760      -1.670998    
   4.833293      -2.571369      -2.803198    
   2.624089      -10.27337      -3.204005    
  -9.377788       2.543045      -8.141472    

 1.0 
 0.0
