C    -0.0038919309    -1.7047977448     0.0413458869
H     1.3065010309    -3.4460942745     2.0718264580
H     0.9756466746    -1.6761522293    -2.2798180580
H    -2.3694081306    -2.6163356304    -0.6148585677
C     0.0045562796     1.0707399845     1.0794737339
H    -0.2184804827     1.3113133907     3.1938233376
C     0.0034163527     3.0250465870    -0.5857977867
H     0.0909976214     2.7878408432    -2.5837774277
H    -0.0322511978     5.2362179756     0.3339709342
 momenta
  0.1845584       2.124273       1.828480    
   1.766617      -2.997167      -3.587825    
   5.557687      -9.538198      0.1216563    
  -10.57900       7.435623       3.762351    
   3.022836      -4.053543      0.2471145    
   1.548314      -5.048169       3.366770    
  -2.852474       3.625011      -2.699439    
   10.32234       4.476547      -1.057069    
  -9.873188     -6.8692766E-02 -0.4425309    

 1.0 
 0.0
