C    -0.0221644249    -1.6826657057     0.0615107678
H     1.2414553165    -3.0710251331     1.7175298929
H     1.3815052509    -1.8854507208    -2.5805284977
H    -2.5154716969    -2.5726675987    -0.7817963362
C     0.0280442927     1.0293096304     1.0654541254
H    -0.2149454355     1.8638664484     3.1387972832
C    -0.0018806895     3.0528311729    -0.5774467587
H     0.2676556408     1.8464494944    -2.6454904079
H    -0.3840130866     5.0602087975     0.6754403710
 momenta
 -0.4935592     -0.7755085     -9.7725369E-02
  -3.771945       5.531474       2.759010    
   1.987330      -2.707416      -8.680422    
   3.276617       5.612733      -1.515209    
   1.432010       2.760805       4.902814    
  0.1570890      -2.206267       5.515966    
 -0.5019096     -0.3957361      -9.101824    
 -0.4879551      -4.970737       1.587575    
  -2.444151      -6.580376       15.21246    

 1.0 
 0.0
