C    -0.0095295766    -1.7120245695     0.0319094099
H     1.2357523441    -3.3780655861     1.7763404846
H     1.3185557127    -1.9488762617    -2.3471093178
H    -2.3567609787    -2.8846817017    -0.2328621000
C    -0.0183731988     1.0637415648     1.0826255083
H     0.2397836447     1.7482002974     2.9538888931
C     0.0134579390     3.0282421112    -0.5819396377
H     0.3070159554     2.7250077724    -2.3015456200
H    -0.2293222100     5.7767267227     0.3837839067
 momenta
  -3.371092       3.336210      -4.449682    
   5.688156       8.893858      -8.587732    
   6.684589      0.9311199       4.548415    
  -1.887338       3.778896     -0.2383501    
  -5.777550      -7.062909       8.017141    
   12.83556       6.489435       7.658426    
   3.006063       2.531411     -0.5980761    
   3.658286      -6.842232      -3.787659    
  -5.507109      -9.491072      -9.783638    

 1.0 
 0.0
