C     0.0235409252    -1.6603598595     0.0322387144
H     0.8946049213    -2.7360756397     1.0886160135
H     1.4351346493    -1.8885333538    -2.3451089859
H    -2.7782900333    -2.4012811184    -0.0184260644
C    -0.0178873222     1.0628868341     1.0943440199
H    -0.3282940686     1.5408143997     3.0333724022
C     0.0056704907     2.9731256962    -0.5857895017
H     0.0185978133     2.2901260853    -2.4490702152
H     0.2304375172     5.4216499329     0.5974159241
 momenta
 -0.9351634      -1.693174       7.329504    
  0.3387546      0.6765112       2.704495    
   4.066448       6.169408       1.927854    
  -4.737595      0.4194342       3.131049    
 -0.5830524      0.3697153      -10.11259    
   3.405434      -9.371363       1.693290    
   1.963324       1.032467      -3.285153    
 -0.5804334       9.449926     -0.3504208    
  -4.121928      -5.975757       11.79390    

 1.0 
 0.0
