C     0.0007611630    -1.6574132442     0.0527061448
H     1.1044734716    -3.0515663624     2.1237537861
H     1.3101259470    -1.9380021095    -2.3707861900
H    -2.8041026592    -2.7410454750    -0.4688899517
C     0.0106356768     1.0381772518     1.0306154490
H    -0.2089819014     1.5888863802     3.1408097744
C     0.0053794952     2.9912910461    -0.5554125309
H    -0.0211296249     2.7842824459    -2.5918147564
H    -0.1461765170     5.7352676392     0.5884386897
 momenta
  -4.939186      0.4301898      -5.814793    
  -1.536100       9.990462       10.58431    
   6.933646       8.658125       2.088432    
   5.742468       1.233356       5.986579    
   3.582455      -12.78295       8.222587    
  -2.131233       3.486210       4.301748    
  -2.007807       7.938049      -9.256527    
  -2.965790       3.606660      -3.911080    
   5.731382      -11.70946       4.462930    

 1.0 
 0.0
