C    -0.0043822723    -1.6738500595     0.0344568864
H     1.2745528221    -3.3467116356     1.8931790590
H     1.0560199022    -1.3392674923    -2.4254717827
H    -2.2593507767    -2.8138403893    -0.2927684486
C    -0.0135568166     1.0564148426     1.0833839178
H    -0.2129444927     1.3902908564     3.0255320072
C     0.0179463942     3.0021755695    -0.5691010952
H     0.0130867073     2.4314219952    -2.7057065964
H     0.0567358248     5.5260629654     0.0679578111
 momenta
  4.3571398E-02   3.986807       11.71168    
   8.743682      -1.090139       16.06334    
  -4.141005      -2.024457      -6.336193    
  -1.187132       1.243231     -1.2466634E-03
 -0.6325326      -20.33200      -15.36388    
  -7.157582      -1.704043      -2.918076    
   2.689534       14.82598     -0.6092676    
  -5.307084       10.59250      0.6682965    
   1.892598      -1.587673       7.124053    

 1.0 
 0.0
