C     0.0124813868    -1.7297021151     0.0628514737
H     1.1294652224    -3.3654887676     1.8559659719
H     1.2389303446    -1.8654429913    -2.2561693192
H    -2.5164225101    -2.6531143188     0.0925814360
C    -0.0323114507     1.0631835461     1.0058748722
H    -0.0867576152     1.2037317753     3.1319050789
C     0.0359171666     3.0529038906    -0.5396642089
H    -0.2746416330     2.9741835594    -2.5895485878
H    -0.2215918154     5.4929800034     0.1371455044
 momenta
   7.904083       10.67811       5.136061    
  -11.50095      -5.895009       1.567317    
  -1.812379       2.064481      -2.694507    
 -9.3335216E-04   11.00717      -4.060670    
  -6.534251      -9.515322     -0.2171341    
   13.60519      -4.580176       1.413774    
  4.7840539E-02   5.118088      -6.876044    
  -2.472472      -13.33816       4.498947    
  -2.486579      -10.92630       6.100807    

 1.0 
 0.0
