C     0.0079093389    -1.6928085089     0.0543133691
H     1.2319948673    -3.2199227810     1.4837810993
H     1.3819948435    -1.6301834583    -2.0550816059
H    -2.8238339424    -2.5058856010    -0.3735065758
C    -0.0133914975     1.0792394876     1.0415734053
H     0.0581403598     1.4390584230     3.0764617920
C    -0.0003281116     2.9978194237    -0.5628789663
H     0.2090423107     2.3940558434    -2.5474722385
H     0.1093584299     5.3914256096     0.6320430636
 momenta
  -10.43359       18.50322       1.789994    
 -0.8279232      -2.312254      -1.102981    
   4.953063       2.433817      -1.496301    
   11.30433      -17.92479      -5.179451    
   7.143898      -4.251415       1.854187    
  -3.778011       4.857887      -3.823356    
   2.511020      -9.188721     -7.7013853E-03
  -7.163488       1.198456      -3.419993    
  -2.053853      -5.564524       2.203496    

 1.0 
 0.0
