C     0.0056254142    -1.6834795475     0.0444198735
H     0.8404633403    -3.1766848564     1.6298532486
H     1.4724862576    -2.3080267906    -2.1487777233
H    -2.6937367916    -2.1558489799    -0.3969216049
C     0.0098332139     1.0270240307     1.0625469685
H     0.2872754037     1.4482409954     3.2508299351
C    -0.0227739178     3.0399422646    -0.5715947747
H     0.6302707195     2.4842262268    -2.2358512878
H    -0.3057903945     5.5992708206     0.0176573414
 momenta
  -1.098647      -6.299542      -3.874171    
  0.7477337      -3.348986       3.101772    
   2.421617      -19.58741       1.712226    
   3.994636      -2.952645     -0.3211513    
  -2.683271       3.692745       1.148710    
   9.604853      -7.127360       4.155691    
  -2.223277       11.52630       6.371486    
   4.601335       9.361056      -2.662702    
 -0.8803752      -7.468413      -18.71617    

 1.0 
 0.0
