C     0.0078203920    -1.6736260653     0.0283109192
H     1.1007771492    -2.9127995968     1.8527731895
H     1.2131705284    -2.1308724880    -2.0251207352
H    -2.3852770329    -2.1727778912    -0.5724019408
C    -0.0008622712     1.0231082439     1.0787425041
H    -0.1226412877     1.5205949545     3.1492998600
C    -0.0066996929     3.0307338238    -0.5633652806
H    -0.0914177522     2.4160904884    -2.4204483032
H     0.2101345658     5.3007602692    -0.2121750116
 momenta
   2.414961      -3.098623      -4.000873    
 -0.9292701      -6.941662      -8.116768    
   2.561326      -2.636695       3.082342    
  -10.75420       3.925316      -7.298210    
   4.971822       4.264430       15.69370    
  -1.735072      -4.791985       2.793182    
  -5.214334      -1.269606      -4.683622    
   3.220960      0.8253838     -0.3499946    
 -0.1855106       10.07692      -14.11302    

 1.0 
 0.0
