C    -0.0104540018    -1.6416083574     0.0556131564
H     0.9365645647    -3.5683879852     2.0503206253
H     1.6305743456    -1.8756077290    -1.9060219526
H    -2.5645148754    -2.2972579002    -0.7572915554
C     0.0348622985     1.0513137579     1.0545222759
H    -0.1861246973     1.3102200031     2.6681733131
C    -0.0095041795     2.9838867188    -0.5702329278
H    -0.3523124158     3.0013806820    -2.6506633759
H    -0.1616815329     4.9281525612     0.5093131661
 momenta
  -2.797902      -6.413988       3.764067    
   3.355284      -6.582182       1.767168    
   8.851310       2.208210       1.122171    
   4.090399       9.174080       2.492069    
  -2.525262      0.1752556      -6.913663    
 -0.5439493       2.099387      -10.02795    
   6.281897       4.891016       2.882430    
  -14.61267      -1.145337       2.335087    
  -4.182841      -1.094823       3.177172    

 1.0 
 0.0
