C     0.0107266419    -1.7577594519     0.0383133106
H     1.3360786438    -3.5014708042     1.6749259233
H     0.8149960637    -1.7701230049    -2.1564338207
H    -2.5794839859    -2.9068608284    -0.4076753855
C    -0.0354173742     1.0728466511     1.0678269863
H     0.2803851366     1.9082417488     3.0563817024
C     0.0294972658     3.0625202656    -0.5633919239
H     0.2199404687     2.5757534504    -2.4418654442
H    -0.3483795226     5.8261427879     0.0882726684
 momenta
   2.479851      -6.887574     -0.1208928    
  -2.683900      -6.132408      -4.904777    
   8.035792      -11.68227       6.434764    
  -4.866348      -2.333171       6.467659    
  -4.991237       4.467342     -0.7878816    
   7.607524      -11.59361       4.885351    
  0.6656445       8.642398      0.6947095    
  -1.354876       7.647482      -8.823941    
 -0.7288266       2.683367      -3.212072    

 1.0 
 0.0
