C     0.0171390548    -1.6845172644     0.0494644269
H     1.2263144255    -3.3312945366     1.7337175608
H     1.1077570915    -2.0703046322    -1.9395517111
H    -2.6925556660    -2.2530140877    -0.3776371777
C    -0.0188004263     1.0581544638     1.0253520012
H     0.1198794693     1.4601510763     3.1975543499
C     0.0038802761     2.9978375435    -0.5450071692
H     0.1679447740     2.7701931000    -2.4959931374
H    -0.0940684229     5.8117070198     0.2284856737
 momenta
  -1.425109       4.608912       4.645340    
  -1.039186      -9.334087      -1.889444    
  -5.242790      -2.183046      0.9763001    
   7.987482      -6.788198      -6.124420    
  -3.260598       3.756931      -6.353272    
   5.799311      0.9047523       2.242553    
   7.593291      -1.381210       1.385351    
  -7.932405      -5.128985      -1.801409    
  -9.721878      -1.503812       7.556859    

 1.0 
 0.0
