C     0.0075603062    -1.6839772463     0.0617420301
H     0.8246347308    -3.1494588852     1.6203633547
H     1.1106202602    -2.0052876472    -2.0993847847
H    -2.5063929558    -2.5977532864    -0.5035833120
C     0.0110324249     1.0586335659     1.0523680449
H    -0.1602706313     0.8758786321     2.8785250187
C     0.0010418784     3.0286707878    -0.5679557920
H     0.0522857904     2.6505291462    -2.4132781029
H    -0.2095333189     5.3196582794     0.1823660135
 momenta
  -1.159314      -3.916233      -5.909828    
  -3.235422       8.816790      -7.226000    
   8.858782      -10.89180       3.781574    
  -5.505730      -5.738619       6.976621    
   5.226789       11.59290      -6.002400    
  -6.026848       6.172814      0.8119846    
  -4.385980      -13.36200       12.62417    
   2.864690       12.21646       3.188705    
   4.021068       8.973636      -9.879099    

 1.0 
 0.0
