C    -0.0014673644    -1.6852477789     0.0885242820
H     1.3182760477    -3.2797801495     1.8384391069
H     1.4026345015    -1.4746246338    -2.3808612823
H    -2.5761058331    -2.3826184273    -0.3125902712
C    -0.0035446077     0.9926308990     1.0382640362
H    -0.1499577165     1.4991133213     2.8213641644
C    -0.0135113178     3.0549631119    -0.5829887986
H     0.3516270220     3.0100824833    -2.7763307095
H     0.3435418904     5.4012370110     0.5791715980
 momenta
   7.991733      -1.140257       8.218953    
  -2.863146      -9.790995      -4.054687    
  -1.743523       3.029216      -4.399399    
  -5.686173       5.038571       2.883796    
  -9.116172       3.570640      -12.40813    
   3.520816      -9.694355      -2.540884    
   5.428322      1.6484270E-02   8.259725    
  -5.943597      0.5889617       5.722895    
  -2.014861       2.503952      -11.51496    

 1.0 
 0.0
