C     0.0017400385    -1.6591975689     0.0450383164
H     0.9018186927    -3.1692991257     1.6779036522
H     1.2683571577    -1.8992838860    -1.5599155426
H    -2.4678201675    -2.1792230606    -0.4687922895
C     0.0161374714     1.0310260057     1.0383776426
H    -0.0408559814     1.1983038187     3.1007378101
C    -0.0057780328     3.0124979019    -0.5621779561
H    -0.0159470085     2.2325091362    -2.3130280972
H    -0.2151761651     5.6789541245     0.2533998191
 momenta
  -3.730465      -3.542969     -0.1491557    
  -1.856295      -8.645844       8.165652    
   5.667062       6.687508      -4.406154    
  -8.087199      -1.612136      -3.990252    
   11.04459       5.933159       3.241938    
  -6.405666      -8.747833       5.835306    
  -1.093468      -1.692563      -2.974154    
  -2.078673       4.115715      -4.544672    
  -8.964296       6.296274      -1.577154    

 1.0 
 0.0
