C    -0.0010157003    -1.6884123087     0.0591704212
H     1.5312559605    -3.2318406105     1.6131017208
H     1.0504114628    -1.8381915092    -2.4023230076
H    -2.1637129784    -2.9008095264    -0.2155324370
C    -0.0170059558     1.0472890139     1.0518705845
H    -0.7147870064     1.5575629473     3.1038420200
C     0.0136613622     3.0204768181    -0.5713740587
H    -0.1879396737     2.9869251251    -2.5269901752
H     0.5915949941     5.4999032021     0.3685927093
 momenta
  -8.350571      -2.995044     -0.2992913    
   10.92496       2.192319      -1.170475    
   13.80433       1.279704      -11.98613    
  0.2242672      0.9093050      0.1343514    
  0.8501311       3.775261       1.599552    
   2.004729       5.690077       12.73495    
  -4.962214      -4.180795     -0.4220739    
   10.46740      0.7296821      -2.470890    
   5.878407      0.7733195     -7.9110540E-02

 1.0 
 0.0
