C    -0.0060512372    -1.6908104420     0.0480014682
H     1.2032177448    -3.0825254917     2.0177853107
H     1.1620121002    -2.1175403595    -2.2290537357
H    -2.2407634258    -2.5439629555    -0.2870886028
C    -0.0001257973     1.0334281921     1.0614930391
H    -0.1398007870     1.3408037424     3.0716569424
C     0.0015609163     3.0441718102    -0.5821322799
H     0.1770191193     2.9057052135    -2.7183010578
H    -0.0471974686     5.2620406151     0.5817787051
 momenta
   4.734611     -0.8866202       1.790087    
  -1.176199       4.448656      -11.26977    
  -10.04058      -7.633794       4.923280    
   1.119649      -4.454603       1.168089    
  -2.493505       2.348689      -6.221303    
  -7.396405       2.386679       3.278275    
   3.700339      0.5837229       5.836194    
  -4.055233      -5.026933      -4.897233    
   1.048137       3.201792       1.951289    

 1.0 
 0.0
