C     0.0033987600    -1.6903220415     0.0481351130
H     1.2580391169    -3.2643191814     1.8545185328
H     1.5018655062    -1.8979170322    -2.4880580902
H    -2.6698603630    -2.5128445625    -0.0400093161
C    -0.0167243704     1.0671488047     1.0400292873
H    -0.0170888267     1.1146099567     3.1895353794
C    -0.0006142904     3.0174481869    -0.5553833842
H     0.3329045177     2.6567308903    -2.4228951931
H     0.1003080830     5.3585481644     0.1310929954
 momenta
   2.331723       14.84044      -12.76394    
   6.824200      -6.638764      -7.960686    
   2.397317      -3.696472      0.1723544    
  -4.731026      -2.526615      -3.482841    
  -8.049011       8.597011       22.57921    
   4.630749      0.5279187       4.675700    
   2.681376      -15.89185      -4.807562    
  -3.570870      -8.282093       2.396641    
   4.832706      -5.635676      -12.83270    

 1.0 
 0.0
