C    -0.0181083828    -1.6665673256     0.0522806607
H     1.3759807348    -3.2723920345     1.6139843464
H     1.4271028042    -1.5422619581    -2.1724286079
H    -2.2321760654    -2.1260631084    -0.6451277137
C    -0.0000950183     1.0392194986     1.0830905437
H     0.0439443439     1.4438090324     2.7908020020
C     0.0025776082     2.9929392338    -0.5797919035
H     0.0703287497     2.6328310966    -2.4099438190
H    -0.1105227098     5.4949259758     0.1061436310
 momenta
  0.4332939      -6.494144     -0.5697163    
  0.6363640       3.522676       9.069466    
  -4.522622      -11.02246       1.518731    
  0.8044648      -7.300412      -2.724288    
   6.616730      -1.417520     -0.5580977    
  -12.93368      -5.167178       4.151517    
  -3.928524       15.02439      -6.742466    
  -4.664161      -5.687346      -1.089345    
   9.701254       1.241915       16.18063    

 1.0 
 0.0
