C    -0.0102985101    -1.6675398350     0.0577881038
H     0.7687567472    -3.2398028374     1.9970297813
H     1.5562269688    -1.4557961226    -1.8630392551
H    -1.9061613083    -2.4248452187     0.0717789978
C    -0.0118976459     1.0266911983     1.0079201460
H     0.1967970878     1.2685151100     2.8530337811
C     0.0127659040     3.0081171989    -0.5459371805
H    -0.2586666048     2.9181420803    -2.6835143566
H    -0.0389480516     5.4995956421     0.3722724915
 momenta
  -4.127959     -0.5787385       3.697064    
  -1.428431       3.732863       7.193453    
   3.709082     -0.4866961      -4.010528    
   4.585243      -1.408865       1.609722    
  0.7388205      0.3754822      -5.104865    
   4.294198      -4.275364      -12.51939    
   2.111609     -0.7594161       1.826861    
 -0.8297283       7.772245     -0.6211741    
  -5.985281      -1.933292       6.765896    

 1.0 
 0.0
