C    -0.0122502251    -1.7361327410     0.0617903955
H     1.2446978092    -3.4738016129     1.8825373650
H     1.5199816227    -1.6989262104    -2.2085802555
H    -2.2531890869    -2.4768912792    -0.2715954781
C    -0.0083262902     1.0506908894     1.0332740545
H    -0.0226237904     1.8096275330     2.8412744999
C     0.0101558734     3.0495905876    -0.5617458820
H    -0.1163894087     2.9204308987    -2.5587430000
H    -0.0142556606     5.6125016212     0.5119250417
 momenta
 -0.6551415       5.756242      -3.624001    
   1.690191       4.750054       3.202055    
  -1.189960       6.614401      -6.257826    
   1.021491      -3.834265      -1.541084    
  -3.092417       4.843704       4.679766    
   1.741342      0.9860613      -7.760242    
   3.112552      -9.024049       4.531329    
  -2.230081      -8.595369      -4.962264    
   1.281718      -5.495738      -2.000679    

 1.0 
 0.0
