C    -0.0157187264    -1.6941791773     0.0683983341
H     1.1831603050    -3.3670666218     1.8846478462
H     1.5840326548    -2.2594165802    -2.1909406185
H    -2.4031047821    -2.5608434677    -0.1711413413
C     0.0147101041     1.0276267529     1.0496512651
H    -0.2892587483     0.8349984884     3.2205219269
C     0.0012778736     3.0669341087    -0.5939349532
H     0.0328509696     3.1328785419    -2.8093760014
H    -0.2021871209     5.4406833649     0.6373103857
 momenta
  -6.466174       3.092126      -7.031315    
  -4.082079       5.086911       1.281099    
   5.718209      -1.975301       1.497827    
   3.983809      -1.673667      -2.055744    
   10.82329      -1.204921       7.845816    
  -2.809717       9.117896      -4.615473    
  -6.103941      -4.494209       1.340352    
   4.789409      -3.339127     -0.2434252    
  -1.581686       1.605546      -3.455306    

 1.0 
 0.0
