C    -0.0085313153    -1.7061421871     0.0509580150
H     1.3252191544    -2.9402470589     1.7229824066
H     1.5909122229    -1.9514017105    -2.4956429005
H    -2.6244220734    -2.8634452820    -0.5420691967
C    -0.0150608169     1.0612682104     1.0621994734
H     0.0220275354     1.7086300850     3.0046474934
C     0.0172064025     3.0145535469    -0.5602148175
H    -0.2083572447     2.8771767616    -2.5510435104
H     0.0819185525     5.6367392540     0.2623201907
 momenta
  -4.229429       6.772084       2.662765    
   7.901321      -3.217165       5.524390    
   5.152800       5.422733      -2.986081    
  -1.560536       7.668744       1.341514    
   2.567331      -2.467335      -9.482125    
  -5.016846       3.111135       3.023376    
   2.107786      -7.030607       1.739414    
  -3.142874       4.877453       12.45051    
  -4.499616      -8.342206      -1.935701    

 1.0 
 0.0
