C    -0.0252784528    -1.6950557232     0.0522491746
H     1.0963059664    -3.5230231285     2.2123646736
H     1.6564060450    -2.0347950459    -1.9801131487
H    -2.0804073811    -2.5313088894    -0.3726952076
C     0.0165693257     1.0706185102     1.0371997356
H     0.0249538347     0.7175469398     2.7623198032
C    -0.0069241789     3.0362710953    -0.5540326238
H    -0.0869304761     2.8113279343    -2.8707613945
H    -0.0526087210     5.2957835197     0.3462508917
 momenta
  -3.844364       5.625743       9.537715    
   3.120137       3.605414      -13.23262    
  -5.151451       10.58259       5.553250    
   3.300725     -0.1700333      -3.877909    
   4.548706      -1.424018      -9.643637    
  -8.551059       7.825473      -10.13687    
   4.346517      -8.730088       5.059011    
  -3.288782       3.508814       2.159031    
  -6.727157      -9.535005       2.153731    

 1.0 
 0.0
