C     0.0139693450    -1.6944496632     0.0362249203
H     1.3970761299    -3.6891667843     1.7036882639
H     0.8645527363    -1.5634115934    -1.8324537277
H    -2.4674985409    -2.5357031822    -0.5693653226
C    -0.0239283163     1.0615153313     1.0603001118
H     0.0289210603     1.7651671171     3.2009985447
C     0.0039367308     3.0149986744    -0.5580785275
H     0.0824528933     2.4714128971    -2.4517393112
H     0.2666893601     5.4975152016    -0.0636438206
 momenta
  -3.841685       8.064894      -1.807797    
   4.305122      0.8935488       8.066120    
  -7.766182       1.786821       3.378184    
   7.022435      -11.29298       10.48242    
  -1.596761      -10.48191      -7.798663    
   1.282575       7.262280     -0.9099933    
   2.396323       4.297845       2.076444    
   9.619364       2.063637     -0.2467951    
  -3.943666      -7.408602       4.892032    

 1.0 
 0.0
