C    -0.0076356139    -1.6891051531     0.0551987849
H     0.9257541299    -3.1635944843     1.4244185686
H     1.4703811407    -1.8381547928    -2.3690404892
H    -2.3012065887    -2.4965453148    -0.5618682504
C     0.0149916047     1.0269490480     1.0870316029
H    -0.3729063272     1.6335152388     3.3224740028
C     0.0054045725     3.0382440090    -0.5869014859
H    -0.2532235086     2.6741466522    -2.5528843403
H    -0.0618733019     5.4034233093     0.0314578302
 momenta
   1.295160      -10.84772     -0.1159270    
  -3.892250      -7.909237       1.527769    
  -1.251202      -4.202751     -0.9788510    
   6.895152       7.806282      -7.500969    
   1.827844       9.256257       1.755429    
   3.957321       1.226689       2.880863    
  -7.985348       4.641930       1.659050    
   4.557382      -1.427979      -6.257716    
   6.515997      -6.228866      -1.167727    

 1.0 
 0.0
