C    -0.0038251714    -1.6958769560     0.0694143772
H     1.0135934353    -3.1934428215     2.1668031216
H     1.1551674604    -1.8639576435    -1.8631163836
H    -2.5924525261    -2.4613771439    -0.5752305388
C     0.0366447940     1.0235772133     1.0114078522
H    -0.5295536518     1.5737067461     3.0752663612
C     0.0022512360     3.0487875938    -0.5701567531
H    -0.2976555228     2.9495706558    -2.5059769154
H    -0.2670452297     5.1990942955     0.8162921071
 momenta
  -1.359322       1.257606      -5.869699    
   3.036377       9.414413       3.331329    
  -6.083557      -2.815279       6.162281    
   4.395674      -4.834547      -8.685374    
  -1.178187      -3.929598       10.09743    
   3.972406       8.290412      -2.066196    
   1.039904      0.2973020      -1.630151    
  -3.472646      -1.199149      -10.71135    
   3.126715     -0.9170246       2.951903    

 1.0 
 0.0
