C    -0.0013247344    -1.6663637161     0.0381481051
H     1.0888050795    -3.2094688416     1.5240141153
H     1.4859597683    -1.8088718653    -2.2172040939
H    -2.5845973492    -2.1043105125    -0.4221231937
C     0.0063954289     1.0640209913     1.0791329145
H    -0.1333037019     1.0369219780     3.3417158127
C     0.0013186600     2.9925756454    -0.5763747096
H     0.0562232509     2.1010382175    -2.5174796581
H    -0.2397308648     5.6098580360     0.1812798977
 momenta
  0.3649206     -0.1353371      -5.174269    
  -4.449002       3.805757       5.739186    
  0.5982298       6.218000      -1.125752    
   2.529496      -1.806593      -2.639112    
  -1.485410      0.8489288       7.008054    
   3.247219       4.422161      -1.734467    
   2.430827      -5.515755      -2.723903    
  -8.111413      0.5182329       3.350944    
   1.640002       3.425655     -0.4092121    

 1.0 
 0.0
