C     0.0075432719    -1.6720937490     0.0485289767
H     1.2928633690    -3.3358273506     1.7604752779
H     1.1905735731    -1.5951967239    -2.3189697266
H    -2.4912679195    -2.2344284058    -0.4020931125
C    -0.0166123956     1.0411924124     1.0680980682
H    -0.1414728314     1.7019028664     2.8951280117
C     0.0125584826     3.0073347092    -0.5793360472
H    -0.0698619336     2.4795393944    -2.2846055031
H     0.0147617431     5.1725497246     0.3863400817
 momenta
   6.460996       6.516841     -0.3989128    
  -3.654305       9.118703     -0.9265533    
  -6.593132      -1.594592      -2.409192    
  -10.01108       2.947138      -3.631827    
  -4.490255      0.5380414      -2.763849    
   7.833593       2.287563      -4.318301    
   3.664704      -6.578926       7.906966    
   1.989616      -9.116310      -1.839652    
  -8.840524      -5.419171      -3.240818    

 1.0 
 0.0
