C     0.0187314991    -1.6862368584     0.0608092099
H     0.9769421220    -3.3301463127     1.6153012514
H     1.1435854435    -1.6129201651    -1.9478037357
H    -2.7063751221    -2.4904928207    -0.7849089503
C    -0.0132050086     1.0688451529     1.0471985340
H     0.3735066056     1.3130129576     3.0787792206
C    -0.0164275728     2.9998304844    -0.5540526509
H     0.2767275870     2.8253960609    -2.6187505722
H     0.2996515632     5.2348675728     0.0093712509
 momenta
  -4.711330       27.66654       2.255127    
 -0.8001406       5.795527     -0.7454979    
   6.106595      -1.967764       7.397505    
  0.8802925       5.513743      -3.939548    
  0.3614109      -3.964914      -8.916845    
   16.59837      -1.193354      0.1291799    
  -1.068200      -25.11043       3.815120    
   6.450193       1.268516      -4.429743    
  -10.55536      -4.654809       11.31255    

 1.0 
 0.0
