C    -0.0175268985    -1.6864696741     0.0662842765
H     1.1754014492    -3.5166099072     1.8836625814
H     1.4487873316    -2.2045893669    -1.9701879025
H    -1.9244356155    -2.4580557346    -0.5796417594
C    -0.0049988092     1.0382657051     1.0373276472
H     0.1297519952     1.3202277422     2.8585703373
C     0.0128316646     3.0432136059    -0.5710263252
H    -0.3678249419     2.6259059906    -2.7334659100
H    -0.1421066970     5.6567683220     0.7642982602
 momenta
  -3.742937      -21.96022     -0.4906656    
 -0.1740351      -8.705991       9.500698    
  -3.354913       2.979041      0.5733792    
   2.872807      -3.698425      -4.307440    
   4.521666       25.05503      -9.133850    
   4.414022      -3.687438      -7.367527    
  -1.025555      -1.311688       11.46667    
   4.923813       3.907091      -6.956554    
  -8.110177       3.015442       1.862997    

 1.0 
 0.0
