C     0.0396937951    -1.6905505657     0.0608590394
H     0.8187277317    -3.5152745247     1.6863038540
H     0.6953020692    -1.7393152714    -2.4579606056
H    -2.5640544891    -2.5436620712    -0.4553319216
C    -0.0334254056     1.0656697750     1.0581606627
H    -0.0682834163     1.4254405499     3.0869638920
C     0.0292573329     2.9987876415    -0.5670603514
H    -0.2653110623     2.9218711853    -2.7470431328
H    -0.1554775089     5.7578854561     0.3256444633
 momenta
   2.883413      -11.98197       7.310492    
  -8.948454      -3.752745      -7.782874    
  0.2813996       8.588047       9.270213    
  -1.932267       2.181547       1.264294    
   1.253755      -6.319024      -7.854697    
   2.216651       13.08781       2.082205    
 -0.7443806       12.47778      -1.870073    
  -1.510115       9.431944     -0.5997050    
  -1.830102      -9.238317       3.976362    

 1.0 
 0.0
