C    -0.0156397615    -1.6231044531     0.0509874150
H     1.1283085346    -3.2648863792     2.0300540924
H     1.6787034273    -1.7246185541    -2.2568819523
H    -2.4663124084    -2.5973021984    -0.3301000893
C     0.0193077903     1.0309940577     1.0362814665
H    -0.4150888920     1.5756360292     2.8818268776
C     0.0014594587     2.9544839859    -0.5543676019
H    -0.2980072498     3.0731902122    -2.4548768997
H     0.0867230594     5.7153196335     0.3447685838
 momenta
  0.2402953     -0.5351830       2.921215    
  -2.830551      -5.800378       2.359193    
  -1.637216       3.496098       7.003617    
  -5.801750      -4.665796       1.387037    
   3.498160      -4.448044      -3.409616    
  -4.898474      -6.125468      -6.215213    
   7.713034       7.526458      -1.851986    
  -11.47660      -2.431125      -1.801962    
  -13.13685       7.142650       5.199264    

 1.0 
 0.0
