C     0.0048676571    -1.6700665951     0.0341969505
H     0.8549423814    -3.3183879852     1.8065347672
H     1.2155841589    -1.4409937859    -1.8467615843
H    -2.5976431370    -2.3807029724    -0.5955723524
C     0.0077907224     1.0468722582     1.0716578960
H     0.1294766963     1.6872681379     2.9481565952
C     0.0023721191     2.9953966141    -0.5613910556
H    -0.0268334057     2.5236239433    -2.6234283447
H    -0.2687492371     5.2921137810     0.0443587862
 momenta
  -3.702554       6.347251       4.216766    
   2.063057      -12.20745      -11.60350    
   5.278216       6.314837      -2.943856    
  0.2289167      -5.960111      -6.217902    
   4.058441       4.054139       4.143169    
  -6.811564      8.3905265E-02   9.628419    
  0.3808396      -6.999990      -3.935190    
  -4.997593       3.170841       3.741513    
   1.576275      -2.798193      -7.843292    

 1.0 
 0.0
