C     0.0021418475    -1.7028541565     0.0307803918
H     0.8358490467    -3.7228236198     1.3111550808
H     1.2455801964    -1.8598219156    -2.2214505672
H    -2.4772222042    -2.5891242027    -0.1075461432
C    -0.0024132114     1.0679610968     1.0923825502
H    -0.0028114184     1.9780343771     3.2521526814
C     0.0232782476     3.0238404274    -0.5845697522
H     0.1894468963     2.6381344795    -2.4605889320
H    -0.8077476621     5.2376251221     0.2018299848
 momenta
  -6.718859      -2.540983      -6.834464    
 -0.2593659       7.472392       7.653328    
   4.775509      -4.252149      -3.250105    
  0.5229099      -5.349656      -4.301961    
   7.503657       3.790001       10.35780    
   3.643638      -4.701263       8.752442    
  -4.625836      -2.552958      -8.738876    
   8.032863       5.480223       8.614562    
  -3.684875       5.907183      0.6017816    

 1.0 
 0.0
