C     0.0010848837    -1.6845858097     0.0775820240
H     1.1934505701    -2.9913430214     1.2529189587
H     1.5421264172    -1.6150542498    -2.0560076237
H    -2.7982985973    -2.3298654556    -0.7559086680
C     0.0019348033     1.0401073694     1.0579708815
H    -0.1347230673     1.2982668877     2.9860029221
C     0.0023863069     3.0134692192    -0.5723742247
H    -0.2102330327     2.6543731689    -2.7652330399
H     0.1107142717     5.4884777069     0.3162016869
 momenta
   1.956867       4.261100      -5.044684    
  -3.152960       8.964470      -4.513889    
   3.097240      -3.274329       5.057846    
  -9.832829      -1.409255       2.310727    
  0.7842669     -0.3246158       6.015843    
   2.271483      -3.344476     -0.9610239    
 -0.2434801      -5.872913      -2.377874    
   2.008107      9.7615823E-02   5.845128    
  -3.159083       5.694136      -2.694718    

 1.0 
 0.0
