C     0.0120379692    -1.6431527138     0.0501266979
H     0.6846510172    -3.1696751118     1.6726248264
H     1.3173266649    -1.8721421957    -2.2675883770
H    -2.0206499100    -1.8612529039    -0.6750781536
C    -0.0113060474     1.0249786377     1.0821675062
H     0.2588756680     1.5597220659     2.9535305500
C    -0.0079652425     2.9775676727    -0.5765672326
H    -0.1328354627     2.7011921406    -2.5954046249
H     0.1242185012     5.5267577171     0.1948293000
 momenta
  -4.568582      -4.454676       3.190513    
   3.229954      -7.400882      -5.011817    
  -3.869267      -3.243329      -5.981604    
   6.054664      -4.062986      0.7122478    
   5.928227       7.623802     -0.4134443    
  -8.775323      -4.097916       2.618576    
  -1.308518     -8.9590184E-02  -1.443689    
   8.455670       2.757010       1.681384    
  -5.357062       5.585422       1.255090    

 1.0 
 0.0
