C    -0.0068466472    -1.7154402733     0.0724136159
H     1.2529186010    -3.4961075783     1.2961341143
H     1.4422867298    -2.0356996059    -2.3692085743
H    -2.0747501850    -2.5068600178    -0.3195856810
C    -0.0169724487     1.0627684593     1.0423562527
H    -0.2138632536     1.3171328306     2.8983862400
C     0.0140035991     3.0382583141    -0.5491121411
H    -0.1749911457     2.6473093033    -2.6982026100
H     0.1017931774     5.8850917816     0.0659510046
 momenta
 -0.3721009      -2.005544     -0.8838398    
   6.035002       4.357010       5.816602    
   6.471193     -4.8142341E-03   2.956792    
 -0.4426087       3.554085       1.146192    
  -3.116339       2.593115     -8.3980568E-02
  -3.082049      -8.585000      -1.349334    
   1.074220      -1.701058      -4.372517    
  -11.60476       4.575945       1.432545    
   10.92853      4.6409857E-02   8.602587    

 1.0 
 0.0
