C     0.0018468332    -1.6459568739     0.0564301573
H     0.8758304119    -3.3067696095     1.8094333410
H     1.1111747026    -1.6051455736    -2.0546846390
H    -2.5051808357    -2.3466801643    -0.4662870765
C     0.0243091080     1.0014503002     1.0863635540
H    -0.2856125832     1.4529162645     2.9429523945
C    -0.0061795232     3.0165703297    -0.5984619856
H     0.1585090607     2.9894177914    -2.9933197498
H    -0.2570306659     5.2006139755     0.4972057641
 momenta
 -0.2305657       11.37566       1.194631    
  -8.831129       6.299442      -5.866239    
   5.170083       8.082201      -1.762481    
  -7.202960      -1.446730      -5.741884    
   5.085726       2.241458       1.771018    
   3.853569       3.406486      -5.812477    
  -1.835505      -16.76487      0.6662695    
   1.254855      -2.269429       6.673713    
  -4.685132      -3.024942      3.1854574E-02

 1.0 
 0.0
