C     0.0122549254    -1.6469805241     0.0135983340
H     0.9495037198    -2.8552906513     1.8051223755
H     1.0769768953    -1.7559906244    -1.9454846382
H    -2.4215157032    -2.3441448212    -0.2785607278
C    -0.0162350051     1.0443110466     1.0770406723
H     0.0841933340     1.2840584517     3.2638521194
C     0.0160029307     2.9836635590    -0.5557855368
H    -0.0896609128     2.4326982498    -2.3244659901
H    -0.1584104300     5.2326889038    -0.3869245946
 momenta
 -0.5373912      -7.771530       2.654476    
   1.537793      -10.77719       4.902832    
   7.099920      -2.393657       9.831618    
  -10.94552     -0.3795333      0.8433699    
   7.125500       6.075727      -10.16214    
  -4.924271      -10.86732      0.6843966    
  -4.180400       6.686924       6.880530    
  -2.058412       6.705369      -13.29665    
  0.5853742      0.7205752      -1.012193    

 1.0 
 0.0
