C     0.0142985620    -1.7159210443     0.0264959298
H     1.3311804533    -3.7336513996     1.9060002565
H     1.0616351366    -1.6404188871    -1.9698369503
H    -2.2062935829    -2.1048772335    -0.2650589645
C    -0.0342956930     1.0789996386     1.0653564930
H     0.0342859738     1.7779649496     3.1674284935
C     0.0104345586     3.0021328926    -0.5763236880
H    -0.1273474395     2.6540441513    -2.3954811096
H     0.2323276848     5.6884431839     0.4913783371
 momenta
  0.9862466       2.384501       4.345840    
   1.655386      -2.298611      -11.31246    
  -2.518349     -0.5559988       2.635258    
  0.6278637      -2.517333      -2.334041    
 -0.8693465       4.980377      -3.779780    
  -6.853099      -2.222758      -8.247871    
   4.322682      -3.319022       8.389930    
  -8.345288      -4.868324      -6.285670    
  8.5809872E-02  -1.462824      -5.457005    

 1.0 
 0.0
