C    -0.0013313812    -1.6870143414     0.0400095731
H     1.2392679453    -2.8362846375     1.9225701094
H     1.1566525698    -1.4885976315    -1.8071378469
H    -2.5275175571    -2.6980497837    -0.2318602651
C    -0.0114438254     1.0421011448     1.0545653105
H     0.0389611274     1.4437522888     2.9707233906
C     0.0081039434     3.0138123035    -0.5718101263
H     0.1046535075     3.0067687035    -2.6893122196
H     0.1014245301     5.0719261169     0.4617880583
 momenta
   6.374997      -11.29614       1.915859    
   4.193292      -5.919221      -2.801486    
 -0.4087852      -8.406708      0.8410566    
  -4.643829       6.312418      -6.042538    
  -8.111393       7.190557     -0.3594620    
   4.754581      -2.397979       4.381969    
 -0.4801174       6.802306       1.231342    
  -4.979491       5.512115       1.516604    
   8.682160      -4.524465      -7.320280    

 1.0 
 0.0
