C     0.0054160045    -1.6654856205     0.0498959422
H     1.2912076712    -2.9462423325     2.0283584595
H     1.2132323980    -1.5765881538    -2.3834152222
H    -2.6852011681    -2.4378244877    -0.6287528276
C    -0.0131867519     1.0493119955     1.0493888855
H     0.1013911515     1.3102686405     2.8803482056
C     0.0022108820     2.9952750206    -0.5541439652
H     0.1002984419     2.1841869354    -2.4906742573
H     0.1414778978     5.5391306877     0.3112727702
 momenta
   5.310330       1.899575       5.336098    
  -3.934508      -2.117149      -1.188156    
  0.6521076       2.782234      -2.349494    
  -4.477936       6.079047      5.6657430E-02
  -3.397967      -7.182936      -4.840497    
   3.446913       1.295893      -7.486259    
  -1.968537       3.368185      0.9906955    
  0.6706107      -6.508153       5.108193    
   3.987133       5.000247      0.9175588    

 1.0 
 0.0
