C    -0.0003962533    -1.7001754045     0.0520040467
H     0.5662168264    -3.3626589775     1.6776734591
H     1.2545965910    -1.6834768057    -1.9961949587
H    -1.8278341293    -2.1080100536    -0.3251801729
C     0.0035532087     1.0574431419     1.0524171591
H     0.1410257518     1.2103147507     2.9688212872
C    -0.0041819308     3.0345132351    -0.5761510134
H     0.0191312898     2.3394479752    -2.3023517132
H    -0.1755618453     5.1609320641     0.3737616539
 momenta
   7.987458       8.078979       4.217693    
  -3.224267       2.601473      -4.958454    
  -3.665843       6.930005      0.2181151    
  -9.971418       4.994479       1.890033    
  -3.088298      -18.86910     -0.5765519    
  -2.117784       1.159045       8.374598    
  -1.321958       9.860244      -5.299036    
   1.415594      -12.75436       1.868511    
   5.493367      0.3245974      -1.446038    

 1.0 
 0.0
