C    -0.0063388143    -1.6690419912     0.0601485521
H     1.4699723721    -3.6248724461     1.6906305552
H     1.2762192488    -1.6700545549    -2.2915103436
H    -2.6270663738    -2.6408379078    -0.0615484007
C     0.0095132589     1.0593364239     1.0470358133
H    -0.5660483837     1.1661345959     3.3245875835
C    -0.0097360779     2.9969627857    -0.5811212063
H     0.4873637855     3.1928493977    -2.6165962219
H     0.1501425058     5.3363099098     0.4474284053
 momenta
   2.413802       19.43306       8.804681    
  -7.334433      -3.180940      -4.564451    
   2.435642      -3.612847       6.162991    
  -7.353226      -4.991236       4.523726    
   3.490575      -4.403080      -16.41561    
  -4.233554      -12.10943      -13.98965    
   2.527119      -6.068498       6.819611    
  -5.959936      -4.812474       4.758153    
  -6.832838      -1.901769       5.685451    

 1.0 
 0.0
