C    -0.0135390190    -1.6748640537     0.0586610474
H     0.9601891041    -3.0271236897     1.9306665659
H     1.7998502254    -2.0887734890    -2.1567296982
H    -2.3738493919    -2.1645190716    -0.6573280096
C     0.0156507548     1.0275607109     1.0443094969
H    -0.0345664211     1.5955129862     3.0413103104
C     0.0036012747     3.0199906826    -0.5714873075
H    -0.4986279309     2.7202575207    -2.4582459927
H    -0.1542364955     5.3127751350     0.5726103783
 momenta
  -1.928916      -11.80426      -3.929840    
   4.871761      -3.940814       2.763535    
   4.001559      -11.22185       3.595937    
  -3.773169      -1.362207       10.80077    
   4.244522       4.359631      -3.626819    
  -10.85522     -7.5939372E-02 -0.2518800    
 -3.3213678E-03   7.338274       1.775467    
  0.3530634       7.644163      0.6523829    
  -2.692945       9.396234       2.348426    

 1.0 
 0.0
