C    -0.0006806712    -1.6743657589     0.0473568439
H     1.3054777384    -3.3149137497     1.5340222120
H     1.2774418592    -1.3678257465    -1.9216525555
H    -2.5032339096    -2.0523428917    -0.7060255408
C    -0.0057353671     1.0532275438     1.0797240734
H     0.0623705611     1.2068148851     3.2393488884
C     0.0011043570     3.0004560947    -0.5730025172
H     0.0043391031     2.4051010609    -2.6993863583
H     0.0039469837     5.1918745041    -0.1027446836
 momenta
   2.689971       15.45483       4.696245    
  -11.86876      0.9227831       4.770137    
   9.486535      -4.382456      -1.235019    
  -10.00831     -0.6101469      -3.359259    
   2.986252      -6.289871      -3.833806    
   8.817534      -5.000794      -3.356494    
  -2.939698      -1.964457      -2.826530    
  -2.441476       3.872961       3.899959    
  -3.584688      -19.35475       5.974868    

 1.0 
 0.0
