C     0.0056010792    -1.6943746805     0.0448771939
H     0.4478447437    -3.4253962040     1.8549159765
H     1.3719253540    -2.0261797905    -1.6954743862
H    -2.0950295925    -2.5419642925    -0.4178815186
C    -0.0009456991     1.0410354137     1.0466423035
H     0.3513017297     1.1929287910     3.1433491707
C     0.0041921656     3.0481421947    -0.5708668232
H    -0.3328906000     2.5058426857    -2.4931883812
H    -0.1904435456     5.7291874886     0.3239261210
 momenta
   1.673373      -2.145505       4.223147    
  -4.257535      -8.889756      0.2733691    
  -4.352422       9.306065      -12.36674    
   12.86095       4.021842      -1.987018    
  -3.011774       6.073084      -2.292258    
  -2.363311      -1.565557       6.622877    
 -0.3938071      -5.020397       3.107102    
  -2.700442      -1.904896      -5.396537    
   7.039054       2.848004      -4.499277    

 1.0 
 0.0
