C    -0.0125430822    -1.7337982655     0.0509823933
H     1.1185351610    -3.1419661045     1.7191727161
H     1.3499625921    -1.9779963493    -1.7019298077
H    -2.1199991703    -2.5169386864    -0.4808438718
C    -0.0056214025     1.0383025408     1.0487947464
H     0.2000436336     1.6233884096     2.8499460220
C     0.0096476628     3.0612866879    -0.5714023113
H    -0.1624494940     2.8720178604    -2.3000884056
H    -0.1150727570     5.7603859901     0.3138825893
 momenta
 -0.8168666      -14.77450      -6.048047    
   3.819590      -11.95967      -2.880809    
  0.3816413      0.6899673       1.616524    
   5.574434       7.675827       2.440450    
  0.8456470       12.28819       4.392426    
  -5.201182       2.375273       11.81135    
  -2.976771       4.614602      -3.201558    
   1.954304      -7.934941       6.732999    
   3.883589       1.653423      -2.935060    

 1.0 
 0.0
