C     0.0112925731    -1.6761727333     0.0427274033
H     0.9095748067    -3.4496290684     1.6801972389
H     1.3611768484    -1.6855394840    -2.3644545078
H    -2.4795160294    -2.1542940140    -0.6132301092
C     0.0030328268     1.0465457439     1.0976278782
H    -0.1047563776     1.0980198383     3.1373829842
C    -0.0146347648     3.0277578831    -0.5861846805
H     0.0427713394     1.9143587351    -2.5285363197
H     0.2163777351     5.5731992722     0.0356478579
 momenta
 -0.3001233      -2.021872      -3.940718    
  -3.784505      -1.489148      -4.929296    
   1.187838       2.571891       2.858499    
   1.362536       1.747075       3.501397    
   4.630652       6.587491     -0.1889254    
  -7.406513       2.073326       18.28745    
  -1.729986      -5.715792       1.363790    
 -0.6549324       1.569398      -7.253323    
  0.4190655      -2.335383      -2.997188    

 1.0 
 0.0
