C    -0.0267112274    -1.6544709206     0.0477168187
H     1.0870506763    -3.2326655388     1.7737207413
H     1.7957626581    -1.6031893492    -1.9175617695
H    -2.1050188541    -2.1660990715    -0.6232499480
C     0.0113288173     1.0351749659     1.0505744219
H     0.0878398642     1.6089662313     3.0328316689
C     0.0082643935     2.9957187176    -0.5623659492
H    -0.4580693841     2.4165754318    -2.3724558353
H    -0.1767193526     5.1627087593     0.1910756826
 momenta
  0.8863752       1.799518      -9.092714    
  -3.348186     -0.7245092      1.4847626E-02
   4.689085       1.717159       1.279874    
  -3.534101       5.572220       8.281891    
 -0.9667252       4.564853       6.878158    
   5.634574      -4.331083       1.331282    
  -1.737053      -1.475677       3.466112    
   7.605777      -13.33864      -7.935400    
  -4.579995      -6.005781      -7.379321    

 1.0 
 0.0
