C     0.0007946164    -1.7039980888     0.0610913113
H     0.8884876370    -2.9381008148     2.3849680424
H     1.3535792828    -2.1723685265    -2.0300023556
H    -2.5350549221    -2.3854086399    -0.2390102148
C     0.0149404462     1.0047482252     1.0271556377
H    -0.0994335636     1.2379174232     2.8397121429
C    -0.0014723506     3.0726687908    -0.5732794404
H    -0.0568144098     3.0231649876    -2.8790116310
H    -0.2163988054     5.5559258461     0.8681769371
 momenta
  -3.594410     -0.5413773       3.280816    
   1.157688      -5.591549       8.260096    
   4.038313       9.203129      -1.760981    
   1.343525       10.86646      -10.28964    
   6.873288      -2.330586      0.4556876    
  1.8144572E-02   1.990186      -6.289104    
  -4.637344       2.452977      -2.577244    
  -1.896820      -10.07823     -0.8190781    
  0.2167102      -4.960867       6.739930    

 1.0 
 0.0
