C    -0.0184273273    -1.6989481449     0.0403425023
H     1.5636665821    -3.1659173965     1.4051924944
H     1.3176726103    -1.7762687206    -1.9472856522
H    -1.9427827597    -2.3566718102    -0.2926130891
C    -0.0266486667     1.0360354185     1.0811570883
H     0.0039710165     1.4902118444     2.9724075794
C     0.0241142288     3.0424714088    -0.5793338418
H    -0.1307653040     2.3483123779    -2.3474419117
H    -0.0124001121     5.5066213608     0.0457597561
 momenta
   2.897043       6.841079      0.3428706    
  -3.578926      -3.757523       2.938980    
   8.393651      -9.871180      -7.953869    
  -3.468819      2.1600958E-02  0.7758789    
  -5.705040       12.34613      -4.020189    
   10.03436      -16.97764       3.174404    
  -1.358840      -11.48649       5.171144    
  2.1568274E-02   1.406242      -1.783255    
   2.837673       2.628818      -2.084474    

 1.0 
 0.0
