C    -0.0063623521    -1.7075146437     0.0369991139
H     1.2494109869    -3.1182374954     1.6674425602
H     1.2529530525    -1.9458556175    -2.1381759644
H    -2.0705950260    -2.7085652351    -0.3596307039
C    -0.0261064861     1.0401853323     1.0787756443
H     0.2163157314     1.4163812399     3.2695128918
C     0.0075440621     3.0697753429    -0.5786576867
H     0.1029373184     2.0957078934    -2.6084532738
H     0.2049714774     5.3647389412     0.2132218331
 momenta
  -8.004221       7.955270      -2.371012    
   7.610369       3.629104       6.594113    
  5.5393767E-02   9.891231      -2.779365    
   5.651172      0.5161552       9.721013    
   3.120167      -2.313260      -7.034872    
  -5.165331      -3.697528      -2.875328    
   3.791546      -3.341269       2.741971    
   5.570613      -18.32361       6.749351    
  -9.458860     -0.1005505       5.354352    

 1.0 
 0.0
