C    -0.0112076551    -1.7326865196     0.0560068227
H     1.2297954559    -3.1715531349     1.8791470528
H     1.3429688215    -2.0924034119    -2.3480083942
H    -2.4595658779    -2.5584273338    -0.5291344523
C     0.0141087538     1.0627155304     1.0651836395
H    -0.0973453522     1.0244393349     2.9552934170
C    -0.0153181721     3.0747435093    -0.5686730742
H     0.4170088768     2.5831379890    -2.7267858982
H     0.0001735481     5.2370219231     0.1717447340
 momenta
 -0.6228250      -3.260407      -2.105171    
   10.13083       5.211932       1.530195    
   3.783419      -3.464484      -1.001407    
  -2.313614       3.774198      -2.432388    
  -9.438954      -2.281684       7.687121    
   9.161244      -1.891208      -2.557598    
   5.484651       2.912123      -3.590974    
  -4.920814      0.4625319      -1.715538    
 -1.7535795E-02   4.782750     -0.4268052    

 1.0 
 0.0
