C     0.0071396036    -1.7032744884     0.0353434272
H     1.0212568045    -3.4693255424     1.9255424738
H     1.2399456501    -1.9399104118    -2.0848834515
H    -2.3881967068    -2.5951712132    -0.4349703789
C    -0.0077891806     1.0675855875     1.0557998419
H     0.1003896520     1.4759042263     3.0208723545
C    -0.0090168891     3.0382788181    -0.5473758578
H     0.1259632558     2.5253489017    -2.5270159245
H     0.2229073197     5.1062989235    -0.1367451847
 momenta
   2.936945      -8.542344      -1.654335    
   6.279920      -3.220189       1.356647    
  -9.792832      -9.193526      -5.810063    
   1.532300      0.1817877      -6.400738    
  -3.367515       10.75002       1.568387    
  -1.668087     -0.2514885      -1.985413    
  4.3476097E-02   6.330517       2.425197    
   2.343260      -13.53990       4.936801    
   2.774476      -3.742144     -0.1898008    

 1.0 
 0.0
