C     0.0144475345    -1.7080990076     0.0608859845
H     0.7862949371    -3.1712706089     1.6843901873
H     1.2614934444    -1.5867669582    -1.8794900179
H    -2.6608331203    -2.5134615898    -0.3602006137
C    -0.0072334143     1.0328735113     1.0582556725
H     0.2198273838     1.5394641161     3.0498516560
C    -0.0025834227     3.0430307388    -0.5834768414
H     0.1278192252     3.3043274879    -2.7833793163
H    -0.0088836262     4.9812541008     0.3872118890
 momenta
  -1.959677       4.015172      -2.732759    
   11.42438     -0.8826730      -4.995483    
  -3.863683      -9.342897       6.863381    
  -7.612898      -1.473548     -0.4455788    
   3.223319      -1.667139       8.252578    
  -7.998612      -8.359309      -3.863353    
   2.792074       3.949239      -3.881039    
   2.270076      -4.989257      -2.450835    
  -8.438745       3.354940     -0.8522134    

 1.0 
 0.0
