C    -0.0106654223    -1.7087072134     0.0162648056
H     1.1527117491    -3.2462720871     1.5822057724
H     1.4705530405    -1.6486041546    -2.2917747498
H    -2.5128350258    -2.7497293949    -0.7053661346
C    -0.0057660975     1.0808498859     1.1247547865
H     0.3821392953     1.2593301535     3.1015787125
C    -0.0067580589     3.0271744728    -0.5646814108
H     0.3613029718     1.9321004152    -2.7113213539
H     0.0213343389     5.6858053207    -0.5400032997
 momenta
  -1.692047      -8.703987       6.295630    
  -2.394512      0.9282899       6.582901    
 -0.4158795      -2.027371      -9.308403    
   7.267119      -1.593617      -5.648176    
 -0.8480289      -4.148073     -0.6031932    
   7.663454      -3.242173      -3.848803    
  -3.224465       12.50320      -1.549382    
   4.953045       3.559940      -3.495891    
   2.735676       3.485358       1.442714    

 1.0 
 0.0
