C     0.0003133183    -1.6832293272     0.0409001783
H     1.4941961765    -3.3718135357     2.1409366131
H     1.1068466902    -1.5559167862    -2.2980825901
H    -2.4514560699    -2.5181078911    -0.1191460416
C    -0.0333933756     1.0165494680     1.0632166862
H     0.0698839277     1.4392471313     3.1317870617
C     0.0326083414     3.0482842922    -0.5790188909
H    -0.0266257375     2.5832362175    -2.4550325871
H    -0.2382460833     5.3966712952     0.1347053349
 momenta
  -2.641376       4.321424      -1.949146    
   14.71708       5.666395      -5.812213    
   6.081252      -6.226810      -5.866792    
   3.375441       2.872771       5.718847    
  -10.35386      -3.644221       3.295206    
 -0.8814419      0.8426229       5.775295    
   5.916642      -1.944897       4.695799    
  -4.277551     -0.4119742      -12.04812    
   5.751029       1.334214      -8.409096    

 1.0 
 0.0
