C     0.0016623500    -1.7024177313     0.0339337513
H     0.9838485122    -3.4549913406     1.9597235918
H     1.4299100637    -2.0847887993    -1.8087859154
H    -2.4918270111    -2.3172581196    -0.4214510620
C    -0.0005570753     1.0500073433     1.0553652048
H     0.1388720125     1.7949934006     2.8393847942
C     0.0088424180     3.0223746300    -0.5579198003
H    -0.2508039474     3.1053793430    -2.3602776527
H    -0.2974909544     5.4092264175     0.0640710518
 momenta
 -0.7943920       2.411374       3.552654    
  -8.888928      -2.384062      -1.481122    
  -3.052432      -1.136647      0.7154176    
   1.202808      -7.556982      -12.72158    
   8.935114      -12.18264       7.338722    
 -0.3550650       2.932107       13.14977    
  -5.159389       15.55411      -9.826885    
  0.9864491      -9.320610      -7.736736    
 -0.4277128      -2.313829       4.292739    

 1.0 
 0.0
