C     0.0055261510    -1.7116513252     0.0329632834
H     1.0018241405    -3.0349440575     1.9247581959
H     1.1740256548    -1.9843589067    -2.2673368454
H    -2.4094281197    -2.0811872482    -0.2702597082
C     0.0206437111     1.0634260178     1.0720449686
H    -0.4439310730     1.5882228613     3.0960681438
C    -0.0241252072     3.0153422356    -0.5763059258
H     0.3859615922     2.7525599003    -2.7090399265
H     0.1413166970     5.3321714401     0.6094849110
 momenta
   1.735430       5.044346      -2.147752    
   14.42080       11.35449      0.5392932    
  -8.290004       3.405737       4.003870    
  -1.838250       6.769137      -7.111327    
  -8.312711       1.625551       1.343580    
   6.076303       4.808709      0.4986724    
 -0.7652587      -9.555768       1.015164    
   5.501068      -4.425060      -4.658480    
   9.692713      -12.36535       6.053216    

 1.0 
 0.0
