C    -0.0205168817    -1.6973149776     0.0695674345
H     1.4304642677    -3.2441177368     1.5719751120
H     1.3283373117    -2.0207262039    -2.0909578800
H    -2.2894611359    -2.5861933231    -0.5798577070
C     0.0040394953     1.0235551596     1.0454684496
H    -0.0529508069     1.7750991583     3.0866532326
C     0.0048850486     3.0400896072    -0.5787216425
H     0.1594494134     2.9141731262    -2.4542870522
H    -0.1754319668     5.7651448250     0.5416426659
 momenta
 -0.5493884      -11.73559      -2.351913    
 -0.1414622     -0.6436842       1.973519    
   3.978312      -8.488718      -3.810464    
  -7.232912       1.204179      -6.925931    
   5.891379       6.861398       10.00095    
  0.9421598      -2.912976     -0.1546289    
  -6.738417       6.431517      -4.229978    
   7.112011       1.485627      -2.897567    
 -9.0276226E-02   4.003707      9.2736542E-02

 1.0 
 0.0
