C     0.0264071506    -1.6766531467     0.0300610848
H     1.0231932402    -3.1856768131     1.7411502600
H     1.0697304010    -1.8644473553    -2.2697684765
H    -2.8586614132    -2.1942586899    -0.2291985303
C    -0.0046312069     1.0546673536     1.0753997564
H    -0.4803185463     1.4225021601     2.9804477692
C     0.0173614938     3.0083847046    -0.5622159243
H    -0.2117532045     2.2198488712    -2.5650267601
H    -0.2128727585     5.3868699074     0.1330009252
 momenta
 -0.3733740     -0.3218508      -2.333200    
 -0.2310375      -5.167167     -0.6995682    
   7.642955      -9.260592       7.407903    
   1.768734       10.04735       8.281947    
   5.124950      -6.545168      -3.263597    
  -9.672148      -3.781905       3.034900    
  -6.029012       7.420479      0.1023452    
  -1.331040      -3.470618       4.296166    
   6.368546       9.610215      -3.311385    

 1.0 
 0.0
