C    -0.0125557045    -1.6279927492     0.0797669515
H     1.1826978922    -2.6062221527     1.6689616442
H     0.9696848989    -1.7542514801    -2.1567981243
H    -2.1250259876    -2.4075498581    -0.3862460852
C    -0.0041090930     1.0117168427     1.0157419443
H     0.0600272603     0.7972815633     3.1735131741
C     0.0170288794     2.9925863743    -0.5715678334
H     0.2880906463     2.5403308868    -2.3545048237
H    -0.4559549391     5.6290249825     0.6356323957
 momenta
   1.135688       7.520164       5.224537    
  0.9243211      0.5626234      -7.524561    
 -0.6472809       6.631270      -9.300161    
   7.455565     -0.8169284       7.721338    
  -12.08495      -5.108798     -0.5010274    
   3.686152      -3.211077       7.498461    
   9.833781      -4.721942      -6.022602    
  -5.266953       1.995179       2.393731    
  -2.037666       3.000771       3.970143    

 1.0 
 0.0
