C     0.0051568532    -1.7012566328     0.0467469282
H     1.2739546299    -3.4969091415     1.9327777624
H     1.2112132311    -1.5934723616    -2.0504827499
H    -2.6148285866    -2.3070867062    -0.3415031135
C    -0.0048356499     1.0475751162     1.0506825447
H    -0.1733795404     1.6479872465     3.2116639614
C     0.0080774035     3.0167775154    -0.5610959530
H    -0.0442793816     3.1451859474    -2.7548770905
H    -0.0712857470     5.3465037346     0.0721984059
 momenta
  -2.824611       6.641100     -3.3624910E-02
   1.398288       2.393310       1.400087    
  0.1236328     -7.2387727E-03  -12.37609    
   3.656511      -11.09147     -8.5477896E-02
  -2.413659       4.757379       1.619529    
   2.218467      -2.593423       1.429953    
   1.877891      -7.838877       1.797228    
   3.631680       2.215060       2.293553    
  0.5525852      -3.190393      -4.306695    

 1.0 
 0.0
