C     0.0035248478    -1.6602054834     0.0425259173
H     0.8246432543    -3.0324907303     1.7032589912
H     1.3909133673    -2.0773634911    -2.2544522285
H    -2.2421431541    -2.1932897568    -0.2447421551
C    -0.0065870057     1.0112601519     1.0920741558
H     0.2548141181     1.1704425812     3.1742653847
C    -0.0140051050     3.0350029469    -0.5966819525
H     0.4280548096     2.7210903168    -2.4934203625
H    -0.0246098451     5.2011704445     0.1257007271
 momenta
   5.405050      -2.863943       6.710816    
  -4.157586      -6.149421     -0.1590526    
   4.107510      -8.930923     -0.3004317    
   2.081158       6.769831      -2.149763    
  -6.429997      -7.633872      -3.364051    
   5.184168       10.97223      -14.34666    
 -0.6744459       9.785246      -3.701102    
  -9.539866       2.290524       4.082103    
   8.218354      -2.586990       14.27097    

 1.0 
 0.0
