C    -0.0056305090    -1.6730078459     0.0553604402
H     1.1037367582    -3.3876316547     1.6248359680
H     1.1757514477    -1.8406671286    -2.2038004398
H    -1.9524626732    -2.5269122124    -0.5363560319
C     0.0003787624     1.0422934294     1.0696610212
H    -0.1310645044     1.1767299175     3.1661295891
C    -0.0174755510     3.0260651112    -0.5802278519
H     0.2280561626     2.4538652897    -2.5159513950
H     0.4354275763     5.5308117867     0.1917465329
 momenta
  -1.563729     -0.1421288      -1.147532    
  0.8995161       12.50940      -4.951372    
  -2.449026       3.342925      -4.829727    
  -2.697642      -8.536584       2.028159    
   4.435417      -4.121504       2.703025    
  -9.972263       1.543067       3.401793    
  -1.162077       3.416496       1.565337    
   5.198079      -4.998728       3.130534    
   3.269294     -0.9393938      -9.542665    

 1.0 
 0.0
