C    -0.0198678598    -1.6663570404     0.0445234813
H     0.7732368708    -3.2214798927     1.8038758039
H     1.5316497087    -1.5552622080    -2.1261618137
H    -1.9678224325    -2.5589158535    -0.4720082879
C     0.0200996995     1.0377473831     1.0633040667
H     0.0792963356     1.8927476406     2.8786609173
C    -0.0220323093     2.9899470806    -0.5619839430
H     0.2286274731     3.0704839230    -2.4531657696
H     0.1766619533     5.1775193214     0.0440406688
 momenta
   2.348224      -2.312734      -2.570091    
  -1.212414      -6.773242       5.589786    
   1.584754       3.005228      -5.754123    
  -4.941433      -7.851451      -2.876464    
  -1.491940       12.61234      0.1218542    
 -0.5544581       5.695635      0.8314798    
  0.7201667      -8.042912       2.893914    
  -6.042727       3.531358      -1.067359    
   5.579058      -5.257616       1.773926    

 1.0 
 0.0
