C     0.0024898602    -1.6547148228     0.0467543304
H     1.0874500275    -3.2071411610     1.5253107548
H     1.2883298397    -1.5767326355    -2.0801472664
H    -2.6336035728    -2.3940443993    -0.2185911387
C    -0.0047491281     1.0453674793     1.0502111912
H    -0.0602752045     1.4090354443     3.0621664524
C     0.0140124382     2.9917085171    -0.5575651526
H     0.1116012633     2.3772442341    -2.4657533169
H    -0.3415951729     5.3391346931     0.1227172911
 momenta
  -5.932482      -1.424533      -1.073011    
   5.313876       6.962188       9.331986    
  -1.345311      -1.467481      -5.313177    
   10.14325      -4.990635      -1.289051    
 -0.2877838       4.790439      -5.972878    
   5.139440      -7.550296       6.992747    
  -3.563177       3.418130       3.506148    
   9.465379      -3.135607       6.545222    
   5.236401      -13.55634      -4.244319    

 1.0 
 0.0
