C     0.0004825011    -1.6919388771     0.0580853373
H     1.2290433645    -3.0279417038     1.4616339207
H     1.7025027275    -2.1635632515    -2.4189043045
H    -2.3284814358    -2.1156551838    -0.4764981568
C    -0.0164696742     1.0124562979     1.0716433525
H    -0.0406064726     1.7938914299     3.1813740730
C    -0.0086321859     3.0394618511    -0.5684128404
H    -0.0808874294     2.6553111076    -2.7998721600
H     0.4693335593     5.7128248215     0.1135311499
 momenta
 -0.1200530      0.2264775     -0.4059249    
   4.633561      -2.230176       11.68446    
  -6.039031       2.328572      -2.100832    
 -0.7190264      -3.685071       3.166753    
  -1.373625       4.893067      -5.001360    
   2.737151      -10.80135      -8.887445    
  -2.083643      -4.868021       5.701046    
   10.33746       10.05716      0.3307123    
   1.152744       3.382721      -5.319695    

 1.0 
 0.0
