C     0.0022874202    -1.6864280701     0.0432014614
H     1.1693519354    -2.9591710567     1.4974266291
H     1.2245100737    -1.6983783245    -2.0305187702
H    -2.2998771667    -2.3125841618    -0.1598117501
C    -0.0116240624     1.0546160936     1.0597470999
H    -0.2053246051     1.6465239525     3.0227851868
C     0.0059520546     2.9858875275    -0.5643914342
H     0.0597084463     3.0971055031    -2.6255595684
H     0.1226357371     5.3346958160     0.2789818347
 momenta
  5.2903496E-02   4.635663       3.202919    
  0.7754551      -3.405290       1.757602    
  -5.487131       2.613088       6.408525    
  -3.788197      -2.503573       6.961850    
   6.425423     -0.9225008      -12.71715    
  -10.78679      -1.841277      -3.174134    
  -1.414527      -2.364242       7.240300    
   4.989244       6.618913      -6.806897    
  -3.283262      -5.935505       2.331111    

 1.0 
 0.0
