C     0.0046363655    -1.6997956038     0.0486199148
H     0.7430870533    -3.2907075882     1.6943371296
H     1.5674427748    -1.9904381037    -2.1070394516
H    -2.3194472790    -2.5306851864    -0.7549120784
C    -0.0222193822     1.0555078983     1.0805406570
H     0.6563071609     1.5782784224     3.1474540234
C     0.0089368075     3.0293376446    -0.5846052766
H    -0.3158177435     2.8058791161    -2.5861794949
H    -0.0578501560     5.2621626854     0.3482127786
 momenta
   1.899713       6.056288      0.8601717    
   4.792665       1.268519      -3.171922    
 -0.4827375      -10.15561      -5.129740    
  -2.424783       11.54804       2.681710    
 -0.2821087      0.1867506      -1.953173    
  -6.226734      -5.003449       4.009939    
 -0.1801594     -0.8773344     -0.6793595    
   2.612315      -7.349656       6.466011    
  -2.820006      -8.853399       1.256631    

 1.0 
 0.0
