C    -0.0060905595    -1.6856796741     0.0506246313
H     0.9878827333    -3.0102691650     1.6715486050
H     1.5596027374    -2.1469202042    -2.1807868481
H    -1.9528553486    -2.4180679321    -0.4113074839
C    -0.0174674615     1.0403628349     1.0654158592
H     0.2553052008     1.3050665855     2.9918568134
C    -0.0074551846     3.0323259830    -0.5809460878
H    -0.0289577749     2.7674059868    -2.1937940121
H     0.3831743002     5.2477831841     0.2526579201
 momenta
  0.7231353      -6.344287       1.871241    
  -2.556099      -3.815860      -7.918000    
  -2.624620       3.696322       2.972340    
   2.585820       3.184813      -2.643816    
  -4.127304     -0.3779873       5.641099    
   9.518680      -4.977577      0.6446091    
   3.749162       9.241814      -2.728780    
  0.9321361      -6.850404      -3.316885    
  -9.056360      5.6818845E-03  -6.266427    

 1.0 
 0.0
