C     0.0011408209    -1.7220083475     0.0805341080
H     1.0752162933    -2.7742862701     1.5770249367
H     1.3617591858    -2.5159091949    -2.0512883663
H    -2.4314494133    -2.7656552792    -0.3409541249
C    -0.0018041496     1.0386023521     1.0083849430
H    -0.2371011525     1.1619250774     2.7751798630
C     0.0044190479     3.0709576607    -0.5534167886
H    -0.1514183581     2.7904338837    -2.5566842556
H     0.1483289450     5.8378410339     0.7086435556
 momenta
   2.107405      9.7195603E-02 -0.8017242    
   2.797201      -4.358785      -6.864393    
   1.640803     -0.8499839       6.003133    
  -9.506685       3.929163     -8.5212273E-04
 -0.3659414     -0.9692365      0.8269989    
  -2.401896       2.883565       2.359231    
   3.789774      -3.593348      -2.708870    
  -5.173703      0.8319038       10.96823    
  -6.482613       13.11324      -2.973304    

 1.0 
 0.0
