C    -0.0251796506    -1.7286589146     0.0352564864
H     1.2800606489    -3.5820269585     1.9862927198
H     1.2924140692    -2.2586929798    -2.2834942341
H    -2.0527491570    -2.8772451878    -0.2947095931
C     0.0098305680     1.0587698221     1.0521163940
H    -0.0224553254     1.9983812571     2.8525955677
C    -0.0041770400     3.0559971333    -0.5471418500
H     0.4461706579     2.6914618015    -2.5328028202
H    -0.2178672105     5.8037142754     0.1769589782
 momenta
   1.464133      -1.200419      -2.885673    
   1.273164      -1.538507      -4.943884    
  -5.832773       4.786365      -1.494738    
   3.447778      0.2069544      -2.097874    
   2.175422       19.15939      -8.287164    
  -11.61150       6.759303       5.997829    
  -1.707401      -21.72885       9.777373    
  -2.329232      0.3468934       14.82439    
   8.616521       2.416248      -7.422411    

 1.0 
 0.0
