C     0.0060987282    -1.6947163343     0.0835259557
H     1.2831133604    -3.3214828968     1.6240208149
H     1.0226975679    -1.8308837414    -2.5036699772
H    -2.2195303440    -2.2750475407    -0.0948576182
C    -0.0207600836     1.0466709137     1.0129454136
H    -0.0972816274     1.2361551523     2.9277923107
C    -0.0026173252     3.0223393440    -0.5525467992
H     0.5851162076     3.0480408669    -2.5017309189
H     0.0717727095     5.4189081192     0.3094665110
 momenta
  -2.526375      -2.922684      -4.224654    
  -4.504399       6.520008       4.400944    
   1.249167      0.7313082       1.518198    
 -0.6424968     -0.2038796       8.337482    
   8.033444      -1.001882      -3.240337    
  -8.574333       2.137622      -7.470425    
  8.8635832E-02   5.185027      -3.231146    
   1.002336      -13.61813       20.77460    
  -7.550069      0.1103908       9.233546    

 1.0 
 0.0
