C    -0.0130507248    -1.6475230455     0.0574702546
H     0.9232980609    -3.2293097973     1.7963052988
H     1.9397201538    -2.0437142849    -1.9150573015
H    -2.3846127987    -2.4422409534    -0.8450655937
C     0.0088794976     0.9982216954     1.0710849762
H     0.3067310750     1.3755657673     3.3461201191
C    -0.0160137024     3.0310990810    -0.5841520429
H    -0.3441916406     2.8289456367    -2.7500689030
H     0.3053491414     5.4796724319     0.1153744534
 momenta
   3.925375      -8.955685      4.0289849E-02
 -0.2506334      -1.294117      -14.54885    
 -0.1982249       6.976831       1.467431    
  -8.422386       4.717546       8.191450    
  -2.767337       7.977731       3.236443    
  -3.967264      -2.884796       4.007014    
   3.531564       2.659121      -5.926994    
   2.548054      -14.30823      0.8357064    
  -5.665002       1.187576       9.356296    

 1.0 
 0.0
