C     0.0133492220    -1.7084093094     0.0481495559
H     1.2933022976    -3.5685310364     1.5704852343
H     0.9840644598    -1.6206952333    -2.2478034496
H    -2.1255106926    -2.4072921276    -0.1707034558
C    -0.0315974541     1.0634990931     1.0799021721
H    -0.4139208496     1.4921362400     3.0251538754
C     0.0258086547     3.0232729912    -0.6020097136
H    -0.3522097170     2.5040199757    -2.5381646156
H     0.2348854840     5.7168188095     0.8656774163
 momenta
  -3.278250      -4.438043       2.113179    
   9.702874       4.898140       3.859576    
   6.960690      -12.65624      -4.465836    
  -7.512350      -10.13457       11.52742    
  -1.916613      0.8820562      -17.25206    
 -0.9125856     -9.6477196E-02  0.5533209    
 -0.1002671       6.861335       13.60169    
   9.406111       7.963747      -2.099225    
  0.6693665      -1.576844      -4.122377    

 1.0 
 0.0
