C     0.0195792802    -1.6941438913     0.0477737039
H     0.9589524865    -3.3784272671     1.3113093376
H     1.0053558350    -1.8911484480    -2.1787934303
H    -2.7104778290    -2.4020159245    -0.4711283147
C     0.0069857654     1.0607407093     1.0892256498
H    -0.3546875417     1.1346039772     3.3513815403
C    -0.0072661075     3.0334084034    -0.5833575130
H     0.2786330283     2.3759987354    -2.6660816669
H    -0.0466803387     5.3892703056     0.0167431924
 momenta
  -1.573137      -9.783782      0.7399068    
 -0.7238046       12.10034       1.040558    
  -6.800767       3.188570      -9.345594    
   3.611054     -0.8295249      -2.481663    
  0.7521508       9.909746      0.3504706    
   3.875887      -5.961621       1.180901    
  -2.128328      -3.041402       2.928669    
   13.45817       3.021802      -1.306563    
  -3.159290      -1.522537      -3.009173    

 1.0 
 0.0
