C    -0.0249048583    -1.7312012911     0.0358457416
H     1.4736285210    -3.4236123562     1.7880707979
H     1.5963362455    -1.9942413568    -2.0775449276
H    -2.0536639690    -2.3019392490    -0.4439765811
C     0.0059507275     1.0689965487     1.0836304426
H    -0.3134286702     1.4772758484     2.9606063366
C     0.0041272277     3.0471394062    -0.5793716908
H    -0.2757301927     2.7974298000    -2.4485092163
H     0.1121451333     5.2806348801     0.1356758624
 momenta
  -6.927105       3.887186       2.400362    
   3.324977      -1.026835      -2.311230    
   1.639715       3.692255       2.666017    
   10.22046      -2.241444      -1.598446    
   1.670104      -6.958272      -2.270600    
  -1.276674       9.033287      -3.257043    
   4.409402      -3.571286     -0.2440320    
  -6.125859       4.569509       4.221204    
  -4.828320       8.883440      0.6315346    

 1.0 
 0.0
