C    -0.0170878526    -1.7392680645     0.0687667802
H     1.1343331337    -3.0330696106     1.9826531410
H     1.4178806543    -1.9111977816    -2.2292950153
H    -2.3637890816    -2.6551566124    -0.6398850679
C     0.0205986388     1.0697102547     1.0092525482
H    -0.1972314864     1.1753156185     3.0767719746
C    -0.0030800083     3.0465049744    -0.5300562382
H    -0.0709095225     2.9592146873    -2.4810972214
H    -0.0138451001     5.6346445084    -0.1193599701
 momenta
   1.839949       5.623797       2.924574    
  -4.160182      -2.657168      -4.349454    
 -0.9727352       4.362361       1.571323    
   1.728243       13.33841      -6.379774    
   2.107868      0.7589580     -0.5464974    
  0.3533166      -7.581471     -0.9876884    
  -1.059168      -3.289159       1.947025    
  -3.391774      -11.64775       1.803728    
  -3.264752      -6.499180      -6.689104    

 1.0 
 0.0
