C     0.0293537453    -1.7230255604     0.0321148448
H     0.5358713269    -3.4335992336     1.4062727690
H     1.0634821653    -2.0356049538    -1.5020155907
H    -2.2503588200    -2.8274586201    -0.2578059435
C    -0.0271446947     1.0586732626     1.0791139603
H     0.2525102198     1.6068272591     3.0597631931
C     0.0022423889     3.0631382465    -0.5939843655
H    -0.2058328241     2.5190429688    -2.4410145283
H     0.3317513764     5.4378232956     0.5978345275
 momenta
   3.182772      -8.462276      -3.766373    
   4.184288      -7.403684       2.184580    
  -10.80960       3.011822       2.991552    
   4.999319      -5.919679       7.601390    
  -12.15546       4.555693     -0.6499385    
   8.491607       10.00178       2.728249    
   6.347206       2.209169       1.109887    
   3.721819       10.95076      -4.808311    
  -1.624209      -4.963607      0.6362841    

 1.0 
 0.0
