C     0.0061981454    -1.7031929493     0.0327394977
H     1.3473938704    -3.2691516876     2.0966665745
H     1.3859881163    -1.4228148460    -2.2581956387
H    -2.8892884254    -2.6496500969    -0.3256651759
C    -0.0286918040     1.0559266806     1.0796153545
H     0.2757483423     1.2456233501     3.1446835995
C     0.0183472056     3.0311892033    -0.5824982524
H     0.0004266689     2.3740415573    -2.6575622559
H    -0.0253396165     5.6036338806     0.3486777842
 momenta
  -3.938194       2.100275       5.042298    
   5.582734      0.5887041       5.946345    
   4.605021      -1.180762       5.291136    
  -8.659755      0.6836439      -3.820798    
   6.225271      -2.032216      -6.457873    
  0.3289074      -7.665696       1.933590    
  -2.264432      -4.569720      -4.443296    
   2.615208       19.61122       3.913675    
  -4.920792       3.862292       6.943571    

 1.0 
 0.0
