C     0.0019535825    -1.6878421307     0.0581485182
H     1.2684352398    -3.6057393551     1.4965105057
H     1.1673514843    -1.9888052940    -2.5354788303
H    -2.6895277500    -2.1839733124    -0.3740371466
C     0.0169024952     1.0500860214     1.0625219345
H    -0.3820162117     1.4692692757     2.9709618092
C    -0.0147467880     3.0222842693    -0.5564909577
H     0.6998636127     2.4236185551    -2.5542922020
H    -0.2987469733     5.7405881882    -0.0758723915
 momenta
  -4.207383       4.860373     -0.2807097    
  -1.106050      -5.169943       1.474188    
   3.972355       6.332686       10.40669    
   5.821427      -2.139531      -3.254635    
   2.656423      0.1082467       1.462600    
   4.912517      -3.255389      -3.044140    
  -3.109444      -2.497211     -0.2959338    
  -1.645155     -0.5467107      -13.92437    
   3.835600      -3.784288       5.083395    

 1.0 
 0.0
