C     0.0140875028    -1.6884037256     0.0478427894
H     1.1995204687    -3.6417815685     2.0241463184
H     1.4886720181    -2.2364761829    -2.2890319824
H    -2.5180130005    -2.0275580883    -0.3614076078
C    -0.0249873996     1.0585974455     1.0542989969
H     0.1403639764     1.5594382286     3.0027613640
C     0.0056601753     3.0178079605    -0.5764295459
H    -0.2016365230     3.0109004974    -2.3719131947
H     0.0377244279     5.0491538048     0.5084502101
 momenta
  0.1701082      -11.78335       5.382782    
   6.932327       5.765158      -5.924314    
 -0.5884569      -3.993768      -4.543700    
  -5.968902       8.908260     -0.8199362    
  -1.332277      -8.225501       7.262772    
  -4.133491       4.010708      -3.951667    
   6.245970       14.56250      -11.46671    
  -2.615884      0.2055081      -2.657932    
  -10.99934       4.124936       13.97949    

 1.0 
 0.0
