C    -0.0087398831    -1.7385524511     0.0129679628
H     1.1819900274    -3.1459519863     1.6817960739
H     1.2932240963    -1.7378323078    -1.8573609591
H    -2.2659931183    -2.5261733532    -0.3022517562
C    -0.0083064251     1.0772466660     1.0933960676
H     0.2231218070     1.7145533562     3.1016449928
C    -0.0049980660     3.0277481079    -0.5695672631
H     0.3570489883     2.7665603161    -2.4819769859
H     0.0405292772     5.5137209892    -0.0872301385
 momenta
  -1.971499       2.677135       3.790313    
   4.690516      -2.259654      -9.931009    
   9.425317      -6.874777       6.897328    
  -7.309373      -2.988427       1.466144    
 -0.4445920       2.011446      -3.719318    
  -1.758820      -7.690616      -9.046337    
   4.568023      0.6843877       5.218775    
  -8.414254      -3.031712      -8.269433    
  -4.272021       4.400386      0.6503978    

 1.0 
 0.0
