C    -0.0189237259    -1.7072099447     0.0589240454
H     1.4179584980    -3.3963630199     1.6873520613
H     1.3640831709    -1.7494537830    -2.1011853218
H    -2.2117426395    -2.5377528667    -0.0799320489
C    -0.0097705033     1.0416549444     1.0586935282
H    -0.1013713628     1.3094880581     2.9302301407
C     0.0212609805     3.0449273586    -0.5881151557
H     0.0764882118     3.1492264271    -2.5274174213
H    -0.3150309026     5.2999143600     0.4398075640
 momenta
 -0.2119197      -6.655095      -7.271103    
  -3.921849       11.06553       3.113586    
   4.027623       9.269940       1.021338    
  -3.172232       1.655632       11.86758    
  -2.294931      0.3302659      0.1639248    
   5.774427       6.486102      -5.446846    
   1.485136      -2.102286       6.878450    
   5.520935      -4.507630      -8.542224    
  -4.468375       4.885954      -1.209936    

 1.0 
 0.0
