C    -0.0076630046    -1.6815154552     0.0776799396
H     1.2764681578    -3.4082734585     1.9208116531
H     1.1852227449    -2.1914672852    -2.0831990242
H    -2.2298312187    -2.5206418037    -0.3305641711
C     0.0034832638     1.0007113218     1.0192788839
H    -0.2916403711     1.6401858330     2.7418248653
C     0.0094838478     3.0696785450    -0.5690049529
H    -0.0816276297     2.7378487587    -2.6832463741
H    -0.1495024264     5.4216132164     0.8432563543
 momenta
   1.477351     -0.6822420      -5.356296    
   9.177238      0.4034146      -4.725482    
   3.551193       2.841974      -1.734378    
  0.6857833      -3.254016       6.274726    
  -12.34395       6.284298       9.299827    
   2.799430      -1.589708      -4.670998    
   2.880717      -1.801978       1.596112    
  -2.536548       4.501402      0.3617464    
   13.96655      -16.28768      -14.50753    

 1.0 
 0.0
