C     0.0205296725    -1.7024794817     0.0273784101
H     1.1670514345    -3.4476974010     2.0455946922
H     1.2468329668    -1.9305887222    -2.2411921024
H    -2.4925947189    -2.2327680588    -0.5057148933
C    -0.0141216433     1.0674270391     1.1014200449
H    -0.1028699502     1.2468974590     3.0621945858
C    -0.0242703296     3.0190250874    -0.5928599238
H     0.0780636296     2.6967031956    -2.5902225971
H     0.7586459517     5.5421581268     0.3296456933
 momenta
 -0.3635363      -1.298140      -7.040761    
   4.266387      -5.988925       5.740585    
  -2.556074       6.561136       9.988538    
   3.730880       3.329515      -3.557662    
  -4.400709       8.808891     -0.7207133    
   7.486285       3.067927      -3.781974    
   2.279404      -8.671757       9.372250    
  -5.463046      -4.509492      -6.328153    
   1.082308       1.177920      -7.747294    

 1.0 
 0.0
