C    -0.0038883358    -1.6632775068     0.0577867627
H     1.0933653116    -2.8813190460     1.6617636681
H     1.6026471853    -1.8218400478    -2.1335530281
H    -2.3926765919    -2.1480104923    -0.2642059326
C    -0.0071018436     1.0026760101     1.0606265068
H     0.1200342998     1.7527096272     2.8532252312
C    -0.0097109256     3.0264976025    -0.5839271545
H     0.2010331452     2.6023705006    -2.7549455166
H     0.1640281230     5.1128616333     0.7894871831
 momenta
 -0.8762984       9.837017       10.67227    
  -3.670579      -8.628787      -6.339880    
  0.5617446       3.110487      -6.302106    
  0.9965389       4.545141      -8.958591    
 -0.4598151       5.602206      -8.441434    
   11.76771      -8.317392       3.593146    
  0.1149294      -9.598176       2.220713    
   6.024363      -3.937914       1.343342    
  -11.40583      -6.782261       1.218096    

 1.0 
 0.0
