C     0.0023039123    -1.7209275961     0.0643162280
H     0.7013786435    -3.1854748726     2.0831546783
H     1.2196394205    -1.7274833918    -2.1742923260
H    -2.3455970287    -2.4377632141    -0.9757037759
C     0.0057575549     1.0638172626     1.0248653889
H     0.3829852939     1.4858071804     3.1946210861
C     0.0025422941     3.0329616070    -0.5438725352
H    -0.2175390422     2.6258339882    -2.6020131111
H    -0.2515815198     5.4524784088     0.1740662456
 momenta
   3.774274       1.948447       8.415803    
  -8.731880      0.3246502      -13.12447    
  1.3110983E-02  0.6613311       5.202770    
  -6.014254     -0.6398265      -1.310565    
   3.721835      -12.40056       1.222914    
  -2.639385       1.933703      -2.561763    
  -2.655757       11.59567      -5.992597    
  0.9820604       2.289793      -2.913420    
 -0.4673649      -8.231998       2.082108    

 1.0 
 0.0
