C    -0.0000622834    -1.6781355143     0.0339281075
H     1.2568558455    -3.3520863056     1.7926670313
H     1.0672012568    -1.6726968288    -2.2866148949
H    -2.1061732769    -2.5975503922    -0.3092850447
C    -0.0264526810     1.0517418385     1.0783674717
H    -0.1197635531     1.2428354025     3.2208740711
C     0.0328197293     3.0133697987    -0.5628824830
H    -0.3333716393     2.3685944080    -2.8032925129
H    -0.0929487348     5.7641611099    -0.0765509233
 momenta
   3.853626      0.2729217      -2.371715    
   3.492363      0.4081715      -1.250218    
  -5.105941       10.98837       1.167375    
  0.9592167      -3.926308      0.2326916    
  -5.691350      -4.903524       9.368196    
  -5.791076       3.392529      -3.517391    
  0.8981321       1.256466      -6.267516    
  -6.633650      -2.865567       2.563301    
   16.29628       3.607226      -1.475820    

 1.0 
 0.0
