C     0.0065804231    -1.6573985815     0.0491950996
H     0.8309486508    -2.5617547035     1.6958885193
H     1.3895158768    -1.1780326366    -2.1442601681
H    -2.5108621120    -2.4369275570    -0.5866253972
C    -0.0089492723     1.0054483414     1.0939357281
H    -0.0664941743     1.4959495068     3.5099720955
C     0.0214751102     2.9952943325    -0.5983089209
H    -0.6223697066     2.8607633114    -3.1809022427
H     0.1225656867     5.3864626884     0.4391748011
 momenta
 -0.7571034      -4.346568      -2.046243    
 -3.5468567E-02  -8.305891       2.773302    
   11.30321      -6.549434      -7.533023    
  -3.594784      -1.073928       3.962211    
  -2.224796       2.290854      -1.933068    
   4.195711       8.939326      -3.564641    
  0.1569991       5.046866       4.184173    
  -1.061286      -5.792929       6.707212    
 -0.8877957       2.259869      -2.930169    

 1.0 
 0.0
