C    -0.0124501782    -1.6396133900     0.0659268722
H     1.0838209391    -3.2125370502     1.8666968346
H     1.4137902260    -1.8260705471    -2.1601545811
H    -2.2649810314    -2.1001133919    -0.3823180497
C     0.0339102522     1.0025662184     1.0410958529
H    -0.5470588803     1.2955154181     3.0827133656
C    -0.0204808414     3.0162420273    -0.5785328746
H     0.1289941967     2.5751600266    -2.5576031208
H     0.0809884742     5.3501601219     0.5392821431
 momenta
  0.9563091      -8.731236      0.4429619    
  -6.604478      0.4420359      -3.705461    
  -1.680439      -2.718788      -6.182661    
  -1.186798      -8.299467      0.5279049    
   3.318722       4.518509       1.963372    
  -4.119268      -1.885303      0.2821833    
 -0.1572105       6.736643      0.8436915    
   1.944575      -3.437744       2.498252    
  -2.669452       7.307957      -4.591855    

 1.0 
 0.0
