C    -0.0187714696    -1.7116278410     0.0655583441
H     1.2411217690    -3.4281461239     1.7218543291
H     1.3096580505    -1.6548901796    -2.1828906536
H    -2.0092740059    -2.3634090424    -0.2825035453
C    -0.0030117813     1.0492447615     1.0308285952
H    -0.0942976773     1.3895380497     3.1143105030
C     0.0197437517     3.0512752533    -0.5621411800
H    -0.0658432841     2.3135139942    -2.7662985325
H    -0.3591668010     5.4201035500     0.5460048318
 momenta
  -1.374244      -3.420057       3.579576    
  -6.222796      -5.686738      -1.914913    
  7.2116971E-02  -9.224517      -8.884619    
 -0.1590612      0.1896179       5.488505    
   5.981356      -1.519100      -1.783173    
  -2.838321     -0.4192946       1.863337    
  0.6067570       11.11598      -4.631461    
   8.585042      -5.616996       4.352243    
  -17.30766     -0.3381023       8.726789    

 1.0 
 0.0
