C     0.0278241057    -1.7052117586     0.0777416080
H     0.9367866516    -2.9305210114     1.8104566336
H     0.9202085733    -1.6625938416    -2.5477492809
H    -2.3930888176    -2.3568010330    -0.3298741877
C    -0.0375590771     1.0580804348     1.0256762505
H     0.1121251583     1.3412296772     2.6887412071
C     0.0135149686     3.0049529076    -0.5559242964
H     0.0284635052     3.0336906910    -2.6261627674
H     0.1712413430     5.5333161354     0.6273894906
 momenta
  -2.619364      0.2281164       5.426634    
   4.944938       5.697297     -0.2748227    
   2.854088       2.358812      -5.266261    
  -1.500623      -8.835642      -2.417641    
  -1.209944      -9.522094       5.384482    
  0.2399022      -8.373668      -1.011524    
 -0.9133621       11.22204      -4.713514    
   2.025685       1.726571      -12.12359    
   7.589198      0.8543671      0.1479991    

 1.0 
 0.0
