C    -0.0112961931    -1.6904308796     0.0372871011
H     1.0591291189    -3.0871300697     2.0803511143
H     1.2402269840    -1.5618027449    -2.0520644188
H    -2.3629395962    -2.3491559029    -0.3002308011
C     0.0172127709     1.0616861582     1.0404769182
H    -0.1158647984     1.2160226107     2.9705514908
C    -0.0024374893     2.9837796688    -0.5465381145
H     0.2211276293     2.8717341423    -2.4344491959
H    -0.2582690716     5.9790191650     0.0152795566
 momenta
  -5.822829       6.613352       2.569925    
   7.773067      -4.719044       1.664139    
   12.51089      -4.273329       1.816396    
   5.970207       11.95466       10.07677    
   2.351558      -6.562462      -4.368247    
  -9.783234      -3.562863      -11.33633    
  0.2083782      -1.987117       2.829491    
  -6.838108       14.09456      -3.727219    
   1.812885      -6.755880      -2.240434    

 1.0 
 0.0
