C    -0.0024801760    -1.7426017523     0.0430042446
H     0.5124256015    -2.9481348991     2.1272664070
H     1.3789434433    -1.8101706505    -2.1994249821
H    -2.2262225151    -2.5713837147    -0.3931064904
C     0.0261329245     1.0441877842     1.0535285473
H    -0.1030672491     1.5727279186     2.9571893215
C    -0.0169636719     3.0598659515    -0.5584065318
H     0.0283289608     2.7739732265    -2.7692544460
H     0.0578361303     5.7884812355     0.2733091414
 momenta
 -0.4409171      -2.503176       8.550996    
   3.751282      -1.997629       18.44558    
  0.4268317      -1.841080      -8.602092    
  -5.031127       1.323844      -3.665393    
  -3.102387      0.7747509      -22.28799    
   9.837864      -4.416069       4.541677    
   4.002025      0.4992050       5.519705    
  -1.125649       6.914427       8.363407    
  -9.358468       4.382532       9.294407    

 1.0 
 0.0
