C    -0.0157505795    -1.7092591524     0.0436173081
H     1.0552340746    -3.2402875423     1.5454539061
H     1.3921457529    -1.8779917955    -1.9330432415
H    -2.1179764271    -2.7570390701    -0.5305509567
C    -0.0035146077     1.0597716570     1.0764323473
H     0.2018686533     1.9711445570     3.0257606506
C     0.0080395835     3.0249612331    -0.5829766393
H    -0.0394028313     2.9329879284    -2.7025291920
H    -0.1116628870     5.1982922554     0.6342079043
 momenta
  -3.223869       16.91229       7.481644    
   1.595696       12.06374       2.118898    
   3.098148       7.101595       4.075965    
   4.444016       9.395792     -0.8218418    
  -5.709372      -15.33010      -12.25533    
   17.24686       2.178334     -0.3295635    
   1.672044      -11.77577       1.895738    
   4.189318       12.78847      0.9499251    
  -5.284057      -8.471203       3.910053    

 1.0 
 0.0
