C    -0.0009822760    -1.6992385387     0.0818857476
H     1.2160379887    -3.1619098186     1.8593924046
H     1.0754195452    -1.8351992369    -2.1517293453
H    -2.5575568676    -2.2648401260    -0.5920014381
C     0.0145571893     1.0536686182     1.0081832409
H    -0.2829056680     1.0821927786     3.0430607796
C     0.0029433733     3.0190565586    -0.5481786132
H     0.0775868297     2.9927079678    -2.7229766846
H    -0.2816275954     5.5083084106     0.4019190967
 momenta
   2.600819      -1.689158      -5.127003    
   4.092854      -3.580027      -3.226781    
  1.3102250E-02   4.451486       3.786520    
  -14.04391     -0.4024755       3.225616    
  -5.558474       2.416211       8.850204    
   4.632029      -2.477427      -3.767051    
   10.48930       1.832273     -0.9883946    
  -4.871611      -11.38612      -7.708936    
  -15.88020       4.642548      -1.687652    

 1.0 
 0.0
