C    -0.0057590865    -1.7402880192     0.0455330871
H     1.0995502472    -3.5431716442     1.6914699078
H     1.1574623585    -2.1816465855    -2.3390269279
H    -2.1141319275    -2.7792379856    -0.0756411254
C    -0.0074672978     1.0742670298     1.0594104528
H    -0.1248999685     1.4593509436     3.0903337002
C     0.0101958793     3.0586860180    -0.5662329197
H     0.2715958357     2.8391108513    -2.7335724831
H    -0.2434470654     5.7269792557     0.3387700617
 momenta
   8.096166      -7.146162      -8.082996    
  -6.274551      0.5504864      -8.268522    
  0.5132684      -3.539102       4.330318    
   8.086173       1.292880       16.01683    
  -14.66749       9.221961      -2.218816    
   3.115735       4.330373       2.951466    
   2.818246      -6.415556       8.825356    
  -6.729996       6.051501       3.325315    
   14.41560       5.943707      -12.94180    

 1.0 
 0.0
