C    -0.0019307703    -1.7137464285     0.0279322322
H     1.7415796518    -3.4085822105     1.7278716564
H     1.6045396328    -1.5979256630    -2.0686829090
H    -3.0426483154    -2.3657724857    -0.1095500067
C    -0.0079830242     1.0632053614     1.0946941376
H    -0.4554126263     1.2697858810     2.8346955776
C     0.0082668345     3.0326147079    -0.5903356671
H    -0.0322901309     2.4233558178    -2.4413332939
H     0.1800843030     5.6390981674     0.3056582808
 momenta
   4.382879      -4.830140       5.830254    
  -3.706944       7.972134      -7.514766    
  -3.194534      -4.466864       10.35350    
 -0.5182853      -1.324229      -1.279537    
  -1.848728       3.466240      -14.37731    
   3.772621      -12.45537      -4.905936    
  -7.172844       2.053343       13.23302    
   6.017789       4.059398      4.0569328E-02
   13.42428       3.564256      -12.81992    

 1.0 
 0.0
