C    -0.0173369329    -1.6843206882     0.0418731160
H     1.0232231617    -3.5009171963     1.9582605362
H     1.6230194569    -1.8560383320    -2.1747109890
H    -2.1538155079    -2.2947371006    -0.4519743919
C     0.0203093756     1.0718876123     1.0613315105
H    -0.1545437127     0.9704499245     3.0592463017
C    -0.0126609001     3.0129044056    -0.5680003762
H    -0.0431155115     2.2042958736    -2.6954007149
H     0.0309479237     5.6782436371     0.4210034609
 momenta
   3.557121       1.325691       12.27098    
   1.105771       3.033299     -0.3198324    
  -1.553113       1.535522      -2.532354    
 -0.4350772      8.8432012E-03   4.488144    
  -7.180684      -13.71953      -15.98459    
  0.7931172      -4.119342       1.095978    
   3.278490       11.38584      -1.318027    
  -3.363378       1.302214       6.830874    
   4.828858       1.826735       7.979854    

 1.0 
 0.0
