C     0.0023288557    -1.7165484428     0.0826230645
H     0.8059428930    -3.4866847992     1.6069716215
H     1.5382223129    -1.7570943832    -2.3070785999
H    -2.4886469841    -1.8641788960    -0.2830493152
C     0.0072279354     1.0433187485     1.0264753103
H     0.0467595421     1.5110253096     2.9393181801
C     0.0009427611     3.0419361591    -0.5705447197
H     0.1334419996     2.9762573242    -2.4772751331
H    -0.5292481780     5.1389493942     0.4980989099
 momenta
   2.608653      -10.44329      -3.358517    
   10.43833      -3.229936       2.376006    
  -1.027338      -3.006556       1.851736    
  -10.31380       1.996914      9.9982090E-02
  -6.062484       4.290024      -2.377475    
 -0.7167205       3.017180       7.454778    
   7.773712       6.662646     -0.1287366    
  -8.247956      -3.945079       12.50072    
  -4.876545       3.366019      -3.868398    

 1.0 
 0.0
