C    -0.0230969563    -1.6871836185     0.0522628762
H     0.7721982002    -3.0973815918     1.8498187065
H     1.5116679668    -2.1408982277    -1.9537204504
H    -2.0544664860    -2.8857164383    -0.7780896425
C     0.0158567131     1.0531992912     1.0573153496
H     0.4018298686     1.1900012493     3.1412785053
C    -0.0042724242     3.0408341885    -0.5832194090
H    -0.0332161933     2.2712996006    -2.6124100685
H    -0.2116896510     5.6007719040     0.8330057859
 momenta
   1.681659     -0.9541323       5.965666    
  -6.903650       1.603057      -7.685832    
  -4.143376     -0.7818220       6.471741    
   4.773726     -0.2160400      -4.513817    
  -1.382281      -1.031154      -7.101360    
   7.205101       3.188462       4.584530    
  4.9336642E-02  7.6980092E-02 -0.3539245    
  4.3249656E-02   5.839942       2.226588    
  -2.274441      -2.998338       4.031135    

 1.0 
 0.0
