C     0.0074449787    -1.6326973438     0.0327584781
H     0.8483335376    -3.0411012173     1.6529762745
H     0.9369694591    -1.7485193014    -2.1439156532
H    -2.3900032043    -2.6773033142    -0.2339198142
C     0.0159130953     1.0250096321     1.0826293230
H    -0.3415383697     1.5657242537     2.9953556061
C    -0.0194273870     2.9761462212    -0.5751511455
H     0.5606932044     2.8720693588    -2.4039978981
H     0.1455031335     5.5470323563     0.0451578274
 momenta
  -2.368798      -3.861879      -7.345835    
   2.300221       3.292497      -2.465364    
  -4.796773      -1.875465      -1.450163    
   3.382534     -0.1211433      -1.798075    
  0.8182643       6.452669       9.288383    
  9.2208274E-02   1.191501       9.409290    
   2.886555      -2.742794     -0.8672393    
   3.106095      -1.977423       2.976482    
  -8.596590     -8.6500570E-02  -10.43711    

 1.0 
 0.0
