C     0.0037158357    -1.6818480492     0.0108154453
H     0.7969248891    -3.1191968918     2.0088815689
H     1.1828871965    -1.9955265522    -1.7518986464
H    -2.6435856819    -2.7749032974    -0.7009971738
C     0.0166274346     1.0805996656     1.0698494911
H    -0.0150982812     1.3413053751     3.4355504513
C     0.0119251916     3.0012023449    -0.5590188503
H    -0.3828207254     2.1766929626    -2.4664897919
H    -0.3473774195     5.5962553024     0.1480193138
 momenta
   4.920228      -9.818214      -6.652864    
  -4.157318      -5.468083       1.253239    
   1.924738       4.377432       2.010786    
  -2.457381       6.475527       6.289438    
  -1.896104       5.930957       6.311962    
  -4.420228      -8.089940       5.452300    
  0.3305118       4.661633     -0.5165832    
  -7.000462      -7.083261      -3.531150    
   4.609877       7.156048      -8.380843    

 1.0 
 0.0
