C     0.0119080422    -1.7154693604     0.0501047596
H     1.1053832769    -3.3258397579     2.0040485859
H     1.2388064861    -1.7404007912    -1.7769210339
H    -2.6100454330    -2.3983936310    -0.0421249531
C    -0.0180857088     1.0315254927     1.0369340181
H     0.0070902635     1.5382169485     2.7816116810
C     0.0191460699     3.0611248016    -0.5657702088
H    -0.1929905564     2.9736630917    -2.8233799934
H    -0.1566521376     5.1143884659     0.5421747565
 momenta
  -5.696604       3.290763       1.257612    
  -2.668408      -3.245113      -7.539926    
   8.075375      -1.891329      -4.785169    
   5.408837      0.1138636       2.519610    
   4.200376       1.352472       1.892678    
  -2.886891       1.324341       2.653506    
   3.041758      -1.412771     -0.4796470    
  -2.793496      -3.290709      -1.678206    
  -10.29690      -4.006237     -0.5118008    

 1.0 
 0.0
