C    -0.0072502419    -1.7071552277     0.0632105097
H     1.0527805090    -3.5021429062     1.8888999224
H     1.2980153561    -1.3798669577    -2.2119245529
H    -2.2941536903    -2.4641458988    -0.1160543784
C    -0.0030949768     1.0287188292     1.0535490513
H    -0.2119141966     1.5022598505     3.0586597919
C     0.0308804493     3.0453114510    -0.5986730456
H    -0.2883869410     3.0016834736    -2.4944684505
H    -0.4712405205     5.4429883957     0.6939057112
 momenta
  -1.078016       3.688859      -6.895730    
   2.874828     -0.4853682      -3.611093    
  -1.648028      0.7353927      -2.625655    
   6.266250      -3.521029       8.998129    
  -4.012899      0.5652893       8.099219    
  -4.469749       3.122564     -6.3674383E-02
   4.338952      -5.663280     -0.3025312    
 -0.6007142      -2.248661     -0.3980739    
  0.2824358       7.140999      -5.324769    

 1.0 
 0.0
