C    -0.0064358376    -1.7061657906     0.0516070127
H     0.9882010818    -3.1050543785     1.7335604429
H     1.2754174471    -1.4299701452    -2.1672363281
H    -2.2778041363    -2.2298851013    -0.0275405794
C    -0.0011967625     1.0263173580     1.0610581636
H     0.0497784838     1.5444378853     2.9702649117
C     0.0023635596     3.0297179222    -0.5787265897
H     0.4340035915     2.9524843693    -2.6831200123
H    -0.3197253942     5.5506191254     0.3431152403
 momenta
   4.218236      -5.006520       7.038730    
   5.100256      -7.886028      -4.411133    
  -3.817515      -2.343104      0.4550717    
  -4.897908       3.271397     -0.3870658    
  -6.039578      -1.647081      -3.343686    
   3.326058      0.1635651       4.409813    
  0.2784818       3.062809      -2.634236    
   4.295595       19.15994      -2.939327    
   1.112651      0.1828000     -0.6712626    

 1.0 
 0.0
