C     0.0002737318    -1.7300013304     0.0646681935
H     1.0025242567    -3.1938853264     1.8088179827
H     1.2752848864    -1.9364049435    -2.0966806412
H    -2.3285632133    -2.3353166580    -0.3600698113
C     0.0210192669     1.0475918055     1.0355620384
H    -0.6836967468     1.0964001417     2.9520075321
C     0.0025429195     3.0681445599    -0.5730471611
H    -0.3765579760     2.5885121822    -2.2394962311
H     0.0619892403     5.5984344482     0.3818169832
 momenta
   1.102281      -1.894102       2.734285    
  -2.516066      -2.377387       4.214452    
  -3.535597      -2.192481      -8.904618    
   8.872483       2.415583      0.9023445    
  0.1344100       2.531481      -6.705050    
  -7.221383       3.375977      -7.406762    
  0.3149625      -3.638337       6.762143    
  -4.752282       7.641447       7.954813    
   3.982903       1.477572      -6.442915    

 1.0 
 0.0
