C    -0.0263193715    -1.7200064659     0.0371945761
H     0.9854677916    -3.4000165462     2.2260158062
H     1.8319238424    -1.7933813334    -1.9955879450
H    -2.2752141953    -2.6584460735    -0.0336556770
C     0.0343625508     1.0545617342     1.0334813595
H    -0.3970267177     1.0971617699     3.0481047630
C    -0.0141840149     3.0551922321    -0.5642033219
H    -0.0777930617     2.7170665264    -2.0829477310
H     0.1096501201     5.6832509041     0.1323246062
 momenta
   7.252070       2.013716      0.1735451    
  -5.268383      -5.166840       3.856472    
  -6.096694      0.5420442     -0.6066148    
  -1.935235       8.218470     -0.3800070    
 -0.3552514       2.114361      -1.517513    
  -3.664336      -6.847826       4.529737    
  -2.879890      -2.939432      -1.825343    
  -1.545436     -0.7959962       2.941468    
   4.687425      8.8501617E-02  0.6501580    

 1.0 
 0.0
