C    -0.0136833172    -1.7239155769     0.0621220842
H     1.4204068184    -3.2368004322     1.9142111540
H     1.4165920019    -1.6469210386    -2.1012794971
H    -2.4318199158    -2.6296179295    -0.0736336634
C    -0.0004690970     1.0213856697     1.0362401009
H    -0.3100173473     1.4867811203     3.0462245941
C     0.0051004183     3.0668940544    -0.5718387961
H     0.0905662328     3.0524342060    -2.7328264713
H     0.1120999530     5.6629371643     0.4226502478
 momenta
  0.3506454      -10.78302       5.422091    
   7.203426      -2.999562       10.68697    
  -2.506559       3.169822      -1.174558    
  -2.844684       1.724666      2.3314554E-02
  1.6128338E-03 -0.2385271      -19.24669    
  -4.869222       1.359846     -0.3010511    
 -0.1453679       9.541483       9.401659    
  -1.833621      -3.601662       5.593583    
   4.364647       5.331719      0.3869474    

 1.0 
 0.0
