C     0.0047721406    -1.6804943085     0.0363873877
H     1.2201364040    -3.4655268192     1.7718925476
H     1.1835206747    -2.0376400948    -2.1793138981
H    -2.3393170834    -2.3961515427    -0.1834060848
C    -0.0116560142     1.0681773424     1.0572339296
H    -0.0783666745     1.3150209188     3.2920227051
C    -0.0038501485     3.0019772053    -0.5661448836
H     0.3095473945     2.7163434029    -2.5143949986
H     0.0734720156     5.5094337463     0.2517085969
 momenta
  -6.087526      -2.710340      0.6116580    
   3.730092      -1.996882       6.194447    
   8.334809      -4.304692      -10.38476    
   3.112379      -9.292704      -5.828113    
  -1.234128       4.424817     -0.9533732    
   9.166352       3.835421      -2.646133    
 -0.7214255     -0.5135207       3.178913    
   1.822732       6.583475       11.21557    
   1.507773      0.8407875      -8.253789    

 1.0 
 0.0
