C     0.0103089483    -1.6762639284     0.0708606318
H     1.1549692154    -3.1831123829     1.3718549013
H     1.1575940847    -1.3514828682    -2.1164231300
H    -2.7688872814    -2.2748751640    -0.5984154344
C    -0.0033276619     1.0530948639     1.0715699196
H    -0.3133341372     1.0025041103     3.0112690926
C     0.0243710801     2.9890406132    -0.5917046070
H    -0.3340117633     2.7141273022    -2.6785626411
H    -0.2617622614     5.7388901711     0.4993369281
 momenta
   3.649801       7.838255       1.831151    
  -1.662472       2.205391       4.670496    
   6.731882      -3.165438      -8.213665    
  -3.000031       1.266548      -4.666945    
  -4.649829      -9.170780       8.956128    
   5.223642      -3.659346      -1.598189    
  -4.698988       2.167026      -10.93962    
  -2.886850      -5.555896      -1.565696    
   15.18620       6.030527       12.33766    

 1.0 
 0.0
