C    -0.0004360845    -1.6944749355     0.0621659085
H     1.3062185049    -3.2600803375     1.8169126511
H     1.5034128428    -1.9247781038    -2.0330417156
H    -2.4509012699    -2.2266974449    -0.3069985807
C    -0.0161693674     1.0325765610     1.0320824385
H     0.1326153725     1.2006880045     3.0350718498
C    -0.0045663952     3.0428147316    -0.5690023303
H     0.0998817235     2.5435779095    -2.4440567493
H     0.2098265141     5.6655411720     0.4675557911
 momenta
  0.1232906     -0.9014263       4.941928    
   2.900691      -1.092111      0.4311846    
   1.330025      -7.161914      -6.635170    
   1.453640      -4.157653       4.307301    
  -3.790391      -2.579067      -7.802108    
  -3.237093      -4.977705      -1.255704    
   4.137390       7.330369       1.735336    
  -4.512911      -2.848393       4.639202    
  0.5305359       6.981777       2.518920    

 1.0 
 0.0
