C    -0.0166617986    -1.6373571157     0.0318987779
H     1.1346646547    -3.2199480534     1.5691679716
H     1.6342587471    -1.5412485600    -2.1923201084
H    -2.3289835453    -2.6274142265     0.0565567613
C     0.0039446913     1.0457851887     1.0712261200
H    -0.3214285672     1.3451304436     3.0412313938
C     0.0081624975     2.9753601551    -0.5751753449
H     0.0273623355     2.2670714855    -2.4537894726
H    -0.0247989465     5.6664438248     0.3999769688
 momenta
 -0.8309819       8.726807      -6.503162    
   2.638197       8.651706       1.560533    
   6.158768      -7.222397      -11.21676    
   1.970657      -2.593590       5.753276    
  -1.475156      -4.416124       12.71218    
  -11.32595       6.150499      -3.418705    
   3.682085      0.7289292      -7.879868    
  -10.56568      -16.40771      -1.843210    
   6.737072      -5.977531       15.08562    

 1.0 
 0.0
