C    -0.0188533701    -1.7096215487     0.0584514812
H     0.9276543260    -3.2430796623     1.4741015434
H     1.6064853668    -1.8613597155    -1.7591602802
H    -2.4303340912    -2.4506776333    -0.6639969349
C     0.0408801623     1.0677421093     1.0552350283
H    -0.1999765933     1.2187731266     3.0818412304
C    -0.0249225423     3.0112500191    -0.5625607967
H     0.1401843727     3.2279641628    -2.6828622818
H    -0.0140529741     5.5966787338     0.0101177348
 momenta
  -4.271400      -2.324873       8.035539    
 -0.7421806       8.393697       1.997732    
 -0.1432128       5.283190       9.789862    
   9.142059      -2.489925       5.965012    
  -2.861457      -3.780749      -21.40598    
   5.820996      -2.925408      -13.12917    
   6.489163       3.646549       8.118446    
  -5.545062     -0.2461427      0.3873980    
  -6.229199      0.3955859       12.89371    

 1.0 
 0.0
