C     0.0036479232    -1.6414355040     0.0436794683
H     0.8832011223    -3.0380313396     1.5658602715
H     1.4638336897    -1.7995997667    -2.6307291985
H    -2.4571382999    -2.0916304588    -0.3313914537
C    -0.0017487401     1.0320564508     1.0893534422
H    -0.1569490731     1.7106102705     3.2661230564
C     0.0149818547     2.9748153687    -0.5901708603
H    -0.1089923307     2.4263148308    -2.6607859135
H    -0.3739446402     5.4431657791     0.6029201150
 momenta
 -0.1770364      -10.46740      -1.658937    
   4.960095      -9.395932      -2.914713    
  -2.261579       11.29070      -2.127933    
  -6.880892       1.841573      0.3415464    
   4.966099       12.63861       4.161427    
  -12.70008      -4.793423       4.136915    
   1.118072      -2.466899       3.072220    
 -0.3403113       3.058880      -4.487666    
  -3.172797     -0.6950004      -14.32192    

 1.0 
 0.0
