C    -0.0028092398    -1.7464623451     0.0517902523
H     1.2676725388    -3.2833211422     1.8621436357
H     1.3902102709    -2.2002472878    -2.1183273792
H    -2.6255600452    -3.0384652615    -0.4949484766
C     0.0024134191     1.0655299425     1.0473761559
H    -0.1964171976     1.2426211834     3.2258675098
C    -0.0058614286     3.1024961472    -0.5690433383
H    -0.0047414764     2.4672861099    -2.3570654392
H     0.3442662954     5.1446504593     0.2093813866
 momenta
  -2.498912      -8.297249      0.5431277    
   3.355219      -3.609995      -1.050194    
 -0.2757390     -6.1471060E-02  -8.950614    
   11.12543     -0.3986349      -7.411001    
 -0.8939720       5.505478       6.117630    
  -3.546233     -0.5127482     -0.1353526    
  -1.112536       4.437504     -0.3428468    
  -4.590958      -4.777012       5.269407    
   9.608382       3.504141      -9.425862    

 1.0 
 0.0
