C    -0.0096126813    -1.6073614359     0.0501273386
H     0.8912165761    -2.7646753788     1.7402181625
H     1.7541892529    -1.1323193312    -2.3192224503
H    -2.4015867710    -1.9717158079    -0.7531431317
C    -0.0016213633     1.0040472746     1.0975782871
H     0.2990746200     1.4025896788     3.1947023869
C     0.0065702116     2.9756114483    -0.6019464731
H    -0.3322647214     1.9069561958    -2.8107604980
H    -0.0730155036     4.9228134155     0.6387536526
 momenta
  -3.699350       1.752066      -7.819333    
   3.424901       13.39899       4.281575    
   7.283847       5.108811       1.131851    
  -1.365207      -6.685973       8.075604    
  -1.461267      0.8705334       3.103547    
  3.2205299E-02  -1.980492      -6.196078    
  0.5898839      -5.518399       6.374784    
 -0.2625594       5.002627     -0.1741125    
   6.697147      -5.045675      -12.85011    

 1.0 
 0.0
