C     0.0303925164    -1.6737154722     0.0371651649
H     1.1837458611    -2.9519147873     1.6995303631
H     1.1624956131    -1.9336725473    -2.0701780319
H    -2.9510893822    -2.2594122887    -0.0124807069
C    -0.0267272312     1.0266379118     1.0624773502
H    -0.1778340340     1.2164715528     3.2008559704
C     0.0085082129     3.0316021442    -0.5726557970
H     0.0717629716     2.2328763008    -2.7804956436
H     0.1452579647     5.5509629250     0.4301418364
 momenta
  -1.569740       4.057858      -11.49648    
   5.210711      -6.237327       7.212046    
  -4.458820       2.516285       7.619845    
 -3.6276009E-02   3.068018      -1.390799    
 -0.7178252      -1.933221       12.88278    
   11.32720       6.026558      -1.164899    
  -4.854436      -7.320281      -2.199128    
   14.92013       5.212781       2.360578    
  -2.541652       6.918909      -11.85806    

 1.0 
 0.0
