C    -0.0111255227    -1.7078303099     0.0341496132
H     1.2072981596    -2.4898161888     2.0300014019
H     1.1980110407    -1.5971642733    -1.8110345602
H    -2.5579583645    -2.5958986282    -0.2629252970
C     0.0043159020     1.0564744473     1.0291315317
H    -0.0648368150     1.4486664534     2.8533842564
C     0.0197508968     3.0067236423    -0.5305967331
H    -0.0523715205     2.9431679249    -2.6167047024
H    -0.3330563009     5.3430371284     0.0212434586
 momenta
   4.484556       2.387742       2.866328    
   2.634484      -4.959055      -5.543323    
  -4.983889      0.2136954       3.529346    
  -4.059884       2.890944       10.03691    
  -7.491808      -1.228821      -3.521797    
  0.7550339       1.374072      -8.734891    
   6.466964      -5.138272     -0.8566732    
   1.048085       14.45770       2.286565    
  -7.414651     -7.2893113E-02   3.669791    

 1.0 
 0.0
