C    -0.0172602162    -1.7008444071     0.0672657713
H     0.9449692369    -3.1962780952     2.0707743168
H     1.4929629564    -1.8775826693    -2.0651969910
H    -2.1669249535    -2.5320780277    -0.6460336447
C     0.0140686166     1.0283838511     1.0212943554
H     0.1137879491     1.6733549833     3.2312688828
C    -0.0001711712     3.0389986038    -0.5646378398
H    -0.1961266249     2.9019930363    -2.6831982136
H    -0.1264729351     5.6295828819     0.6716820598
 momenta
  -1.639192       6.001686       3.997490    
  -9.621820       3.528398       2.615522    
   2.683602      -7.972819      -6.475131    
  2.5037767E-02  -2.173873      -1.005178    
   12.02929      -10.34283      -4.446334    
  -9.138601      0.5043108      0.2306515    
  -5.670914       2.658041      0.6592799    
   2.511789       4.716185       7.442979    
  -2.776209       7.423750      -3.585183    

 1.0 
 0.0
