C     0.0234446209    -1.7226314545     0.0520317703
H     0.8427504301    -3.5855298042     1.3075826168
H     0.8292353153    -1.9893932343    -1.8743969202
H    -2.4241926670    -2.8909013271    -0.5463466644
C    -0.0228762235     1.0718754530     1.0584019423
H     0.0030903774     1.3163887262     3.1004369259
C     0.0309227332     3.0590448380    -0.5587806106
H    -0.3826818466     2.4308412075    -2.3080050945
H    -0.2466483563     5.6008768082    -0.2350455970
 momenta
  -4.760882      -1.872979     -0.6184157    
   10.79545      -7.604738      -6.682753    
   3.296227       9.798087       7.551676    
   4.388466      -10.75879       10.17766    
  -9.002975       9.887691      -6.577878    
  0.1638577       2.150615      -8.241023    
   11.65919      -8.406518       7.817283    
  -9.712446       1.414933      -7.700706    
  -1.776334       6.315444       2.725634    

 1.0 
 0.0
