C    -0.0002088809    -1.6817259789     0.0307774618
H     1.3588571548    -3.1371090412     1.4209619761
H     1.0702254772    -1.7898515463    -1.9200162888
H    -2.1602447033    -2.7100520134    -0.1560631394
C    -0.0294274203     1.0682334900     1.0829404593
H    -0.0563837178     1.0559544563     3.1478617191
C     0.0161173120     3.0109124184    -0.5830793977
H     0.0724607557     2.1868243217    -2.6435062885
H     0.1954123527     5.7140631676     0.4644338787
 momenta
   4.717340      -2.601866      -3.258043    
  -2.384107     -6.0181845E-02  -9.308598    
  -3.828902       3.088708     -0.5025586    
  -2.654766       8.830428       13.63979    
  -4.199166       3.990762       3.370258    
  -5.762169       2.983697      -8.302146    
   7.399066      -4.305320      -1.314662    
 -0.7912868      -10.17186      0.2722140    
  -11.55965       5.483292       8.419456    

 1.0 
 0.0
