C     0.0068575903    -1.6537498236     0.0804392323
H     0.8804405928    -2.9556190968     1.6285005808
H     1.4111988544    -1.4869257212    -2.0280282497
H    -2.2233762741    -2.4770352840    -0.0311143566
C    -0.0228707641     1.0333255529     0.9984315634
H     0.0950048342     1.2934242487     2.8231248856
C     0.0012667616     2.9941587448    -0.5588746071
H    -0.0055255685     2.8738706112    -2.5267350674
H     0.3811610639     5.0565381050     0.8799849153
 momenta
   3.051370      -7.870791       3.940744    
  -3.606994       3.679606       1.947871    
  -5.705452       4.090365      -2.020495    
   6.481115     -0.9769514      -5.236083    
  -6.361701      -5.193792      -1.890993    
   5.044612       11.55267       5.870079    
   4.213713       6.771277     -0.2947328    
  -8.987258       10.03828      -8.175407    
   3.705584      -6.637026       1.562204    

 1.0 
 0.0
