C     0.0030132916    -1.6664290428     0.0363249220
H     1.1488333941    -3.0500848293     1.7949477434
H     1.4235987663    -1.4291255474    -2.2747797966
H    -2.8728039265    -2.5136094093    -0.4858227670
C    -0.0161075331     1.0304231644     1.0862210989
H     0.2018495202     1.4495760202     3.4297425747
C     0.0277826842     3.0094692707    -0.5857254267
H    -0.1913100034     2.3688683510    -2.4730536938
H    -0.3815816939     5.4918088913     0.0707334056
 momenta
  -3.704279       12.04788      0.5398421    
  -2.183899      0.8276790       3.602923    
  0.7649339      0.8275310       4.864877    
 -2.5268650E-02  -9.258020       3.370372    
   6.921560       1.156561      -6.450753    
  -4.018001      -5.581335      -10.89712    
  -2.112352      -8.593767       4.659142    
   3.083496       8.540863       4.330029    
  -1.701145      -11.12521      -1.290682    

 1.0 
 0.0
