C     0.0007179189    -1.6819332838     0.0361638814
H     1.1929272413    -3.2307589054     1.8757052422
H     1.1290929317    -1.5354254246    -2.0424757004
H    -2.2181458473    -2.3718256950    -0.5696759820
C    -0.0018912924     1.0573827028     1.0715390444
H    -0.1737164259     1.3638788462     3.2714488506
C    -0.0079143252     3.0124466419    -0.5758968592
H    -0.0296359789     2.3368380070    -2.4923448563
H     0.4052240551     5.1502828598     0.2148096710
 momenta
  -6.180954      -3.651517      -2.301018    
   7.337195       3.297175      -7.821993    
   2.637972       6.734107      -4.717214    
   1.706486      -2.010592       1.922604    
  0.8902283       1.771639       7.762582    
  -5.364391       5.703162       5.954479    
   6.089111      -1.017618      -1.140179    
 -0.9491562      -3.802610      -5.957247    
  -7.885330      0.1339648      -4.320712    

 1.0 
 0.0
