C    -0.0037971451    -1.6496865749     0.0074917646
H     0.8609479666    -3.1972255707     1.9942951202
H     1.5658159256    -1.8962427378    -1.7134854794
H    -2.5758831501    -2.4190094471    -0.4864171743
C     0.0107109668     1.0395171642     1.0823818445
H     0.2498949468     1.5170383453     3.3883080482
C    -0.0039159749     3.0061898232    -0.5709611773
H    -0.1033923477     1.8293074369    -2.7721276283
H    -0.1937977970     5.5414967537     0.3774295151
 momenta
  -5.621662      -5.363426     -0.6113139    
   6.744663     -0.1823024       1.804386    
 -0.3316107       2.329830       3.102223    
   6.393250     -7.8053243E-02  7.3155709E-02
   3.960811       11.25194      -4.831546    
  -7.317932      -6.251775     -0.4934958    
  0.5596281      -6.881974       1.909743    
  -2.191555       2.631661       3.932623    
  0.4824294       5.037759       3.674692    

 1.0 
 0.0
