C     0.0061855204    -1.6861120462     0.0695533603
H     1.1085157394    -3.3768339157     1.6742497683
H     1.5824415684    -1.9009753466    -2.2332699299
H    -2.6815786362    -2.6102430820    -0.3594132662
C    -0.0096856514     1.0306682587     1.0540769100
H    -0.3139963746     1.1728452444     3.1795630455
C     0.0241627302     3.0434381962    -0.5876674652
H    -0.6502242088     2.8549342155    -2.6829085350
H     0.0268978011     5.5940322876     0.5183010101
 momenta
  -1.743336      -5.389503       4.371188    
 -0.7429987       3.815144      -3.955266    
   5.453956       2.526778      -1.703506    
  -3.773686      -3.590413      0.9882648    
 -0.2442962       7.270560      -9.967680    
   1.974668      -11.03105       7.479916    
   3.130029       3.291445       6.239034    
  -2.183392      -10.75945      -5.955177    
  -4.568288       1.296012      0.9396101    

 1.0 
 0.0
