C    -0.0068603256    -1.7087839842     0.0518935062
H     0.8527178168    -2.8602318764     1.4798712730
H     1.2242875099    -2.2665765285    -2.1577842236
H    -2.2253596783    -2.5764317513    -0.6022543907
C     0.0176551472     1.0551352501     1.0778708458
H    -0.1024616286     1.0259010792     3.0909776688
C    -0.0065331399     3.0552000999    -0.5742071867
H     0.1812435240     2.4954824448    -2.6479425430
H    -0.1834381223     5.3393282890     0.1158679202
 momenta
  -4.577978       9.324756      -2.525262    
  -4.709406      -8.630453     -0.4610792    
   10.15980       1.083096       2.351661    
 -9.0302110E-02 -0.9529378       8.400072    
   7.454809      -1.048719      0.6875398    
 -0.8676497     -0.9555041     -0.8406635    
  -5.526810      -6.044742     -1.2285501E-02
   8.258669       1.045803      -4.422989    
  -3.721504      0.7950532       1.206887    

 1.0 
 0.0
