C    -0.0258229971    -1.6408915520     0.0408303179
H     1.1017868519    -3.2173006535     1.6630431414
H     1.5907783508    -1.5735164881    -2.0808537006
H    -2.0843024254    -2.4932842255    -0.6933863163
C     0.0093804104     1.0137703419     1.1059755087
H     0.0754825622     1.8970270157     2.9795062542
C     0.0054324325     2.9849760532    -0.6017593741
H    -0.2144562453     2.8020265102    -2.5832090378
H    -0.0930281207     5.5397977829     0.4319417477
 momenta
  0.5491441      0.1677920      8.1856728E-02
  3.8796376E-02  -1.794817       4.303776    
  -6.079645       3.098990      4.7946401E-02
  -7.810648      -2.467602      0.1150997    
   4.985139       9.702764      -3.369448    
  -1.214916      -5.943157      0.1257447    
  -2.161843      -10.30272       2.386597    
   10.87290       8.202686      -6.759953    
  -7.731174      0.6517804       5.103548    

 1.0 
 0.0
