C    -0.0031735769    -1.6651120186     0.0575659275
H     1.2153481245    -3.3099370003     1.5322327614
H     1.3448066711    -1.5743540525    -2.0756685734
H    -2.3676230907    -2.3884212971    -0.5577748418
C    -0.0079195471     1.0329600573     1.0802289248
H     0.0133985197     1.5028131008     3.1059703827
C     0.0002686796     3.0060338974    -0.5953854918
H     0.0161429439     2.7494566441    -2.7006938457
H     0.1474351436     5.3185963631     0.5231283307
 momenta
  0.7886509      -5.645751      0.2410603    
   3.845162       5.261075       1.003473    
  -4.372631      -11.52715      0.2981198    
 -0.8053561      -10.59178      0.8938004    
  -3.060118       2.006709      -2.016751    
  -2.153063      -1.906238      -4.167358    
   3.635713       5.209299      0.1630951    
  -2.801821       4.166086      0.7988182    
   1.302098       9.179275       6.850996    

 1.0 
 0.0
