C    -0.0059312461    -1.6837265491     0.0685531199
H     0.8644000292    -2.9466822147     2.0299100876
H     1.2724647522    -1.7643110752    -1.9241522551
H    -2.1299924850    -2.4669680595    -0.3010016978
C     0.0103408704     1.0456242561     1.0063790083
H    -0.0921906158     0.6697201133     2.9364149570
C    -0.0053027594     3.0270338058    -0.5572153330
H    -0.0367659628     2.7616324425    -2.3486707211
H     0.0833807215     5.4273481369     0.4390521646
 momenta
 -0.4473373       5.978237       1.307132    
   7.565587      -1.987414       1.738385    
  -3.782047      0.4103229       10.61424    
   2.735208       10.55810       6.363531    
   1.427794      -17.08571      -5.619698    
  -8.963191       3.140796       3.702517    
 -0.7203192       6.436153     -2.8100545E-02
 -0.1504678       6.585091      -5.117056    
   1.881047      -2.654895      -2.518120    

 1.0 
 0.0
