C     0.0172073692    -1.6462355852     0.0544343963
H     0.8445314169    -3.0736346245     1.8665702343
H     1.3796181679    -1.5004589558    -2.3451147079
H    -2.4941599369    -2.0196468830    -0.0795807317
C    -0.0165815055     1.0033023357     1.0436778069
H     0.0144510046     1.4493968487     3.2171041965
C     0.0013429971     3.0028507710    -0.5666431785
H     0.0391301885     2.5768826008    -2.6154341698
H     0.0796734989     5.4367790222     0.2356698662
 momenta
  -3.293869      -12.17508      -3.003348    
   6.512917      -3.511796       1.331426    
   2.580671       7.711668       7.754488    
 -0.5962437      -1.484491       2.513560    
  -1.444849       5.404305     -0.1479743    
   5.318373     -0.7453516     -0.9754093    
  -1.914712       5.815183     -0.5454411    
   6.138437      -6.307818      -1.311267    
   2.924834       7.402286       3.481030    

 1.0 
 0.0
