C    -0.0006236573    -1.6656985283     0.0639449805
H     1.0860006809    -3.2264738083     1.8414808512
H     1.2510287762    -2.0248818398    -1.7396254539
H    -2.1630942822    -2.3142957687    -0.4227018952
C    -0.0048699165     1.0213462114     1.0232758522
H     0.1608678401     1.1840019226     2.8718302250
C    -0.0146370456     3.0180344582    -0.5499108434
H     0.1664977521     3.1111636162    -2.6363594532
H     0.2450037450     5.5647377968     0.1153179705
 momenta
  0.8466228     -0.4253660       6.089573    
   6.427311      -3.831519      -1.940484    
  -5.028179      -7.237037      -1.762561    
  -1.008186      -14.86811       11.20761    
  -3.242200       5.862241      -15.17006    
  -11.53212      -10.24726      -6.336685    
   5.113905      -1.881816       7.355779    
  -1.075019       12.20851       1.827362    
   2.519732       11.94753       2.987075    

 1.0 
 0.0
