C     0.0034180020    -1.7037471533     0.0249033086
H     1.3571205139    -3.4030928612     1.9745922089
H     1.0823893547    -1.8418594599    -1.8842928410
H    -2.2879269123    -2.3408436775    -0.0922780782
C    -0.0152691072     1.0520509481     1.0767053366
H    -0.1857302636     1.2065675259     3.2318019867
C     0.0077306251     3.0276041031    -0.5841566920
H     0.0386397205     2.8656003475    -2.6624350548
H     0.0879831538     5.7223711014     0.2827167511
 momenta
   3.096792       10.70247       3.789508    
   3.696626      -2.138231       3.090696    
  -6.402669      -2.103069      0.3881906    
  -1.995890       5.069423       1.136274    
   1.451933       2.318085      -12.92455    
  -5.447811      -1.704855      -14.94390    
  -6.464907      -14.66759       11.83710    
   9.175510       3.878848      0.8004524    
   7.586883       2.508615      0.1066102    

 1.0 
 0.0
