C     0.0324385352    -1.6619439125     0.0392599776
H     0.4490956068    -3.3477382660     1.9845585823
H     1.0751583576    -1.8461854458    -1.7651220560
H    -2.4820315838    -2.2924528122    -0.4603916705
C    -0.0059125652     1.0326304436     1.0529600382
H     0.2699115872     1.3964785337     3.2544627190
C    -0.0168878436     3.0008156300    -0.5752165318
H    -0.0018131465     2.7860424519    -2.5402622223
H     0.2099752724     5.6971178055     0.3990617990
 momenta
   2.639890      -3.196348      -5.167993    
   4.045299      -10.70638       2.517045    
  -1.248462       4.174135      0.7968990    
  -2.920835      -2.450486       1.850894    
  -5.992230      0.3525784       3.365191    
   2.488328       7.966460      -2.253472    
   2.368209       3.862998       5.638005    
  -2.337872      -1.285995       1.084777    
   3.390695      -1.484862      -17.23194    

 1.0 
 0.0
