C     0.0015719715    -1.6955641508     0.0242938977
H     0.9022355676    -3.0413239002     1.8778584003
H     0.9376914501    -1.6366754770    -2.3248093128
H    -2.3565232754    -2.6729884148    -0.3005303741
C     0.0101796109     1.0747114420     1.0964039564
H    -0.3081335127     1.3003650904     3.2521944046
C     0.0099545298     2.9970719814    -0.5862796903
H     0.1459723264     2.6928989887    -2.7801160812
H    -0.2908316851     5.5668034554     0.4242739677
 momenta
  -3.327744       6.119817       1.732921    
  -4.835730       5.551825      0.3725118    
   1.596762       5.011467       3.948624    
   5.407191       1.221587      -3.766517    
   6.688216      -10.12601      0.2830763    
 -0.6926696       1.072008     -0.4927576    
  -5.131055       4.054804     -0.1332610    
   1.635710      -2.858479      -3.197026    
   3.072492      -10.23001      -3.590290    

 1.0 
 0.0
