C     0.0184436459    -1.6630444527     0.0513276868
H     0.7204707861    -3.0470688343     1.4457842112
H     0.9725978971    -1.4864083529    -2.3921325207
H    -2.1343522072    -2.2463786602    -0.1868664473
C    -0.0074967691     1.0361580849     1.0663355589
H    -0.2988334298     1.6118201017     3.3565018177
C    -0.0047205705     2.9921174049    -0.5875933170
H     0.2016659528     2.3009572029    -2.5563158989
H     0.2248862684     5.5206990242     0.6700239182
 momenta
  -5.610869      -6.199422      -5.015189    
   3.911276       4.044517     -0.5221394    
   7.394644      -3.600049       1.901730    
   8.304849       3.162642       9.082544    
  -3.219554       1.668462       2.362563    
   3.175535       2.874055      -1.896565    
   4.230454       1.159697      -1.257096    
  -1.964299       6.441271       6.059432    
  -4.755014      -1.455783      -1.138870    

 1.0 
 0.0
