C    -0.0199643075    -1.6533592939     0.0366686508
H     0.8236954212    -3.2812418938     1.6999506950
H     1.7009607553    -1.4394928217    -2.0160799026
H    -2.1839535236    -2.0986652374    -0.6297686100
C     0.0231344420     1.0480302572     1.0768152475
H     0.2505792081     1.3347489834     3.2498257160
C    -0.0229664389     2.9826171398    -0.5683839321
H     0.2294053882     2.3121941090    -2.4681808949
H    -0.0733597502     5.3205418587    -0.1263402849
 momenta
 -7.6984666E-02   2.436363      -5.820527    
   7.540317     -0.9686660     -0.8965456    
  -1.238495      0.8216406       1.774418    
  -3.344862       1.248359      -5.163298    
  -1.846274       8.486345       6.919461    
   2.354803      -1.715300      0.1497198    
  -1.875373      -4.295785       5.798049    
   3.540641      -7.631570      -7.431759    
   4.305730      -14.93228      -12.38131    

 1.0 
 0.0
