C     0.0114785740    -1.6695653200     0.0442658961
H     0.6332008839    -3.4618220329     1.6458003521
H     1.2207553387    -1.5176491737    -2.1096115112
H    -2.6156680584    -2.3792111874    -0.3230770528
C     0.0088771032     1.0470682383     1.0642019510
H     0.1475438923     1.5058470964     3.1045238972
C    -0.0093955919     2.9981222153    -0.5687990785
H     0.4211383760     2.6822946072    -2.3616871834
H    -0.3319164515     5.3974909782    -0.0222216919
 momenta
 -0.4050815      -1.048857      -2.238281    
   3.752280      -8.334370       2.571557    
 -1.5709396E-02  -15.04952      -1.965328    
  -3.035103      -3.942794      -6.876678    
   6.987679       12.87640      -1.749212    
  -7.380562     -0.3969193       4.777122    
  -8.507545      -7.318314       4.937523    
   5.218083       6.003662      0.5675678    
   7.785358       6.124933      -2.348981    

 1.0 
 0.0
