C     0.0141814761    -1.6848990917     0.0238457546
H     1.5113507509    -3.0209496021     1.7894718647
H     0.8962194920    -2.1399960518    -2.0011343956
H    -2.2913784981    -2.5227756500    -0.1066983119
C    -0.0403010584     1.0639952421     1.0601764917
H    -0.2960909903     1.3611341715     2.9677405357
C     0.0325437747     2.9972329140    -0.5484578013
H    -0.3425440192     2.8621351719    -2.5478889942
H     0.1874058247     5.6453237534     0.0079404246
 momenta
  -3.700264     -1.9592935E-02   4.998837    
   3.985223      -7.822831      -1.309050    
  -1.941555       6.353988     -0.7802132    
  0.9623281     -0.9464168      -6.598426    
   6.534577       3.337561     -3.9338317E-02
  -4.496921     -0.6526852       2.097051    
  -4.597690      -2.948136      -2.727116    
   6.401558       5.551078      -4.906896    
   1.000692      -3.561242       3.625350    

 1.0 
 0.0
