C     0.0041564489    -1.7438970804     0.0397066884
H     0.9939878583    -2.9665563107     1.7236623764
H     0.9174528718    -1.8673319817    -2.6566338539
H    -2.2394587994    -2.8056683540    -0.0614152178
C    -0.0077488595     1.0745995045     1.0720220804
H    -0.3085962534     1.3546068668     3.1272470951
C     0.0130033074     3.0636091232    -0.5658369064
H     0.3475173116     2.4656126499    -2.5837740898
H    -0.1626448333     5.2736830711     0.1275366694
 momenta
 -0.6768814      0.5541157      -5.263206    
  -1.356197      -9.062347       4.562146    
  6.7166975E-03   2.505885       7.760187    
   2.305707       2.306059      -6.984846    
   5.781542      -4.871829       12.92907    
  -3.161853       3.776415       10.67105    
  -4.912773       4.905806      -14.21393    
  -4.515192      -5.007433      -2.986806    
   5.844657       3.557714       9.598779    

 1.0 
 0.0
