C    -0.0104337251    -1.6845881939     0.0414400138
H     1.0403178930    -2.7447068691     1.9263476133
H     1.3709846735    -2.1353857517    -2.3774917126
H    -2.0757048130    -2.2182896137    -0.5530430675
C     0.0107207270     1.0552163124     1.0613449812
H    -0.1763610393     1.3971970081     3.1743938923
C    -0.0067888894     2.9974613190    -0.5681108236
H    -0.0400646850     2.6840279102    -2.4510610104
H     0.0840218961     5.5461764336     0.4242738187
 momenta
  -3.314699      -6.364451      0.5934954    
   1.539243       6.084042       2.678443    
  -1.177516      -2.744667      -5.211674    
   8.365449      -5.916777       5.037584    
  0.7552484      0.7954240      -1.778263    
  -6.522580       5.626164      -9.440679    
   1.235871       5.489307     -0.1621044    
 -0.4753249     -0.2534502     -0.3539086    
   2.944843      -2.572142       11.83688    

 1.0 
 0.0
