C     0.0186552797    -1.6518334150     0.0342223048
H     0.8188650012    -3.0447165966     1.2211140394
H     1.1305452585    -1.6285260916    -2.3373296261
H    -2.5168902874    -2.1958169937    -0.4848332405
C    -0.0073804376     1.0210411549     1.1304143667
H    -0.1813462526     1.4607236385     3.1440393925
C     0.0098537691     3.0170183182    -0.5955646634
H    -0.0469687544     1.9523799419    -2.6912465096
H    -0.1336261630     5.2443370819    -0.1182045117
 momenta
   5.628156       1.482335       4.703444    
 -0.8903486      -17.57473       3.874568    
   11.08281      -12.58393     -7.3141076E-02
  -12.58758       4.524949       4.764983    
  -1.983922       7.021348      -18.15266    
 -0.1442577      -9.508791      0.8256672    
  -2.282491      -2.561321       14.39985    
  -5.748443       6.591022      -5.779986    
   3.417997       8.143753      -6.789580    

 1.0 
 0.0
