C    -0.0193078294    -1.6595041752     0.0447870940
H     1.3536151648    -2.9550397396     2.2087442875
H     1.4322651625    -2.0239295959    -2.1975977421
H    -2.3693404198    -2.2758297920    -0.5227838755
C     0.0066229980     1.0341645479     1.0489302874
H     0.1408741027     1.3945008516     3.1438407898
C    -0.0017012198     3.0115954876    -0.5759475231
H     0.1982261837     2.5854856968    -2.5063207150
H    -0.2303661108     5.0558066368     0.7039869428
 momenta
  0.8648729      -5.030240       8.235506    
  0.8041517      -1.756319      0.1451197    
  -6.846176       3.528557      -4.894681    
  -2.807975      -1.369651      0.5375873    
   6.976908      0.1458559      -14.82290    
  -12.29226       5.277824       7.764881    
  -5.129141       4.815402     -0.7652116    
   9.132344      -3.247482       7.876343    
   2.857353      -1.979192       13.85663    

 1.0 
 0.0
