C     0.0024086155    -1.7017539740     0.0555438474
H     1.2734490633    -2.9157567024     1.9111281633
H     1.2537705898    -1.8562680483    -2.0244977474
H    -2.6072142124    -2.2693893909    -0.4162819386
C    -0.0188554339     0.9980874062     1.0530192852
H     0.2381351888     1.5430879593     3.1694471836
C     0.0191035457     3.0690886974    -0.5900342464
H    -0.0331976712     2.4790351391    -2.3944664001
H    -0.3000959754     5.6575655937     0.5657813549
 momenta
   4.276915       5.339696      -2.828463    
  -7.393008       4.239363       1.532464    
  -6.275365      -3.509442       2.998309    
  9.3828209E-02   14.02437      -3.406428    
   5.413469      -11.70997       3.861639    
  -6.087909       5.324905       6.327998    
 -0.6609648       3.165184      -1.100458    
  -4.769388      -5.006486      -1.225670    
  -6.430597      -3.996867      -6.137551    

 1.0 
 0.0
