C    -0.0141176181    -1.6545821428     0.0687127635
H     1.5845261812    -3.0544660091     1.5767972469
H     1.1547437906    -1.3431856632    -2.5405004025
H    -2.4004878998    -2.4308476448    -0.1579480767
C    -0.0040345681     1.0450036526     1.0310113430
H    -0.4980407953     1.3936852217     3.1358935833
C     0.0177397728     2.9788076878    -0.5537825823
H     0.2682968676     2.6969928741    -2.6170494556
H    -0.1474983841     5.2295470238     0.2773717642
 momenta
  -1.993723      -11.55926       1.491313    
   2.636402       7.830925      -6.105422    
   1.913295      -7.116216      -5.372079    
  -6.065750      -4.209260      -8.995364    
   4.281172       10.06238      0.9062448    
  8.2058767E-03   5.183007      -4.739742    
  -4.052313       2.074554       3.513466    
   7.136955      -2.081005       7.505268    
  0.4440887      -1.733420      -2.628179    

 1.0 
 0.0
