C    -0.0031645284    -1.6843855381     0.0485093221
H     0.9573218822    -3.0175495148     1.3832348585
H     1.4892816544    -1.8390854597    -2.3568701744
H    -2.3887219429    -2.3074009418    -0.3919463754
C    -0.0039807558     1.0491856337     1.0868716240
H     0.0115007842     1.6405558586     2.9586131573
C     0.0100187976     3.0145471096    -0.5789806247
H     0.0054486129     2.6752309799    -2.5437433720
H    -0.2567158937     4.9204087257     0.1988182813
 momenta
 -3.8345311E-02  -5.452483      -3.810109    
  -7.491024      -1.539664      -3.552553    
   5.244411      -5.164176       3.555573    
   7.239421      0.1778364       1.760612    
   2.069208       4.549070       10.43786    
  -2.345482       3.702862      -12.80378    
  -3.444577      -2.651075      -2.117976    
  -5.440883       14.74859      -2.335759    
   7.371110      0.3717914      -2.180263    

 1.0 
 0.0
