C     0.0218761507    -1.6356451511     0.0278976206
H     1.0314699411    -3.2146008015     1.8504813910
H     1.1140068769    -2.1434965134    -2.3244535923
H    -2.3656656742    -2.3789122105    -0.5691279769
C    -0.0222540777     1.0659861565     1.0949373245
H    -0.0400169604     1.2515218258     3.1036078930
C    -0.0000529068     2.9752976894    -0.5766838789
H    -0.1895316690     2.5730168819    -2.6292586327
H     0.3940752745     4.8992695808     0.2419209331
 momenta
   1.819020       1.448832       6.703899    
  -7.855555       3.625770       4.973220    
   1.586761      -5.631938      -14.26752    
  -1.227784       2.407884      0.9318216    
  0.8643820      -13.86022      -2.166130    
   5.451537       1.580354      -1.556233    
  -3.671211       13.60799      -2.812344    
   9.655629      0.3835668       3.078684    
  -3.990553      -6.485092      0.8856108    

 1.0 
 0.0
