C    -0.0061251847    -1.6867359877     0.0410927907
H     0.8732201457    -3.6233129501     1.8345516920
H     1.3576692343    -2.0678799152    -2.1204791069
H    -2.2337040901    -2.7079679966    -0.4504666030
C     0.0010792239     1.0590653419     1.0814089775
H     0.2947193086     1.5294697285     2.9250788689
C    -0.0047197421     3.0263593197    -0.5951132178
H     0.2315595150     2.5017318726    -2.6711161137
H    -0.2087553442     5.6424946785     0.9227439761
 momenta
  0.8321030       8.667803       2.537133    
  -11.03627       8.341540      -9.138752    
   2.146333       13.93959       3.623495    
  -1.244809     -0.6305196      -3.833154    
   3.428125      -1.654473      0.3194268    
 -0.3805150      -1.367485      0.3968709    
   1.450038      -8.192886      -1.789803    
  -7.644604      -9.773576       4.971219    
  -1.422045      -6.190201      0.3115487    

 1.0 
 0.0
