C     0.0016475221    -1.6573396921     0.0221902318
H     1.2206021547    -3.4324195385     1.9187655449
H     0.9737482071    -1.6274697781    -1.6514736414
H    -2.6124038696    -2.9077968597    -0.4499259591
C    -0.0025149421     1.0419098139     1.0742899179
H     0.0698128566     1.4801007509     3.0460445881
C     0.0045144688     3.0077841282    -0.5792446136
H     0.1773198098     2.3531386852    -2.2400674820
H    -0.0658142716     5.6641745567     0.2332352847
 momenta
   1.883936       1.844072     -0.9493088    
  -3.009551      -4.305970      0.6801116    
  0.8310639       1.618971      0.8637289    
  -2.369128      -7.413215       12.60056    
  -3.551623     -8.2498290E-02  -5.119537    
   3.689420      0.7588534      -7.808358    
  -1.171276     -0.6928023       3.918731    
   9.119390      -1.641150      -5.069419    
   1.395999       7.196069       6.185714    

 1.0 
 0.0
