C    -0.0139826322    -1.6773096323     0.0495132171
H     1.3317238092    -3.0436797142     1.8775782585
H     1.2825291157    -1.9815082550    -2.0739095211
H    -2.0465927124    -2.4806768894    -0.5005146265
C     0.0027525087     1.0284126997     1.0707483292
H    -0.1963088363     1.6787577868     2.9902122021
C    -0.0111465706     3.0148286819    -0.5912614465
H     0.0671094358     3.0228853226    -2.7626740932
H     0.4040014446     5.4224510193     0.8439993262
 momenta
  -4.031233       1.933482      0.7394833    
   11.78069      -6.107384      -4.653948    
   5.214569      0.7397413       2.290742    
  2.5412519E-02  -1.950352     -0.1671027    
  -2.512151     -2.5999248E-03  -4.504353    
   1.163385       4.987326      0.7806329    
  -2.284196      -2.825340       7.004831    
   4.595066       1.118850       2.230523    
   7.728016       3.968394      -11.58584    

 1.0 
 0.0
