C    -0.0021206939    -1.7136660814     0.0372223668
H     1.2308738232    -3.0455069542     1.8271709681
H     1.1669654846    -1.6216336489    -2.3496148586
H    -2.3646502495    -2.4550638199    -0.5896527171
C    -0.0076516713     1.0526176691     1.0849150419
H     0.0264310725     1.7548679113     2.9063019753
C    -0.0008447255     3.0161883831    -0.5648224950
H     0.1842544675     2.6562924385    -2.5884613991
H     0.1219942197     5.7659277916     0.0106903408
 momenta
   3.049892      -7.875379      -4.898674    
  -4.232808       6.668612       1.426720    
  -1.033270      -14.50337      -4.304636    
  -14.55773       3.973726      -7.274385    
   12.36292      -3.619184       15.50040    
  -8.010753       9.594470      0.8554521    
  -9.502662       7.448248      -14.82737    
   10.32772     -0.3606557       13.56717    
  -3.035413       8.758310       10.53687    

 1.0 
 0.0
