C    -0.0129860463    -1.6738246679     0.0688631535
H     0.9588317275    -3.2120783329     1.7121199369
H     1.3027819395    -1.6393312216    -2.3095705509
H    -2.1163525581    -2.1584584713    -0.4627654254
C     0.0062907110     1.0520285368     1.0340075493
H     0.1056386381     1.2118870020     3.0431456566
C     0.0074708322     3.0032184124    -0.5660585761
H     0.1548736095     2.4620726109    -2.4224591255
H    -0.4993107617     5.3237738609     0.4866687059
 momenta
 -0.6127005     -0.9193385      -3.292276    
   1.777905       11.79907       5.958397    
  -1.200852       6.120128      0.2164624    
 -0.9675815       2.870898       1.206924    
  -2.956964      -4.749975       2.851360    
   4.465106       3.712728       7.714200    
   4.013785      -2.250676      -4.395699    
  -1.547101       4.209748      -4.764416    
  -3.918500      -1.332042       6.418279    

 1.0 
 0.0
