C    -0.0003468681    -1.6396896839     0.0352589078
H     1.3042248487    -2.8672091961     1.4971376657
H     0.9682249427    -1.6020340919    -1.9635450840
H    -2.4867563248    -2.1434535980    -0.5762974620
C     0.0030758760     1.0175969601     1.1037383080
H    -0.2190412581     1.6192171574     2.9847705364
C     0.0096601406     2.9910418987    -0.5857160687
H     0.1227776185     2.4895997047    -2.6837365627
H    -0.2634716928     4.9991941452     0.1130750999
 momenta
  -4.041443       3.086114      -4.381730    
   4.823115      -5.444119      0.4039490    
  -1.046955      -5.602763     -0.4986458    
   9.300750      -9.553770       4.535894    
  -2.121122      -2.771431      0.6829970    
  -3.698304       5.591295       7.015118    
   5.032876       4.691974       1.423266    
  -4.478566      -7.791088      -1.802231    
 -0.9405240       5.335392      -1.857153    

 1.0 
 0.0
