C    -0.0107483519    -1.7451592684     0.0671133697
H     1.3512210846    -3.3930149078     1.6953049898
H     1.3411808014    -2.1131451130    -1.7246470451
H    -2.1861679554    -2.6546378136    -0.1515682936
C    -0.0147346854     1.0813659430     1.0007007122
H     0.0753601044     1.1117907763     3.0908908844
C     0.0054246848     3.0580132008    -0.5516040921
H     0.1003896892     3.1610145569    -2.5302751064
H     0.0603505038     5.3439846039     0.5146292448
 momenta
 -0.8347698       3.978804      -7.819469    
  -2.443226       5.437104      -5.193887    
   5.789889      0.7100775      0.2869669    
  -2.706645       1.484243       9.201632    
   2.893489       7.190675       8.547202    
  -2.552427      -2.052738       1.045352    
  -5.160379      -12.97079      -3.232537    
   10.02439      -1.402299     -0.7403069    
   2.615676       2.048259       4.161875    

 1.0 
 0.0
