C     0.0112086618    -1.6990568638     0.0580352582
H     0.6706983447    -3.3649566174     2.0043280125
H     1.0279058218    -1.9196760654    -1.9008239508
H    -2.3655312061    -2.2934298515    -0.4570750594
C     0.0120347319     1.0695997477     1.0241682529
H     0.0586996414     1.1312685013     2.8793177605
C    -0.0041610184     3.0178532600    -0.5586633682
H     0.0816117823     2.7099912167    -2.6365406513
H    -0.3379995525     5.4410467148     0.6999279261
 momenta
   9.646368      -3.843935       5.876105    
  -2.276603     -0.5446746      -8.215561    
  -15.84668      -3.548117      -2.586109    
 -0.3917936      -8.735376       2.476443    
  -5.761121      -5.189976     -0.7642189    
  -11.17003      -4.381114      -1.421037    
   2.770910       10.04471     -0.3143963    
  -2.983047       7.174728       2.047094    
   9.484934       6.721679      -8.700415    

 1.0 
 0.0
