C       1.4971341936    -0.4905104543     0.1494569943
C       0.5120885588     0.6552114730    -0.1360165405
C      -0.8585463715     0.4979501585     0.5180162150
C      -1.6650889551    -0.7536214320     0.1877563574
O      -2.9176809833    -0.6687612126     0.7159613810
H      -3.3415439527     0.1389873970     0.4108514191
F      -1.7274153972    -0.8926748290    -1.1756000495
H      -1.2009778767    -1.6442685859     0.5910200470
F      -1.5992788005     1.5896880919     0.1338960237
H      -0.7255977012     0.5482161535     1.5936236329
F       0.4151748459     0.7957479293    -1.4600802676
F       1.0733165167     1.7752700132     0.3601585511
F       1.5590517486    -0.7092011791     1.4624967712
F       1.0986052189    -1.6110262982    -0.4373530024
F       2.7023284056    -0.1863619210    -0.2877918381