C  1.2510687020 -0.0000186979 0.0000185379
C  -1.2510682562 -0.0000053236 -0.0000182654
H  -2.3234465962 1.7342574495 0.0000351592
H  -2.3236781459 -1.7341345324 0.0000234710
H  2.3235423397 1.7342073473 -0.0000359771
H  2.3235797280 -1.7341861362 -0.0000242881
momentum
19.96127689691446  -15.891987002672872  -5.7123892989954195
-0.1326139090609346  3.777686524706603  4.706461453532963
-5.518100280084873  -15.24067310966298  1.8038919449893926
0.9153956984220327  16.753913155562405  -4.093303545744611
-5.313622508506025  2.258399133140494  -1.3024429738326562
-9.703185430221895  8.223906270771135  4.591896472287168
