C  1.2510687020 -0.0000186979 0.0000185379
C  -1.2510682562 -0.0000053236 -0.0000182654
H  -2.3234465962 1.7342574495 0.0000351592
H  -2.3236781459 -1.7341345324 0.0000234710
H  2.3235423397 1.7342073473 -0.0000359771
H  2.3235797280 -1.7341861362 -0.0000242881
momentum
25.82438354570595  -19.729307607684213  15.602967683044263
-29.70804520204534  1.6104939471030548  -17.892870552861005
-0.1456358230107731  10.061377742252787  5.767823426338611
2.1217320803082567  -2.81640689346486  4.343317627053384
-3.2705443365125895  0.14669514618105658  -4.626320640330565
5.154643691998409  10.483911821911104  -3.1926328678447073
