C  1.2510687020 -0.0000186979 0.0000185379
C  -1.2510682562 -0.0000053236 -0.0000182654
H  -2.3234465962 1.7342574495 0.0000351592
H  -2.3236781459 -1.7341345324 0.0000234710
H  2.3235423397 1.7342073473 -0.0000359771
H  2.3235797280 -1.7341861362 -0.0000242881
momentum
34.11537840182482  4.280208092448808  -1.3081632837387327
-5.790604889493292  -3.4369706120305494  4.824636649490723
-8.537444807948948  8.824014260550962  -4.624102648019606
-1.6843150668393085  -5.105525433623829  1.2304530517164403
-8.1815802215533  -2.4017288476460434  2.871161858766732
-9.527008819462269  -2.1383176902038006  -2.9850749813018886
