C  1.2510687020 -0.0000186979 0.0000185379
C  -1.2510682562 -0.0000053236 -0.0000182654
H  -2.3234465962 1.7342574495 0.0000351592
H  -2.3236781459 -1.7341345324 0.0000234710
H  2.3235423397 1.7342073473 -0.0000359771
H  2.3235797280 -1.7341861362 -0.0000242881
momentum
-26.142144273409645  55.752777452379114  -16.911076162877716
39.554241773302195  -22.205993060119305  4.1191132299666915
7.2569407525190535  4.4671075140209835  -4.469694266365047
-10.767888887164924  -2.442784995413287  5.2077261664023995
-10.910782810736295  -23.272090505478204  10.846410728403525
1.251306649317573  -11.961664707452742  1.1632254410876
