C  1.2510687020 -0.0000186979 0.0000185379
C  -1.2510682562 -0.0000053236 -0.0000182654
H  -2.3234465962 1.7342574495 0.0000351592
H  -2.3236781459 -1.7341345324 0.0000234710
H  2.3235423397 1.7342073473 -0.0000359771
H  2.3235797280 -1.7341861362 -0.0000242881
momentum
-17.993775280162406  -8.200989752549077  1.487174275828946
16.153971109785076  4.102022276977519  10.76673002720451
-9.437760679948317  14.49629128966038  1.177556761947165
8.352440689104636  -4.617733066295093  -9.76513457934634
-4.504938147758785  -4.489730135511646  -7.286054238308721
7.447660723331671  -1.3213667956496822  3.6540933651143415
