C  1.2510687020 -0.0000186979 0.0000185379
C  -1.2510682562 -0.0000053236 -0.0000182654
H  -2.3234465962 1.7342574495 0.0000351592
H  -2.3236781459 -1.7341345324 0.0000234710
H  2.3235423397 1.7342073473 -0.0000359771
H  2.3235797280 -1.7341861362 -0.0000242881
momentum
5.675171654118408  -6.095732196942226  15.125838150837698
-27.462347764573522  13.753165875790716  -12.924854244881594
6.681381637257939  -6.116591678695282  4.237576349798797
3.0117736766791556  -4.862907282494108  2.1788311875399926
6.606629789557276  -8.687236191283265  -5.334753567978722
5.22697413029471  12.086474544870706  -3.268319071181617
