C  1.2510687020 -0.0000186979 0.0000185379
C  -1.2510682562 -0.0000053236 -0.0000182654
H  -2.3234465962 1.7342574495 0.0000351592
H  -2.3236781459 -1.7341345324 0.0000234710
H  2.3235423397 1.7342073473 -0.0000359771
H  2.3235797280 -1.7341861362 -0.0000242881
momentum
6.9327085289113874  -1.9860201563859936  -5.525645683550413
-13.820824700975809  4.60229164931112  -9.129486962610034
-5.277928375667395  -9.409631122663928  3.682808949869188
-8.446130711884626  5.367060511649901  4.580502896459814
9.979549374946403  0.6487727703187928  3.6226863903101916
10.520123788761039  0.8048301598762203  2.725980338807027
