C  1.2510687020 -0.0000186979 0.0000185379
C  -1.2510682562 -0.0000053236 -0.0000182654
H  -2.3234465962 1.7342574495 0.0000351592
H  -2.3236781459 -1.7341345324 0.0000234710
H  2.3235423397 1.7342073473 -0.0000359771
H  2.3235797280 -1.7341861362 -0.0000242881
momentum
-17.952545476100806  4.4799491969383185  -11.15064908704868
21.587427017130054  -8.811614549644647  -11.303730691627395
-6.05962483315622  -3.8061908544275926  7.962433263517238
0.12817791368766504  7.2385329076752685  3.2606655162887788
7.317079929145048  -5.680625481303338  3.2309397888047178
-4.9772211824203065  6.572301835122778  7.932749499192328
