C  1.2510687020 -0.0000186979 0.0000185379
C  -1.2510682562 -0.0000053236 -0.0000182654
H  -2.3234465962 1.7342574495 0.0000351592
H  -2.3236781459 -1.7341345324 0.0000234710
H  2.3235423397 1.7342073473 -0.0000359771
H  2.3235797280 -1.7341861362 -0.0000242881
momentum
-19.25759731229979  -2.961497570482215  11.115368049353394
15.225193948153832  -6.703341323590443  -8.88117182555672
-4.837505349197309  -0.18011895990267365  5.495459277951043
1.8186978216063898  7.7212676821275865  -1.2526380866484044
4.495369717634674  -9.428577715807231  -6.609192636500289
2.5191972678742016  11.455951163008727  0.1443862357403068
