C  1.2510687020 -0.0000186979 0.0000185379
C  -1.2510682562 -0.0000053236 -0.0000182654
H  -2.3234465962 1.7342574495 0.0000351592
H  -2.3236781459 -1.7341345324 0.0000234710
H  2.3235423397 1.7342073473 -0.0000359771
H  2.3235797280 -1.7341861362 -0.0000242881
momentum
-20.98067217586319  22.82796083363009  -2.986670518830762
5.7041467660407905  -17.34433708996837  4.098481999254959
-1.5727599863697481  10.292944138544248  0.6631651080536485
0.8612017748358322  -3.4489898748537127  -3.1143695478799653
10.721491989203221  -8.947557900009388  -1.2173964333855907
5.104709375229296  -3.2882887843023156  2.5581960206516183
