C  1.2510687020 -0.0000186979 0.0000185379
C  -1.2510682562 -0.0000053236 -0.0000182654
H  -2.3234465962 1.7342574495 0.0000351592
H  -2.3236781459 -1.7341345324 0.0000234710
H  2.3235423397 1.7342073473 -0.0000359771
H  2.3235797280 -1.7341861362 -0.0000242881
momentum
18.85257346068683  -3.0704952200294047  -1.4194541741237086
-7.213961804024612  11.676200216914639  4.773689417575254
0.46480225882742976  -11.767535885310298  0.46277591416669506
-2.3844855559727636  5.791643723335692  -3.7917933455470134
-9.19041435958386  -4.8998074224158294  -2.134841976790884
-0.3856417572707095  2.3453329799447786  2.1180296010172053
