C  1.2510687020 -0.0000186979 0.0000185379
C  -1.2510682562 -0.0000053236 -0.0000182654
H  -2.3234465962 1.7342574495 0.0000351592
H  -2.3236781459 -1.7341345324 0.0000234710
H  2.3235423397 1.7342073473 -0.0000359771
H  2.3235797280 -1.7341861362 -0.0000242881
momentum
9.115311445635157  0.7638047331810793  19.329773079667458
-23.319346945612672  3.0540970774424  -11.484199579073723
3.4403407564228177  2.826121254611634  1.095039324681774
7.730096470891551  -6.147383805875325  3.250464077599904
4.692222555671221  -0.3710711668902024  -5.006010452236782
-1.8334813244476005  -0.05404619923331563  -7.152988392474337
