C  1.2510687020 -0.0000186979 0.0000185379
C  -1.2510682562 -0.0000053236 -0.0000182654
H  -2.3234465962 1.7342574495 0.0000351592
H  -2.3236781459 -1.7341345324 0.0000234710
H  2.3235423397 1.7342073473 -0.0000359771
H  2.3235797280 -1.7341861362 -0.0000242881
momentum
5.004595012694553  -16.21367012972794  14.885352066126828
-2.695421190283763  17.25838682794343  -14.658831140673204
-9.615772194152074  -7.369743518878502  -0.7749622219609021
4.105879898060414  5.349443091185581  8.57462016028995
-1.452410301494863  -1.779054424155425  0.6620429052061585
4.6715350247182394  2.790365068850756  -8.679440742613004
