C  1.2510687020 -0.0000186979 0.0000185379
C  -1.2510682562 -0.0000053236 -0.0000182654
H  -2.3234465962 1.7342574495 0.0000351592
H  -2.3236781459 -1.7341345324 0.0000234710
H  2.3235423397 1.7342073473 -0.0000359771
H  2.3235797280 -1.7341861362 -0.0000242881
momentum
21.47867373822011  22.863183511049076  16.45166881892678
-32.031080055060784  -20.868018085745  13.355228201803367
7.749446318505468  6.002438238323445  -5.717749209417826
-6.37234375065562  0.5906756587338317  -8.29656361520507
2.9202407870185896  -2.709082829316901  -9.140809395795543
6.13132628933383  -5.890185104055838  -6.561146185014571
