C  1.2510687020 -0.0000186979 0.0000185379
C  -1.2510682562 -0.0000053236 -0.0000182654
H  -2.3234465962 1.7342574495 0.0000351592
H  -2.3236781459 -1.7341345324 0.0000234710
H  2.3235423397 1.7342073473 -0.0000359771
H  2.3235797280 -1.7341861362 -0.0000242881
momentum
-45.45782629856132  -18.531867067855092  -3.2324825465787512
38.07509052047162  13.375194047840123  7.781831355414088
3.997163224495289  -2.9901461088451997  -2.4226759534110287
11.940499051214351  4.255713504243816  -2.792694539805021
-10.040901670022274  2.734772367437056  0.15485297792233
1.376674042407079  1.0926468852564926  0.5218522896721356
