C  1.2510687020 -0.0000186979 0.0000185379
C  -1.2510682562 -0.0000053236 -0.0000182654
H  -2.3234465962 1.7342574495 0.0000351592
H  -2.3236781459 -1.7341345324 0.0000234710
H  2.3235423397 1.7342073473 -0.0000359771
H  2.3235797280 -1.7341861362 -0.0000242881
momentum
12.357111173482268  8.419363758148592  -5.170343519118644
-18.85445621501564  -9.347625874288036  -25.831478290762846
1.0255547110920946  -5.002491832018797  11.8180912547111
8.985702462413254  12.900500860031336  9.15399042578909
-1.398754479675234  -6.120042865084517  3.6361301595521094
-2.2125510634727283  -0.8236404876593211  6.30589467673389
