C  1.2510687020 -0.0000186979 0.0000185379
C  -1.2510682562 -0.0000053236 -0.0000182654
H  -2.3234465962 1.7342574495 0.0000351592
H  -2.3236781459 -1.7341345324 0.0000234710
H  2.3235423397 1.7342073473 -0.0000359771
H  2.3235797280 -1.7341861362 -0.0000242881
momentum
-16.589873151395075  18.053697631016934  7.385029771890634
33.43095596644027  7.084194935794649  2.594597480204042
-19.80296861739017  -6.694648534524193  -8.260050862097646
3.324100370250153  1.3791086782746214  4.573240559655357
5.96379928930554  -0.1919419290579756  3.285266795164909
-6.134053547328411  -19.223345322383736  -9.54671145984147
