C  1.2510687020 -0.0000186979 0.0000185379
C  -1.2510682562 -0.0000053236 -0.0000182654
H  -2.3234465962 1.7342574495 0.0000351592
H  -2.3236781459 -1.7341345324 0.0000234710
H  2.3235423397 1.7342073473 -0.0000359771
H  2.3235797280 -1.7341861362 -0.0000242881
momentum
20.343393621194416  -18.291406101267928  -20.704140112949137
-0.1021343408175116  10.823772118386774  13.554147882247571
3.5546153325455316  -2.5291658382583946  -5.533771702647725
-6.710103247536992  0.4196245416222715  -0.08057516939436313
-16.25959928837069  17.63123201968435  9.0979997574101
-0.6055434515606511  -8.207680536389173  3.6354122460878804
