C  1.2510687020 -0.0000186979 0.0000185379
C  -1.2510682562 -0.0000053236 -0.0000182654
H  -2.3234465962 1.7342574495 0.0000351592
H  -2.3236781459 -1.7341345324 0.0000234710
H  2.3235423397 1.7342073473 -0.0000359771
H  2.3235797280 -1.7341861362 -0.0000242881
momentum
-0.10729956769751799  -6.585536671848552  -5.05215245366599
26.042068424676984  9.170274612458238  -24.230867470538865
-5.481640407689004  -3.5997734568743263  2.7455394901070718
0.7671051207914502  -1.4238883109257892  16.973573989087807
-7.9327568462376075  9.022455306044336  11.851869538374563
-12.979394304389709  -6.52769639243586  -2.3709076374107587
