C  1.2510687020 -0.0000186979 0.0000185379
C  -1.2510682562 -0.0000053236 -0.0000182654
H  -2.3234465962 1.7342574495 0.0000351592
H  -2.3236781459 -1.7341345324 0.0000234710
H  2.3235423397 1.7342073473 -0.0000359771
H  2.3235797280 -1.7341861362 -0.0000242881
momentum
2.0180155313352466  -4.598310149298925  -24.120184452364267
-26.943606087936683  30.640726019571954  22.649905816082658
6.808915160170645  -18.34835885735042  -7.22882840491078
7.074416883937451  -3.680007526158454  -4.564855858674957
5.142510494419319  -3.3359341841944876  7.9617534479969425
5.559200713907238  -0.3603814088671148  5.284960153332269
