C  1.2510687020 -0.0000186979 0.0000185379
C  -1.2510682562 -0.0000053236 -0.0000182654
H  -2.3234465962 1.7342574495 0.0000351592
H  -2.3236781459 -1.7341345324 0.0000234710
H  2.3235423397 1.7342073473 -0.0000359771
H  2.3235797280 -1.7341861362 -0.0000242881
momentum
26.3253187052626  2.906722803235129  -0.025420865935805472
-12.883723614810735  5.883713380573036  22.108177435468875
-6.805601060706686  -3.881225768326243  -9.76988928207557
-12.24490359563175  -5.292240714670709  -7.154921759590045
5.534156594827924  14.291283124354369  -1.2382318391826328
0.20902171938731826  -13.80129541906189  -3.859266685763937
