C  1.2510687020 -0.0000186979 0.0000185379
C  -1.2510682562 -0.0000053236 -0.0000182654
H  -2.3234465962 1.7342574495 0.0000351592
H  -2.3236781459 -1.7341345324 0.0000234710
H  2.3235423397 1.7342073473 -0.0000359771
H  2.3235797280 -1.7341861362 -0.0000242881
momentum
28.02754684241001  -24.856381205815335  -9.237964440294096
8.003806461653662  22.503906274268  11.246634245148961
-14.538848851030576  -8.284283778113126  -3.9051131400131025
-17.484439007943667  -2.928873115179065  -2.5813321802696705
-3.6446287533658865  8.939831957885415  2.903803342713463
0.08181428931982875  4.562406755448956  1.5744070872777494
