C  1.2510687020 -0.0000186979 0.0000185379
C  -1.2510682562 -0.0000053236 -0.0000182654
H  -2.3234465962 1.7342574495 0.0000351592
H  -2.3236781459 -1.7341345324 0.0000234710
H  2.3235423397 1.7342073473 -0.0000359771
H  2.3235797280 -1.7341861362 -0.0000242881
momentum
-42.684701698184334  1.350079093684922  22.056739324186545
42.247309159534645  -1.1381125339337232  -21.553661529664346
4.015760146565122  -6.586818202835701  7.395467467190772
-11.99701992005323  2.445091601309428  4.03365340270456
2.4423470664373923  -1.8084073406695547  -7.6462487171709625
5.967235869855738  5.68702815818269  -4.272480047187531
