C  1.2510687020 -0.0000186979 0.0000185379
C  -1.2510682562 -0.0000053236 -0.0000182654
H  -2.3234465962 1.7342574495 0.0000351592
H  -2.3236781459 -1.7341345324 0.0000234710
H  2.3235423397 1.7342073473 -0.0000359771
H  2.3235797280 -1.7341861362 -0.0000242881
momentum
39.570539308157095  4.89643968327054  -11.701887081210732
-33.18580854271146  -17.757886189917183  -6.113319643482797
-6.869123483823145  1.229522243477454  7.131578834989956
4.993767370488375  8.897304527551775  0.24353216388512797
6.821323337950362  -3.921143391497909  1.749194396747331
-11.25314469652206  6.574335674769645  8.63570911405892
