C  1.2510687020 -0.0000186979 0.0000185379
C  -1.2510682562 -0.0000053236 -0.0000182654
H  -2.3234465962 1.7342574495 0.0000351592
H  -2.3236781459 -1.7341345324 0.0000234710
H  2.3235423397 1.7342073473 -0.0000359771
H  2.3235797280 -1.7341861362 -0.0000242881
momentum
-42.714544725094086  15.60634115461572  -3.955781782175561
26.283489789255214  -14.964242510926914  -11.654020397507711
-1.9020801500968978  -1.0167328897015502  4.290292404704425
2.4390456804778107  6.692673924976928  5.544990435264867
12.9280099155368  2.3848546140848  3.491099946914797
2.725778349977862  -8.64150123906015  2.2385121791326807
