C  1.2510687020 -0.0000186979 0.0000185379
C  -1.2510682562 -0.0000053236 -0.0000182654
H  -2.3234465962 1.7342574495 0.0000351592
H  -2.3236781459 -1.7341345324 0.0000234710
H  2.3235423397 1.7342073473 -0.0000359771
H  2.3235797280 -1.7341861362 -0.0000242881
momentum
14.837369924638056  13.589948207465024  -2.7072940804116814
-13.601181621710818  -26.82163986568816  -1.5399153493063453
4.296633825479708  10.544093511041666  2.529508232162477
-12.939510362777977  -0.0036128502613067015  -0.7270770668217061
4.1450516166760165  2.781732207394157  -0.41229991704701535
3.288120233026654  -0.29358681385086416  2.843965376802545
