C  1.2510687020 -0.0000186979 0.0000185379
C  -1.2510682562 -0.0000053236 -0.0000182654
H  -2.3234465962 1.7342574495 0.0000351592
H  -2.3236781459 -1.7341345324 0.0000234710
H  2.3235423397 1.7342073473 -0.0000359771
H  2.3235797280 -1.7341861362 -0.0000242881
momentum
-4.390430130671497  -17.56829231410876  12.446420840450694
4.431162998878839  23.058792210556458  -5.808493267042792
-20.256944973208082  -2.6821400734081022  1.5050275964078346
8.42299788510785  -2.749340492435182  0.07833205490140603
9.420650585483582  2.9592858642784865  -4.813994504236171
2.359051271480085  -2.8600536255294893  -3.382294874432733
