C  1.2510687020 -0.0000186979 0.0000185379
C  -1.2510682562 -0.0000053236 -0.0000182654
H  -2.3234465962 1.7342574495 0.0000351592
H  -2.3236781459 -1.7341345324 0.0000234710
H  2.3235423397 1.7342073473 -0.0000359771
H  2.3235797280 -1.7341861362 -0.0000242881
momentum
-16.841682784653514  11.854149029344432  5.910115615203293
15.077510634295354  1.6476787555107701  -14.479607071677105
1.261861509094552  -1.4480943082217257  3.3245681739190487
3.55635569892181  -7.407781905376229  6.403704132988731
6.194648699088466  2.51045600134516  0.9472716936906369
-9.279381275247468  -6.950974689302043  -2.126274977361809
