C  1.2510687020 -0.0000186979 0.0000185379
C  -1.2510682562 -0.0000053236 -0.0000182654
H  -2.3234465962 1.7342574495 0.0000351592
H  -2.3236781459 -1.7341345324 0.0000234710
H  2.3235423397 1.7342073473 -0.0000359771
H  2.3235797280 -1.7341861362 -0.0000242881
momentum
18.264531183103156  9.29697572277267  -3.277777645232016
-25.457853509295873  -3.867073371324494  -10.359495947700609
4.441866874552131  -9.756550152623426  9.195410128406632
-3.2885875768251944  1.5850808139110955  -0.5075459073704033
11.13684735001432  3.485950813758032  -2.3973113945802784
-5.222273033088623  -0.6578479602888894  7.307585901696338
