C  1.2510687020 -0.0000186979 0.0000185379
C  -1.2510682562 -0.0000053236 -0.0000182654
H  -2.3234465962 1.7342574495 0.0000351592
H  -2.3236781459 -1.7341345324 0.0000234710
H  2.3235423397 1.7342073473 -0.0000359771
H  2.3235797280 -1.7341861362 -0.0000242881
momentum
28.207804736282494  -9.01217300262309  41.8314424682549
-28.080489801682873  1.2112417706154548  -24.91823982407272
-4.008895874572028  1.9737149622104535  6.400925022960421
2.5443156317055498  5.14180394136299  3.053201150373617
-4.0640928860841985  1.164989991925225  -14.832054654322317
5.398799172987882  -0.5736187158251199  -11.466033171458013
