C  1.2510687020 -0.0000186979 0.0000185379
C  -1.2510682562 -0.0000053236 -0.0000182654
H  -2.3234465962 1.7342574495 0.0000351592
H  -2.3236781459 -1.7341345324 0.0000234710
H  2.3235423397 1.7342073473 -0.0000359771
H  2.3235797280 -1.7341861362 -0.0000242881
momentum
22.789615725005124  11.696106414672926  -10.98322471643426
-40.8646979960309  30.200506796788794  -4.172955756405385
2.3001236278262085  -4.821458422863967  5.905967951573745
-5.480982310137027  -19.9242358407762  -0.18222430534755052
5.401180729798523  -8.442057632732833  1.6492967118448145
15.65986174332146  -8.251374914213141  7.735622118722242
