C  1.2510687020 -0.0000186979 0.0000185379
C  -1.2510682562 -0.0000053236 -0.0000182654
H  -2.3234465962 1.7342574495 0.0000351592
H  -2.3236781459 -1.7341345324 0.0000234710
H  2.3235423397 1.7342073473 -0.0000359771
H  2.3235797280 -1.7341861362 -0.0000242881
momentum
3.0326309605814665  2.5194374832500284  -4.699997155039872
-6.171303523462582  13.928320388871047  -1.3370065465630319
-2.015640088718575  4.293875170671988  -1.5107594652962304
-8.64590952996263  -12.621951992851427  3.6164694589236905
-0.26037511868028884  -4.624550357159125  4.520169443053099
14.059360607898219  -3.3537618427727023  -0.6079813535923903
