C  1.2510687020 -0.0000186979 0.0000185379
C  -1.2510682562 -0.0000053236 -0.0000182654
H  -2.3234465962 1.7342574495 0.0000351592
H  -2.3236781459 -1.7341345324 0.0000234710
H  2.3235423397 1.7342073473 -0.0000359771
H  2.3235797280 -1.7341861362 -0.0000242881
momentum
-39.510135075873244  0.19185563466405414  -2.7160187571099197
8.502250850306117  -14.552811653222  12.12502634510439
21.858875171605433  1.144743381547454  -7.059862222966011
-4.273451042352793  2.578673721989216  -1.600446738312717
3.149697914525702  3.413139451487098  2.369528621119371
9.865741069955416  6.970481237512285  -3.093955132476416
