C  1.2510687020 -0.0000186979 0.0000185379
C  -1.2510682562 -0.0000053236 -0.0000182654
H  -2.3234465962 1.7342574495 0.0000351592
H  -2.3236781459 -1.7341345324 0.0000234710
H  2.3235423397 1.7342073473 -0.0000359771
H  2.3235797280 -1.7341861362 -0.0000242881
momentum
-49.80990283308924  4.3016180268401705  -7.669980229228287
18.589317922483904  -4.0997397613475055  -4.478810380430501
16.347705814587698  -15.305646251390826  2.531949811247114
-8.207742748065893  5.9946798075952294  2.6633976611356047
14.315244607423638  -1.1106053039791455  3.524149122182191
8.333302917192578  10.175155254820208  3.391826499857078
