C  1.2510687020 -0.0000186979 0.0000185379
C  -1.2510682562 -0.0000053236 -0.0000182654
H  -2.3234465962 1.7342574495 0.0000351592
H  -2.3236781459 -1.7341345324 0.0000234710
H  2.3235423397 1.7342073473 -0.0000359771
H  2.3235797280 -1.7341861362 -0.0000242881
momentum
-6.226958013479428  -1.065166933989719  6.3769785809759805
-25.193304277728245  -6.069147163688211  -15.045670190524183
-1.7572573527902762  -6.884975357160194  1.7842762279231903
9.614540803322091  11.67721014392512  8.270033138436442
17.384137382819887  -0.5709321154112688  2.5370143184027945
5.738517855755629  2.900182755254936  -3.9428701554954633
