C  1.2510687020 -0.0000186979 0.0000185379
C  -1.2510682562 -0.0000053236 -0.0000182654
H  -2.3234465962 1.7342574495 0.0000351592
H  -2.3236781459 -1.7341345324 0.0000234710
H  2.3235423397 1.7342073473 -0.0000359771
H  2.3235797280 -1.7341861362 -0.0000242881
momentum
5.004027859509882  -9.343339897556977  4.9542742592377795
-8.989326392148069  -17.621102972174334  -10.611678221560082
-5.887504004128237  10.764612905117813  -2.6749081065961082
5.8407333147352185  7.213894011217655  9.661091827252369
4.620221258989017  3.6793678262889347  5.495089901067014
-0.6434345711659953  5.0270926362803  -6.8366430501935245
