C  1.2510687020 -0.0000186979 0.0000185379
C  -1.2510682562 -0.0000053236 -0.0000182654
H  -2.3234465962 1.7342574495 0.0000351592
H  -2.3236781459 -1.7341345324 0.0000234710
H  2.3235423397 1.7342073473 -0.0000359771
H  2.3235797280 -1.7341861362 -0.0000242881
momentum
-16.12244969445279  3.9113041418335563  9.518224132937767
5.0103397741686235  -1.7082813424442511  7.261872125054584
6.4923576274635275  -4.204673062885499  -7.324476728774141
-3.358939076227384  0.7361709037862866  -0.42758478535429073
4.160844909886619  -3.101137330183012  -1.0403001709178281
3.6755332441179744  4.368170103812182  -7.93657359679166
