C  1.2510687020 -0.0000186979 0.0000185379
C  -1.2510682562 -0.0000053236 -0.0000182654
H  -2.3234465962 1.7342574495 0.0000351592
H  -2.3236781459 -1.7341345324 0.0000234710
H  2.3235423397 1.7342073473 -0.0000359771
H  2.3235797280 -1.7341861362 -0.0000242881
momentum
-8.698783676236948  6.100895137280223  4.088998987788498
-19.61792818055561  11.489448770161436  10.696908832356705
4.747861645692661  7.195183164927681  -1.172806358778296
5.063959973247042  -9.951967239342194  -7.96017405616653
-0.6316367764990497  -10.57932254096377  -6.19787961783023
18.82205564617734  -4.081775496243306  0.5876767007628922
