C  1.2510687020 -0.0000186979 0.0000185379
C  -1.2510682562 -0.0000053236 -0.0000182654
H  -2.3234465962 1.7342574495 0.0000351592
H  -2.3236781459 -1.7341345324 0.0000234710
H  2.3235423397 1.7342073473 -0.0000359771
H  2.3235797280 -1.7341861362 -0.0000242881
momentum
-16.142040128482353  21.540530273068608  -1.410725631302018
-11.410459028469344  -4.890830440277776  28.09440561965235
3.747287209427971  -1.5514577778406387  -6.40110714837277
9.420692594464397  -3.716615382398566  -14.789155882813011
15.363008211012845  0.801739614845986  -6.900546580759697
-1.3509224238601467  -11.912722157057289  1.4794141242806127
