C  1.2510687020 -0.0000186979 0.0000185379
C  -1.2510682562 -0.0000053236 -0.0000182654
H  -2.3234465962 1.7342574495 0.0000351592
H  -2.3236781459 -1.7341345324 0.0000234710
H  2.3235423397 1.7342073473 -0.0000359771
H  2.3235797280 -1.7341861362 -0.0000242881
momentum
-12.63000845532311  9.171580125277176  27.724126813365285
9.634626140499208  0.06144023550295647  7.4694936095174
7.323830960142804  -7.659978735767011  -3.57494640325167
-3.82905476571703  0.2555898889537593  -8.526638887618102
1.1608393416045508  11.740226717566118  -13.968861367793762
-1.7466533948086  -13.46799339114901  -9.01161662651838
