C  1.2510687020 -0.0000186979 0.0000185379
C  -1.2510682562 -0.0000053236 -0.0000182654
H  -2.3234465962 1.7342574495 0.0000351592
H  -2.3236781459 -1.7341345324 0.0000234710
H  2.3235423397 1.7342073473 -0.0000359771
H  2.3235797280 -1.7341861362 -0.0000242881
momentum
32.03267541942951  -1.1037149792414163  13.310472469555307
-20.77679495152716  -13.350992921901101  4.373123608775839
2.241697336236224  0.4657626519224543  3.6523241616184916
2.023442648326214  3.3155303524627153  -10.06503023131047
1.0818862974675647  8.205540443555343  -12.46749027897935
-16.485051031206854  2.3304343811479487  1.2523140451066235
