C  1.2510687020 -0.0000186979 0.0000185379
C  -1.2510682562 -0.0000053236 -0.0000182654
H  -2.3234465962 1.7342574495 0.0000351592
H  -2.3236781459 -1.7341345324 0.0000234710
H  2.3235423397 1.7342073473 -0.0000359771
H  2.3235797280 -1.7341861362 -0.0000242881
momentum
-1.3451183537747973  3.3917497186876107  4.3277062100230586
10.945896342081415  -1.4807141683870322  -22.52533876152115
-8.271524243772763  11.752278965628292  8.363119226144558
-7.827322875822196  -12.690586298527089  7.890883945861159
5.287929410355673  -2.219081419938412  0.7082909764847598
1.3757311749272068  1.2655862281162626  1.1878872888327274
