C  1.2510687020 -0.0000186979 0.0000185379
C  -1.2510682562 -0.0000053236 -0.0000182654
H  -2.3234465962 1.7342574495 0.0000351592
H  -2.3236781459 -1.7341345324 0.0000234710
H  2.3235423397 1.7342073473 -0.0000359771
H  2.3235797280 -1.7341861362 -0.0000242881
momentum
-31.45527370928179  7.711265760459815  2.3198312920940705
23.808757537617627  -17.349147000865404  15.337300977329024
-9.926583281472906  9.740771069631945  -3.4476321436664223
7.605429816842738  12.971562354968288  -8.831790369934295
-1.3286120441953502  2.088541263829525  -5.354341924374305
11.183317643911481  -15.234180663048543  0.02624791656318294
