C  1.2510687020 -0.0000186979 0.0000185379
C  -1.2510682562 -0.0000053236 -0.0000182654
H  -2.3234465962 1.7342574495 0.0000351592
H  -2.3236781459 -1.7341345324 0.0000234710
H  2.3235423397 1.7342073473 -0.0000359771
H  2.3235797280 -1.7341861362 -0.0000242881
momentum
-16.298666059685427  14.743406485344359  15.357777371013837
20.87898943220043  -12.549126208292506  16.133389944320914
-1.7146530743591641  3.4324429112038315  -6.1041058220737945
-9.907418797738998  2.140911564174126  -9.78596555441069
0.26346099072283297  7.165083052555586  -9.594051378793374
6.818749538913232  -14.929138177839976  -5.912404259552233
