C  1.2510687020 -0.0000186979 0.0000185379
C  -1.2510682562 -0.0000053236 -0.0000182654
H  -2.3234465962 1.7342574495 0.0000351592
H  -2.3236781459 -1.7341345324 0.0000234710
H  2.3235423397 1.7342073473 -0.0000359771
H  2.3235797280 -1.7341861362 -0.0000242881
momentum
23.22761426466011  10.441582947815192  30.801799028373182
-28.809259999905553  -2.565979899399795  -31.905987611800423
5.344090941056544  -6.282179723364063  1.0613571100753636
4.119324312968019  1.5123137585886806  16.2827928377482
3.2367227657053377  -0.1616463988565434  -0.5109257529753375
-7.208143236954581  -2.82256836341445  -15.715171846152513
