C  1.2510687020 -0.0000186979 0.0000185379
C  -1.2510682562 -0.0000053236 -0.0000182654
H  -2.3234465962 1.7342574495 0.0000351592
H  -2.3236781459 -1.7341345324 0.0000234710
H  2.3235423397 1.7342073473 -0.0000359771
H  2.3235797280 -1.7341861362 -0.0000242881
momentum
-18.95162262821882  -10.225228617675175  -14.304225501780289
14.842167508708773  8.787349459129105  16.63476112111426
-10.884491380317224  6.383808298969896  -5.504935663198598
-0.6527375416496887  -7.78809753327265  -3.941669332649252
8.964380351268638  8.373154458852623  4.343177696331814
6.62442381512639  -5.516983056009747  2.7714302839231215
