C  1.2510687020 -0.0000186979 0.0000185379
C  -1.2510682562 -0.0000053236 -0.0000182654
H  -2.3234465962 1.7342574495 0.0000351592
H  -2.3236781459 -1.7341345324 0.0000234710
H  2.3235423397 1.7342073473 -0.0000359771
H  2.3235797280 -1.7341861362 -0.0000242881
momentum
-1.7413567019412213  8.373328017908653  8.217545499110054
-0.34773840663903327  4.479716883250849  -16.943569173134446
-3.6665969905044427  1.7799074359753941  -0.12184750498915957
-9.40696810188585  -9.116169983947435  11.20593617397785
7.412148639920959  -10.195625214046524  4.471717740082643
7.766332940584192  4.807402486921579  -6.849168703502722
