C  1.2510687020 -0.0000186979 0.0000185379
C  -1.2510682562 -0.0000053236 -0.0000182654
H  -2.3234465962 1.7342574495 0.0000351592
H  -2.3236781459 -1.7341345324 0.0000234710
H  2.3235423397 1.7342073473 -0.0000359771
H  2.3235797280 -1.7341861362 -0.0000242881
momentum
21.591653397275266  -21.42305316824019  -1.885748801732991
-16.080999439411926  15.688289439306848  -16.909656448960558
8.723878775187286  -6.702888524881165  8.834233201708665
-0.04841294671245323  -10.429125168814622  4.549400280714138
1.9784758442642092  12.986914387250414  0.535163090429231
-16.120503897184015  9.807968116884956  4.824114407160389
