C  1.2510687020 -0.0000186979 0.0000185379
C  -1.2510682562 -0.0000053236 -0.0000182654
H  -2.3234465962 1.7342574495 0.0000351592
H  -2.3236781459 -1.7341345324 0.0000234710
H  2.3235423397 1.7342073473 -0.0000359771
H  2.3235797280 -1.7341861362 -0.0000242881
momentum
-32.07849378974864  -13.292179153118727  -11.369516502853585
34.416161514582434  13.32465239787648  -13.254886618423386
3.2965000444466304  -14.89842831646452  10.763008576463298
-5.2057195830775145  3.741689517504489  2.0046824120971833
0.8984354002233823  5.701911613368725  1.5121080397154312
-1.3351875964758027  5.401631963700397  10.270951027029895
