C  1.2510687020 -0.0000186979 0.0000185379
C  -1.2510682562 -0.0000053236 -0.0000182654
H  -2.3234465962 1.7342574495 0.0000351592
H  -2.3236781459 -1.7341345324 0.0000234710
H  2.3235423397 1.7342073473 -0.0000359771
H  2.3235797280 -1.7341861362 -0.0000242881
momentum
-18.63784666247659  -23.107934969536732  21.406336159112378
5.77162321259294  4.594312380994217  -20.463424075837526
-4.4800052324586375  3.56801616786566  3.035333507788405
5.044853740690457  2.9813728506331847  7.708578560378363
4.427811999189246  -0.609979443852632  -3.5053695011076464
7.714823176483838  12.362973276938579  -8.16713709749285
