C  1.2510687020 -0.0000186979 0.0000185379
C  -1.2510682562 -0.0000053236 -0.0000182654
H  -2.3234465962 1.7342574495 0.0000351592
H  -2.3236781459 -1.7341345324 0.0000234710
H  2.3235423397 1.7342073473 -0.0000359771
H  2.3235797280 -1.7341861362 -0.0000242881
momentum
8.590053700489527  -5.700805009838904  9.742695562639753
6.406407116429018  6.969722044984659  7.5720274571465715
-8.588600218091623  -0.5218876744302077  -4.44969745073378
-3.5168438613350603  -4.736255205442902  -3.5915515864442527
2.8635011528431655  7.343415589021651  -4.1815876690693425
-5.575659533380451  -3.311904763070308  -5.039138503724688
