C  1.2510687020 -0.0000186979 0.0000185379
C  -1.2510682562 -0.0000053236 -0.0000182654
H  -2.3234465962 1.7342574495 0.0000351592
H  -2.3236781459 -1.7341345324 0.0000234710
H  2.3235423397 1.7342073473 -0.0000359771
H  2.3235797280 -1.7341861362 -0.0000242881
momentum
17.238179061878395  -10.428130274023008  4.494830592284116
-18.05348978222737  -2.1256657940435852  -13.688407258666249
0.8500866880671463  -4.41253917684805  3.6672060188225526
4.137267194483821  15.94000922352387  5.780919392808114
-10.56281265323805  5.749311081722911  0.9157365663769744
6.340985724045822  -4.887481725155204  -1.1929923674082166
