C  1.2510687020 -0.0000186979 0.0000185379
C  -1.2510682562 -0.0000053236 -0.0000182654
H  -2.3234465962 1.7342574495 0.0000351592
H  -2.3236781459 -1.7341345324 0.0000234710
H  2.3235423397 1.7342073473 -0.0000359771
H  2.3235797280 -1.7341861362 -0.0000242881
momentum
13.945283012697896  -3.2589365748330605  -9.971420218124681
-9.53032222545184  -25.385643127120634  -4.524372355569393
2.4291787359910253  13.93416279717281  1.471657882431027
-7.893545769554057  7.08515600058916  4.288313018308168
-5.918787848032159  4.880668057181424  5.754407391503821
7.032492709423689  2.34415613087431  2.9362590955766366
