C  1.2510687020 -0.0000186979 0.0000185379
C  -1.2510682562 -0.0000053236 -0.0000182654
H  -2.3234465962 1.7342574495 0.0000351592
H  -2.3236781459 -1.7341345324 0.0000234710
H  2.3235423397 1.7342073473 -0.0000359771
H  2.3235797280 -1.7341861362 -0.0000242881
momentum
1.815215807129631  -10.171615418298861  14.720521870556754
10.273891098789294  11.04118236729224  -7.448780437489252
-17.07703108770205  -2.3965652273154423  4.400835250866472
12.435706467378413  0.8353901155800155  -2.0847662603712402
5.1227942018222805  3.5399899157127814  -8.025754549579338
-12.436657803105783  -2.7196357862641967  -1.5340759269633233
