C  1.2510687020 -0.0000186979 0.0000185379
C  -1.2510682562 -0.0000053236 -0.0000182654
H  -2.3234465962 1.7342574495 0.0000351592
H  -2.3236781459 -1.7341345324 0.0000234710
H  2.3235423397 1.7342073473 -0.0000359771
H  2.3235797280 -1.7341861362 -0.0000242881
momentum
26.544791964064036  -6.249779266361324  -14.391580791668684
-24.632409696253852  1.73366799434532  6.128144920886875
6.139502536779012  0.5065699029927154  1.0109830405642115
-5.811424128939345  -0.41561987775932924  -2.39140989078377
-7.112182115285793  0.9411948561151576  3.108289961286358
4.903271915014197  3.365660650603137  6.5050579678227844
