C  1.2510687020 -0.0000186979 0.0000185379
C  -1.2510682562 -0.0000053236 -0.0000182654
H  -2.3234465962 1.7342574495 0.0000351592
H  -2.3236781459 -1.7341345324 0.0000234710
H  2.3235423397 1.7342073473 -0.0000359771
H  2.3235797280 -1.7341861362 -0.0000242881
momentum
26.735264150614547  2.7668590745635413  9.624930004853148
-11.396364665955035  -18.805964978524354  4.546115294303522
-2.330323630512283  9.964586132651066  -2.444086445567396
-9.52359306044713  -0.32194823276630224  -3.252782380707636
0.16547333828574898  2.1281309518744154  -4.620094268319437
-3.438159813870913  4.0559670270872905  -3.8100061142344184
