C  1.2510687020 -0.0000186979 0.0000185379
C  -1.2510682562 -0.0000053236 -0.0000182654
H  -2.3234465962 1.7342574495 0.0000351592
H  -2.3236781459 -1.7341345324 0.0000234710
H  2.3235423397 1.7342073473 -0.0000359771
H  2.3235797280 -1.7341861362 -0.0000242881
momentum
-15.034197102033675  -5.365282680688148  -18.936799668909885
25.667747040977673  -17.577056711415022  26.72650007068515
-5.4401614137809915  4.705165717785224  -4.26098262989705
-2.757935307046465  11.481097283968076  -11.847678410860658
-1.9271659123337999  0.8209370036493191  0.3778639055181167
-0.37695222137062984  5.663470947945383  7.9520423345794224
