C  1.2510687020 -0.0000186979 0.0000185379
C  -1.2510682562 -0.0000053236 -0.0000182654
H  -2.3234465962 1.7342574495 0.0000351592
H  -2.3236781459 -1.7341345324 0.0000234710
H  2.3235423397 1.7342073473 -0.0000359771
H  2.3235797280 -1.7341861362 -0.0000242881
momentum
5.95359659241624  13.610031261739104  18.670255517094137
-3.750923244064878  6.635555480812664  -16.154363644584556
4.6457778979802224  -5.955353264882512  -0.22776844411562883
-8.40786469011882  -4.366658748249591  8.30153374325694
-2.843856953789103  -8.00031406331952  -1.0263884983552616
4.4515167563682905  -1.7325056181509213  -9.546144463369913
