C  1.2510687020 -0.0000186979 0.0000185379
C  -1.2510682562 -0.0000053236 -0.0000182654
H  -2.3234465962 1.7342574495 0.0000351592
H  -2.3236781459 -1.7341345324 0.0000234710
H  2.3235423397 1.7342073473 -0.0000359771
H  2.3235797280 -1.7341861362 -0.0000242881
momentum
27.112935689227733  7.512281865044339  23.507221270719953
-17.111310477287276  -13.993307218928459  0.38289083017730446
9.515111516471494  -2.4347336232378685  -2.2468848847819847
-3.9852005790459355  2.4525809509404906  -3.457087528778995
-2.544880917919371  10.288741280452609  -9.662192081177338
-12.892616281870566  -3.913549292799396  -8.445650530809566
