C  1.2510687020 -0.0000186979 0.0000185379
C  -1.2510682562 -0.0000053236 -0.0000182654
H  -2.3234465962 1.7342574495 0.0000351592
H  -2.3236781459 -1.7341345324 0.0000234710
H  2.3235423397 1.7342073473 -0.0000359771
H  2.3235797280 -1.7341861362 -0.0000242881
momentum
-33.66685270491678  12.741290374405763  -3.6901864504081345
8.512576992565318  -0.23595472182323537  -15.040335316899233
4.816455877670075  -2.714167325764673  2.945567911568593
10.597121377806284  0.9880370038620844  9.421855452592999
6.328733639504432  -22.4966893307387  6.39148435496565
3.1360120771907187  11.890408629469986  -0.0816918513914053
