C  1.2510687020 -0.0000186979 0.0000185379
C  -1.2510682562 -0.0000053236 -0.0000182654
H  -2.3234465962 1.7342574495 0.0000351592
H  -2.3236781459 -1.7341345324 0.0000234710
H  2.3235423397 1.7342073473 -0.0000359771
H  2.3235797280 -1.7341861362 -0.0000242881
momentum
-12.711072929542508  -0.14166479977222046  4.758400472620669
8.183597002474354  11.568001031806942  -12.223304556953895
5.06682519884329  1.3250648642538745  2.649426289940016
3.9912833467697055  -8.138626077842927  5.616041964674931
-5.4482270829236645  -6.913986538074789  1.0717834267983846
0.8922641231338468  2.4142433412037776  -1.8901771752858798
