C  1.2510687020 -0.0000186979 0.0000185379
C  -1.2510682562 -0.0000053236 -0.0000182654
H  -2.3234465962 1.7342574495 0.0000351592
H  -2.3236781459 -1.7341345324 0.0000234710
H  2.3235423397 1.7342073473 -0.0000359771
H  2.3235797280 -1.7341861362 -0.0000242881
momentum
7.979965621768484  7.20937380872324  3.435379567924702
-7.065738463555777  -21.60095177531339  30.892072595315685
5.719922248480688  -7.016830226742476  -7.667220517951641
-4.004672468239624  16.991902176367514  -16.780971068348165
0.2539589829200404  5.484768340084726  -9.44480759354319
-2.920196740193351  -1.245439591080501  -0.33858354891075315
