C  1.2510687020 -0.0000186979 0.0000185379
C  -1.2510682562 -0.0000053236 -0.0000182654
H  -2.3234465962 1.7342574495 0.0000351592
H  -2.3236781459 -1.7341345324 0.0000234710
H  2.3235423397 1.7342073473 -0.0000359771
H  2.3235797280 -1.7341861362 -0.0000242881
momentum
16.042966628723878  -5.016298215432796  -0.39498126053193666
-28.57660655974449  15.381721811870559  -8.836159587467783
-7.709232754828311  -3.664989723499844  3.8600448608194324
4.077667042512237  -5.257232245104216  2.997688484847262
11.728105046154669  -4.200402163576078  0.7416232426262108
4.282729961944891  2.927313406561188  1.6062935380958965
