C  1.2510687020 -0.0000186979 0.0000185379
C  -1.2510682562 -0.0000053236 -0.0000182654
H  -2.3234465962 1.7342574495 0.0000351592
H  -2.3236781459 -1.7341345324 0.0000234710
H  2.3235423397 1.7342073473 -0.0000359771
H  2.3235797280 -1.7341861362 -0.0000242881
momentum
-16.231749473089415  13.379079414170086  -0.34832139772227994
19.028116672280948  -28.876179832546327  -10.750460394268494
-3.6726676334345356  12.956577142008644  4.83125847867761
-3.7869382750830867  7.711496649287675  3.4817255861754384
0.007382089171939298  -9.245621476674948  0.7014173844985125
4.727277583653858  3.8802751400978885  2.0538017405414037
