C  1.2510687020 -0.0000186979 0.0000185379
C  -1.2510682562 -0.0000053236 -0.0000182654
H  -2.3234465962 1.7342574495 0.0000351592
H  -2.3236781459 -1.7341345324 0.0000234710
H  2.3235423397 1.7342073473 -0.0000359771
H  2.3235797280 -1.7341861362 -0.0000242881
momentum
-24.204977496770876  -12.916009899496414  -10.241518888015978
3.3626135668205985  18.829223353787746  13.534785032845814
17.106665471973276  -6.715006070046019  -9.571356097118588
-1.3609262267345543  -8.33143843601502  1.5636142625810117
-2.0094290189917183  4.4179009377085725  7.929682762873595
6.8319485972796965  4.710609918450282  -3.211805223997294
