C  1.2510687020 -0.0000186979 0.0000185379
C  -1.2510682562 -0.0000053236 -0.0000182654
H  -2.3234465962 1.7342574495 0.0000351592
H  -2.3236781459 -1.7341345324 0.0000234710
H  2.3235423397 1.7342073473 -0.0000359771
H  2.3235797280 -1.7341861362 -0.0000242881
momentum
6.718414722544934  2.170281311496761  20.04502025252748
-28.526627800907317  -0.6754616988298834  -14.926308558362413
9.116894523537107  -7.065614828589843  6.408298721669107
-3.7899700308107707  3.222712667760132  0.40857469472966845
6.7594009161536865  8.327410361740762  -8.959945665597777
9.400587288960423  -5.988202952454937  -2.950635199839564
