C  1.2510687020 -0.0000186979 0.0000185379
C  -1.2510682562 -0.0000053236 -0.0000182654
H  -2.3234465962 1.7342574495 0.0000351592
H  -2.3236781459 -1.7341345324 0.0000234710
H  2.3235423397 1.7342073473 -0.0000359771
H  2.3235797280 -1.7341861362 -0.0000242881
momentum
-3.0513211341630986  -2.7927055376243266  7.088365464318636
-3.078787026613497  20.11949391006541  -19.57502686006553
-2.932185847047434  -6.828435184459887  11.610389214993125
16.537157923728664  1.006848608522316  1.7488038033728905
-5.862373657389515  1.5489072361165086  -5.385863730065081
-1.7147963951544252  -12.789112200577081  4.483030725503725
