C  1.2510687020 -0.0000186979 0.0000185379
C  -1.2510682562 -0.0000053236 -0.0000182654
H  -2.3234465962 1.7342574495 0.0000351592
H  -2.3236781459 -1.7341345324 0.0000234710
H  2.3235423397 1.7342073473 -0.0000359771
H  2.3235797280 -1.7341861362 -0.0000242881
momentum
7.453905189767823  -31.71629245701771  -9.034526484845399
-2.227876314467581  31.3275910404122  15.784901855594436
-12.171337954439242  -10.489911046973848  -9.029771971195359
3.977649975286532  -1.7494677204578772  -0.978949967406512
3.7223010877307057  2.3855819905475992  5.664750513788837
-0.7033316968489178  10.277224024587074  -2.3928750613652627
