C  1.2510687020 -0.0000186979 0.0000185379
C  -1.2510682562 -0.0000053236 -0.0000182654
H  -2.3234465962 1.7342574495 0.0000351592
H  -2.3236781459 -1.7341345324 0.0000234710
H  2.3235423397 1.7342073473 -0.0000359771
H  2.3235797280 -1.7341861362 -0.0000242881
momentum
10.392500779953671  -9.92435795442458  11.769292302232023
7.876349649541555  -20.199526909783355  8.099792478546023
-9.987964458322981  10.138440098799085  -13.232987727593892
1.982487467847543  10.995299198385922  4.321101137211589
-3.7005220952844433  13.916512647160197  3.32836865765785
-6.362320973779643  -5.243933271768426  -14.224714313555614
