C  1.2510687020 -0.0000186979 0.0000185379
C  -1.2510682562 -0.0000053236 -0.0000182654
H  -2.3234465962 1.7342574495 0.0000351592
H  -2.3236781459 -1.7341345324 0.0000234710
H  2.3235423397 1.7342073473 -0.0000359771
H  2.3235797280 -1.7341861362 -0.0000242881
momentum
17.02823392733893  -5.066213996586309  -21.686413638882993
-14.42190671383953  36.70451796991612  19.719234063876964
-5.200909383544467  -13.604438406230258  -3.796172212883262
2.5070609373389394  -6.996795871106035  -6.313365189445785
-4.32933548297479  -22.261926300726056  4.7767993805444
4.502393605779119  11.590607443822387  7.282642124732264
