C  1.2510687020 -0.0000186979 0.0000185379
C  -1.2510682562 -0.0000053236 -0.0000182654
H  -2.3234465962 1.7342574495 0.0000351592
H  -2.3236781459 -1.7341345324 0.0000234710
H  2.3235423397 1.7342073473 -0.0000359771
H  2.3235797280 -1.7341861362 -0.0000242881
momentum
39.597050354797005  14.45416069293257  24.592590241037176
-39.76965114453755  -1.8310188837216195  13.498058124481314
-2.1426007716615483  -5.3599660393436315  -3.798336640460561
2.6819691137613995  6.9052721199114  -12.199185088833945
-2.3630459956935317  0.15365433035189122  -15.18962210801326
1.9698160507290328  -14.147947063310525  -6.785732395353541
