C  1.2510687020 -0.0000186979 0.0000185379
C  -1.2510682562 -0.0000053236 -0.0000182654
H  -2.3234465962 1.7342574495 0.0000351592
H  -2.3236781459 -1.7341345324 0.0000234710
H  2.3235423397 1.7342073473 -0.0000359771
H  2.3235797280 -1.7341861362 -0.0000242881
momentum
-8.301933774239858  3.8083369362887396  15.55786433298868
-8.511455417821052  -4.9159443477981455  -0.9128491538746224
8.235603445293885  -0.23118209635375325  6.810048930264395
4.576803449948698  1.6262143157267213  -9.691995603154316
2.0413266815223348  -2.7693343223538975  -14.110500774069747
1.7453132371882254  2.46373335380339  2.3960587575635666
