C  1.2510687020 -0.0000186979 0.0000185379
C  -1.2510682562 -0.0000053236 -0.0000182654
H  -2.3234465962 1.7342574495 0.0000351592
H  -2.3236781459 -1.7341345324 0.0000234710
H  2.3235423397 1.7342073473 -0.0000359771
H  2.3235797280 -1.7341861362 -0.0000242881
momentum
5.469481150969448  -13.591206055221459  -15.077952543477444
-8.521359681481298  9.086641022879798  -9.11555061436147
0.6135530836527592  3.7849652127423408  3.2523672287492085
-0.6202372957814182  -9.136404623799217  7.198964563279564
2.9251396832313685  3.40162730981369  8.807948351438565
0.1062107223210588  6.3899473790180865  4.859716586554834
