C  1.2510687020 -0.0000186979 0.0000185379
C  -1.2510682562 -0.0000053236 -0.0000182654
H  -2.3234465962 1.7342574495 0.0000351592
H  -2.3236781459 -1.7341345324 0.0000234710
H  2.3235423397 1.7342073473 -0.0000359771
H  2.3235797280 -1.7341861362 -0.0000242881
momentum
34.772492037975766  0.1386026301824393  4.153346620137938
-7.057204326485956  -7.692133253949625  12.963667351558303
-14.348279609611044  5.91141614042101  -3.6692844320047735
-5.743952491606091  -2.8970353794360335  -7.214413362924466
4.4534934075980726  11.206589202970017  -4.863443918343805
-11.73859633986251  -6.703126358820259  -1.3207300972737337
