C  1.2510687020 -0.0000186979 0.0000185379
C  -1.2510682562 -0.0000053236 -0.0000182654
H  -2.3234465962 1.7342574495 0.0000351592
H  -2.3236781459 -1.7341345324 0.0000234710
H  2.3235423397 1.7342073473 -0.0000359771
H  2.3235797280 -1.7341861362 -0.0000242881
momentum
-22.641589495912804  32.26392606002112  -9.921970078742365
11.377831218875823  -22.49410490922841  17.75277158127609
4.626133347488516  7.7094227853994655  -9.520887459442156
-6.925541778555962  0.6116421671215673  -1.7905822671966412
2.90260014094303  -12.847224694236903  5.617280083932122
10.55634024863747  -5.1635771644941775  -2.120611386180722
