C  1.2510687020 -0.0000186979 0.0000185379
C  -1.2510682562 -0.0000053236 -0.0000182654
H  -2.3234465962 1.7342574495 0.0000351592
H  -2.3236781459 -1.7341345324 0.0000234710
H  2.3235423397 1.7342073473 -0.0000359771
H  2.3235797280 -1.7341861362 -0.0000242881
momentum
-6.964491950642558  1.5295829765324038  -12.566398703381982
-5.315235100709847  2.491246393429282  11.128418282330419
2.0952940100140163  -3.41241542817381  -12.193013393949105
1.588988100502148  -0.5318602814430583  6.563218013808261
6.248439401330208  -5.7162785231203515  12.909837971310651
2.1971637794555874  5.694523088608819  -5.852888726190605
