C  1.2510687020 -0.0000186979 0.0000185379
C  -1.2510682562 -0.0000053236 -0.0000182654
H  -2.3234465962 1.7342574495 0.0000351592
H  -2.3236781459 -1.7341345324 0.0000234710
H  2.3235423397 1.7342073473 -0.0000359771
H  2.3235797280 -1.7341861362 -0.0000242881
momentum
2.7548466887671332  -5.4378104516335  24.95431338262936
-20.572782558209198  -7.6128060281863705  14.631313941392882
4.920263725581144  6.963760365722381  -7.787525540622592
2.992778976289426  6.867001072900486  -9.16111402664669
-5.246979428979644  1.0143275211686757  -11.945671212768012
14.924366793319383  -1.991104165523765  -10.56925295716024
