C  1.2510687020 -0.0000186979 0.0000185379
C  -1.2510682562 -0.0000053236 -0.0000182654
H  -2.3234465962 1.7342574495 0.0000351592
H  -2.3236781459 -1.7341345324 0.0000234710
H  2.3235423397 1.7342073473 -0.0000359771
H  2.3235797280 -1.7341861362 -0.0000242881
momentum
22.36659601091926  -18.90974362064345  4.3972664912392245
-0.8108743677458192  17.82674673921411  -17.6085461183306
-20.481070357900567  -1.3455094161286654  8.731168030445463
-2.781251086444621  -10.666786477221942  3.7414954445531254
13.559348895339363  5.052172601486821  -2.1454247223622627
-11.57727354251437  8.111749868339617  2.8502801586533124
