C  1.2510687020 -0.0000186979 0.0000185379
C  -1.2510682562 -0.0000053236 -0.0000182654
H  -2.3234465962 1.7342574495 0.0000351592
H  -2.3236781459 -1.7341345324 0.0000234710
H  2.3235423397 1.7342073473 -0.0000359771
H  2.3235797280 -1.7341861362 -0.0000242881
momentum
-2.7100941083675765  -8.514152817792427  -10.44010431170414
15.832104347172695  -14.156017161927526  -24.520728329273574
-9.510300522842016  15.146708825115914  13.011588039247771
1.8306869730808462  3.3506790859475606  8.169670122167314
-4.668579502266473  -2.3832097322191346  4.4161764248540685
-0.574451129186609  6.296985861316198  9.261954162114778
