C  1.2510687020 -0.0000186979 0.0000185379
C  -1.2510682562 -0.0000053236 -0.0000182654
H  -2.3234465962 1.7342574495 0.0000351592
H  -2.3236781459 -1.7341345324 0.0000234710
H  2.3235423397 1.7342073473 -0.0000359771
H  2.3235797280 -1.7341861362 -0.0000242881
momentum
35.26139974494508  24.202938656529753  -10.799725963651804
-32.021431602235495  -12.289310073794951  21.46548878311379
-2.531304122271614  5.645720516668305  -5.471755290527806
-1.2623809203974945  1.4794445310036395  -8.480913641779466
-3.408605244176563  -14.127755375566318  0.15493677660925478
4.045448951166147  -4.774454039228084  3.1552504966255084
