C  1.2510687020 -0.0000186979 0.0000185379
C  -1.2510682562 -0.0000053236 -0.0000182654
H  -2.3234465962 1.7342574495 0.0000351592
H  -2.3236781459 -1.7341345324 0.0000234710
H  2.3235423397 1.7342073473 -0.0000359771
H  2.3235797280 -1.7341861362 -0.0000242881
momentum
-0.5498217129562663  -8.867212476241702  -5.606435711756475
5.626933601977978  7.650414326170652  19.600064504120628
-1.2317593940820473  0.9545137684262149  -1.768872374182288
-2.8241506564687926  -6.51053805060431  -11.950596398386693
1.0583915682167853  2.30622995164373  -5.206867279842612
-2.0069278485474813  4.44331397832789  4.967947067767527
