C  1.2510687020 -0.0000186979 0.0000185379
C  -1.2510682562 -0.0000053236 -0.0000182654
H  -2.3234465962 1.7342574495 0.0000351592
H  -2.3236781459 -1.7341345324 0.0000234710
H  2.3235423397 1.7342073473 -0.0000359771
H  2.3235797280 -1.7341861362 -0.0000242881
momentum
9.08470144187315  -5.830716511799368  4.582563987174595
1.4180377677132006  11.154487677854034  -16.519475751969104
-3.124944486099075  3.931213078059216  9.5247021488526
-1.9526259509370216  -9.300023203992817  2.071289739852473
-4.460762779076794  0.9802610165737575  -3.5742235432095533
-0.8095535489371338  -0.8865828058801583  3.8849734161576617
