C  1.2510687020 -0.0000186979 0.0000185379
C  -1.2510682562 -0.0000053236 -0.0000182654
H  -2.3234465962 1.7342574495 0.0000351592
H  -2.3236781459 -1.7341345324 0.0000234710
H  2.3235423397 1.7342073473 -0.0000359771
H  2.3235797280 -1.7341861362 -0.0000242881
momentum
29.855802279943738  2.3789108093159816  31.136261425681493
-0.4088951755759322  -4.630890375313387  -4.325645809517692
-7.097886857474511  1.6341226022196271  5.080806934871739
-5.467276968148017  4.8398696078083585  -8.934941715633288
-12.119536353261049  9.678200995272986  -18.445737309796762
-4.409086606764712  -13.93309477509668  -4.420267741738227
