C  1.2510687020 -0.0000186979 0.0000185379
C  -1.2510682562 -0.0000053236 -0.0000182654
H  -2.3234465962 1.7342574495 0.0000351592
H  -2.3236781459 -1.7341345324 0.0000234710
H  2.3235423397 1.7342073473 -0.0000359771
H  2.3235797280 -1.7341861362 -0.0000242881
momentum
24.133848323244518  9.208497875888616  -7.180303037040775
-22.541275654032273  -4.202408341167492  -14.071424812313936
1.0699432889636626  -1.3418191640192496  3.6882748813062474
-0.44059916009701683  1.8973653948127118  8.740481221776399
-1.0992328734834853  -12.124397165395536  6.90558342914015
-1.0738775264249791  6.6154691433322155  1.8552661023145367
