C  1.2510687020 -0.0000186979 0.0000185379
C  -1.2510682562 -0.0000053236 -0.0000182654
H  -2.3234465962 1.7342574495 0.0000351592
H  -2.3236781459 -1.7341345324 0.0000234710
H  2.3235423397 1.7342073473 -0.0000359771
H  2.3235797280 -1.7341861362 -0.0000242881
momentum
-1.5543242747666484  -2.5713739530562427  3.076175751540214
10.325773351928044  3.9656510426512113  -1.5032627009901922
2.2964774813327256  -5.209281988939572  -1.6109411584951745
-12.266291865890443  0.08977063242810657  2.0540990602997895
-3.082359437693555  0.6108651955164391  0.826853478175811
4.391700385153751  3.069685250213882  -2.8369314120959817
