C  1.2510687020 -0.0000186979 0.0000185379
C  -1.2510682562 -0.0000053236 -0.0000182654
H  -2.3234465962 1.7342574495 0.0000351592
H  -2.3236781459 -1.7341345324 0.0000234710
H  2.3235423397 1.7342073473 -0.0000359771
H  2.3235797280 -1.7341861362 -0.0000242881
momentum
-6.901178460636742  7.962527615602798  -5.527018693827609
17.956578614776735  -14.935819472750675  -9.134709351137579
-8.298351253089535  7.057656212945125  8.686509215164765
-4.642334474396403  4.062369284132258  -0.41888198048937425
0.753392462230697  10.331887650850799  -1.3777261084125405
1.2489899678782395  -14.540997657725068  7.72865403753143
