C  1.2510687020 -0.0000186979 0.0000185379
C  -1.2510682562 -0.0000053236 -0.0000182654
H  -2.3234465962 1.7342574495 0.0000351592
H  -2.3236781459 -1.7341345324 0.0000234710
H  2.3235423397 1.7342073473 -0.0000359771
H  2.3235797280 -1.7341861362 -0.0000242881
momentum
-35.43623086240749  -35.24463056388014  21.74302572916028
15.014393523649446  31.716169494826495  -0.1986399818436165
9.946239195879064  0.5983459822921664  2.083704492338505
10.07658526871321  -11.385829703547067  -6.936262904778984
-7.05453528572102  6.669948849282974  -12.823451001919551
7.196833102031116  7.558325776696155  -3.7974688938067196
