C  1.2510687020 -0.0000186979 0.0000185379
C  -1.2510682562 -0.0000053236 -0.0000182654
H  -2.3234465962 1.7342574495 0.0000351592
H  -2.3236781459 -1.7341345324 0.0000234710
H  2.3235423397 1.7342073473 -0.0000359771
H  2.3235797280 -1.7341861362 -0.0000242881
momentum
-17.761263551905955  -15.835290555260741  -13.215696680786284
7.047282389221292  -21.42820901841534  -0.5179353820112144
-0.563749410542079  5.031823470837385  0.8342793780717624
6.741767159901807  23.277907753838758  2.6042702661560986
-5.3918411669890896  1.6306854885585271  6.011853472509519
9.767507923579851  6.874038584236006  4.238381838455124
