C  1.2510687020 -0.0000186979 0.0000185379
C  -1.2510682562 -0.0000053236 -0.0000182654
H  -2.3234465962 1.7342574495 0.0000351592
H  -2.3236781459 -1.7341345324 0.0000234710
H  2.3235423397 1.7342073473 -0.0000359771
H  2.3235797280 -1.7341861362 -0.0000242881
momentum
-38.90142802064018  -37.044800821419415  -7.333217789970092
24.918679943516935  9.938176935252908  -15.538422568025366
4.508480433976537  7.450385066340579  9.64376036318211
-3.2057222186994054  -3.376282151052743  3.943634216443191
-1.9759054595220138  10.518220985529341  1.757614574312613
14.477143414329804  12.116940957481672  7.459989954817446
