C  1.2510687020 -0.0000186979 0.0000185379
C  -1.2510682562 -0.0000053236 -0.0000182654
H  -2.3234465962 1.7342574495 0.0000351592
H  -2.3236781459 -1.7341345324 0.0000234710
H  2.3235423397 1.7342073473 -0.0000359771
H  2.3235797280 -1.7341861362 -0.0000242881
momentum
16.75923252895102  2.6423573550351227  -1.9768351770773394
-16.845906873396952  -12.242764400902848  11.376398205412606
-3.3838758799501516  -3.980123946278296  -1.2434674039077596
2.1874868259089166  12.96014376405508  -7.013675509469423
3.0979168930884486  -4.4750989156613805  -3.4421581418437057
-1.8293048316527163  5.0127626211242005  2.324389537900389
