C  1.2510687020 -0.0000186979 0.0000185379
C  -1.2510682562 -0.0000053236 -0.0000182654
H  -2.3234465962 1.7342574495 0.0000351592
H  -2.3236781459 -1.7341345324 0.0000234710
H  2.3235423397 1.7342073473 -0.0000359771
H  2.3235797280 -1.7341861362 -0.0000242881
momentum
25.666823543077044  8.426955733895324  1.5178642964578137
-32.48204630730023  -24.480812358796904  -1.7706135845922144
-0.263403322899611  12.545765816571057  -4.84942201807541
0.6557036081790163  2.435091877714173  5.85600264490604
5.976572265840548  0.05970044260748346  4.975416015624336
0.3708414318998199  0.8389104975115036  -5.729107200569546
