C  1.2510687020 -0.0000186979 0.0000185379
C  -1.2510682562 -0.0000053236 -0.0000182654
H  -2.3234465962 1.7342574495 0.0000351592
H  -2.3236781459 -1.7341345324 0.0000234710
H  2.3235423397 1.7342073473 -0.0000359771
H  2.3235797280 -1.7341861362 -0.0000242881
momentum
42.149940619569136  -5.291292024803997  -8.567307375177254
-23.859713219944265  -3.6920088865858065  12.918804390921963
-4.391007976596734  6.040891044212625  -6.461382899110303
-1.4333926961787078  3.52073632933261  -1.4599947669711328
-12.062587726215602  3.0573046374743087  4.29218785059901
-0.16480886441493317  -3.762677478151166  -0.7150901148093755
