C  1.2510687020 -0.0000186979 0.0000185379
C  -1.2510682562 -0.0000053236 -0.0000182654
H  -2.3234465962 1.7342574495 0.0000351592
H  -2.3236781459 -1.7341345324 0.0000234710
H  2.3235423397 1.7342073473 -0.0000359771
H  2.3235797280 -1.7341861362 -0.0000242881
momentum
-40.40605248291642  -11.22256507250564  19.827359954764418
44.27240796844514  8.71733435374923  9.022534586390071
-12.377715139729998  3.917801695373029  -7.473002103860368
0.7734232411401845  -10.809491362310148  -4.000287120625054
14.26567964991856  5.1333574758921285  -6.908496530359716
-6.475418839940129  4.301480452182577  -10.378249664535716
