C  1.2510687020 -0.0000186979 0.0000185379
C  -1.2510682562 -0.0000053236 -0.0000182654
H  -2.3234465962 1.7342574495 0.0000351592
H  -2.3236781459 -1.7341345324 0.0000234710
H  2.3235423397 1.7342073473 -0.0000359771
H  2.3235797280 -1.7341861362 -0.0000242881
momentum
38.41373959999594  -9.076848841733202  20.840691719937613
-36.30696488968518  9.09089741163775  -0.5775356448359134
-9.128569415511887  1.19342141126737  -2.8215017101579285
-9.02105986738988  -8.189707446787217  -1.53320081834848
10.95965719902582  -2.9263689073350494  -7.279559526074996
5.1339127424584845  9.905963542385656  -8.561989193277872
