C  1.2510687020 -0.0000186979 0.0000185379
C  -1.2510682562 -0.0000053236 -0.0000182654
H  -2.3234465962 1.7342574495 0.0000351592
H  -2.3236781459 -1.7341345324 0.0000234710
H  2.3235423397 1.7342073473 -0.0000359771
H  2.3235797280 -1.7341861362 -0.0000242881
momentum
3.108187482201393  -8.078884963881409  -8.077851722548402
-2.7654111165770425  6.844863402834074  -1.839986709811717
-13.81965356558988  -5.439620685006942  0.9574194682369261
2.5899727127029255  2.8084086918430877  2.3109719871806575
12.692770054334687  3.32707111570823  3.98656324427994
-1.8283493649164066  0.6016302164304057  2.631300784269121
