C  1.2510687020 -0.0000186979 0.0000185379
C  -1.2510682562 -0.0000053236 -0.0000182654
H  -2.3234465962 1.7342574495 0.0000351592
H  -2.3236781459 -1.7341345324 0.0000234710
H  2.3235423397 1.7342073473 -0.0000359771
H  2.3235797280 -1.7341861362 -0.0000242881
momentum
22.511597262757533  12.461149402465944  -0.16980324487740944
-46.07391906636184  8.355014321340516  -0.5810240299354947
18.68746217437622  -8.20191941227347  1.3588260373494316
-0.6666200200260868  -7.708615436220739  -0.8747877642354821
1.9113055835872894  -17.609819831399296  -0.9845431639110714
3.371725801956932  12.890394621271982  1.2491833626697464
