C  1.2510687020 -0.0000186979 0.0000185379
C  -1.2510682562 -0.0000053236 -0.0000182654
H  -2.3234465962 1.7342574495 0.0000351592
H  -2.3236781459 -1.7341345324 0.0000234710
H  2.3235423397 1.7342073473 -0.0000359771
H  2.3235797280 -1.7341861362 -0.0000242881
momentum
3.012438836767526  -0.88923071525073  -19.919940352424636
2.480076490799485  -8.689370629783511  3.1454917961449365
-0.43921768493312063  3.998596389192133  3.094780792928604
8.906180470284289  4.35861330497088  -0.918577648936773
-4.298496853158955  -1.0738367350723832  5.267180761481907
-9.588404718217955  2.2171037675783563  9.274216442341645
