C  1.2510687020 -0.0000186979 0.0000185379
C  -1.2510682562 -0.0000053236 -0.0000182654
H  -2.3234465962 1.7342574495 0.0000351592
H  -2.3236781459 -1.7341345324 0.0000234710
H  2.3235423397 1.7342073473 -0.0000359771
H  2.3235797280 -1.7341861362 -0.0000242881
momentum
27.30047740928111  -10.090926046289438  -11.95549547474504
-18.38459117068327  -2.6003786615500983  7.852000640617786
6.424938674374765  -5.159067020784208  -2.393373577127755
-11.412321759740923  -3.4702480926029105  -0.8679226023990464
6.389225105445666  8.280466259560868  4.438941032091793
-10.222290300384513  12.859775659967886  2.9080603709279518
