C  1.2510687020 -0.0000186979 0.0000185379
C  -1.2510682562 -0.0000053236 -0.0000182654
H  -2.3234465962 1.7342574495 0.0000351592
H  -2.3236781459 -1.7341345324 0.0000234710
H  2.3235423397 1.7342073473 -0.0000359771
H  2.3235797280 -1.7341861362 -0.0000242881
momentum
-32.81186286158779  11.841160361674296  0.08802066277100559
16.521632159397466  -13.296160843692926  -10.334688942592964
5.53967697245963  13.44153405716319  6.999074921262255
-1.2912720862637797  -6.99567442605129  0.8950726377674276
3.8187914428712775  -3.2514055585244868  -1.8911725106883583
8.04938203823112  -1.7836999107537137  4.2156868752202215
