C  1.2510687020 -0.0000186979 0.0000185379
C  -1.2510682562 -0.0000053236 -0.0000182654
H  -2.3234465962 1.7342574495 0.0000351592
H  -2.3236781459 -1.7341345324 0.0000234710
H  2.3235423397 1.7342073473 -0.0000359771
H  2.3235797280 -1.7341861362 -0.0000242881
momentum
-1.4063180520764167  11.052594127728204  3.2874407356733286
-6.939870724446685  -3.905826983961534  -8.926347089537408
3.3588939156552966  0.42961074333022875  -2.916989084964204
6.2536500956781484  -5.036603721679294  8.99619117026331
7.5731257841158435  -2.118796056723177  5.727949933050063
-8.942626836857684  -0.2899688467219662  -6.18188224437449
