C  1.2510687020 -0.0000186979 0.0000185379
C  -1.2510682562 -0.0000053236 -0.0000182654
H  -2.3234465962 1.7342574495 0.0000351592
H  -2.3236781459 -1.7341345324 0.0000234710
H  2.3235423397 1.7342073473 -0.0000359771
H  2.3235797280 -1.7341861362 -0.0000242881
momentum
-2.524398820776491  -6.662169420482205  15.348893644715549
-2.6120948605794028  -10.150639826091227  -16.222112774107718
9.218814990961496  3.851559251215626  9.049217598805557
8.382467642006203  2.9135170695971544  -0.15907824297742132
-3.3903598406222106  14.904462014740783  -8.613923123159761
-9.180457818846227  -5.041173471923309  0.6030270515231131
