C  1.2510687020 -0.0000186979 0.0000185379
C  -1.2510682562 -0.0000053236 -0.0000182654
H  -2.3234465962 1.7342574495 0.0000351592
H  -2.3236781459 -1.7341345324 0.0000234710
H  2.3235423397 1.7342073473 -0.0000359771
H  2.3235797280 -1.7341861362 -0.0000242881
momentum
-28.37539001435713  -12.698117834923513  33.39082205607275
5.884241540271475  6.916510049993899  0.07488075653701967
-3.2085170505376173  4.38433139921479  -6.937362344012402
20.858964522104625  1.6327363668861568  -0.8056806733725965
3.117345401879559  8.782524230686919  -9.745088907454214
1.4051089768917806  -9.004817962083353  -15.86763791874656
