C  1.2510687020 -0.0000186979 0.0000185379
C  -1.2510682562 -0.0000053236 -0.0000182654
H  -2.3234465962 1.7342574495 0.0000351592
H  -2.3236781459 -1.7341345324 0.0000234710
H  2.3235423397 1.7342073473 -0.0000359771
H  2.3235797280 -1.7341861362 -0.0000242881
momentum
9.27560978267709  13.715706450519766  -21.126989188278053
-4.814852867021375  -12.34239631231677  16.702075082531284
3.2692493846602444  5.831468181837726  -0.3672317681792587
2.557893153094359  -4.3392151737480695  -7.560500219849432
0.9629954823204261  -4.281145588309702  2.5730247937849513
-11.171274932864291  1.4530120232574875  9.755923436170363
