C  1.2510687020 -0.0000186979 0.0000185379
C  -1.2510682562 -0.0000053236 -0.0000182654
H  -2.3234465962 1.7342574495 0.0000351592
H  -2.3236781459 -1.7341345324 0.0000234710
H  2.3235423397 1.7342073473 -0.0000359771
H  2.3235797280 -1.7341861362 -0.0000242881
momentum
-15.783993586239372  8.715769748634631  -1.355961894070359
-20.683079464835455  -12.87816431449433  6.13539296712469
12.631276746095722  4.778927780256821  -5.531138193107514
0.40060083641631994  -1.898998031565473  1.1447003629428032
11.958024675826023  -1.3135503686374612  3.1486205949433828
11.015438228890307  2.5223552558664024  -3.5292715123298497
