C  1.2510687020 -0.0000186979 0.0000185379
C  -1.2510682562 -0.0000053236 -0.0000182654
H  -2.3234465962 1.7342574495 0.0000351592
H  -2.3236781459 -1.7341345324 0.0000234710
H  2.3235423397 1.7342073473 -0.0000359771
H  2.3235797280 -1.7341861362 -0.0000242881
momentum
9.058429588328623  -6.8616922147293264  8.352318862726271
-6.860205710071494  2.8771010966203137  -11.642594594466518
2.800372119654412  3.221933717428111  10.073567323104108
10.928359472125889  0.23518365225143656  -3.080039055124487
-9.345710727952651  6.687158825319966  -8.433384691769739
-6.566850604120038  -6.188046066600764  4.725702748261814
