C  1.2510687020 -0.0000186979 0.0000185379
C  -1.2510682562 -0.0000053236 -0.0000182654
H  -2.3234465962 1.7342574495 0.0000351592
H  -2.3236781459 -1.7341345324 0.0000234710
H  2.3235423397 1.7342073473 -0.0000359771
H  2.3235797280 -1.7341861362 -0.0000242881
momentum
29.152565008405272  13.991321444533241  -10.335713524464692
-16.382627253816633  -47.526821020336456  -8.394678797693848
-8.793706825249103  14.087772142698928  3.6576237153208377
-11.78539686434595  14.878959342461295  5.150117211794792
7.908598845822707  -3.9172630476070722  5.679364023586507
0.07875424488800385  8.094548583220305  4.186338445224732
