C  1.2510687020 -0.0000186979 0.0000185379
C  -1.2510682562 -0.0000053236 -0.0000182654
H  -2.3234465962 1.7342574495 0.0000351592
H  -2.3236781459 -1.7341345324 0.0000234710
H  2.3235423397 1.7342073473 -0.0000359771
H  2.3235797280 -1.7341861362 -0.0000242881
momentum
-20.795048794888434  17.655708607289963  0.7877877982523438
23.8191823664278  -16.787801388226598  -6.055831007715477
8.20880391916909  -6.101133396614077  4.1230287561350885
-6.844727985317389  4.896220967058396  0.333258629890678
3.600847307231757  7.758497727443352  -1.4969409514177734
-7.991290282689429  -7.414408296745404  2.2947051668238867
