C  1.2510687020 -0.0000186979 0.0000185379
C  -1.2510682562 -0.0000053236 -0.0000182654
H  -2.3234465962 1.7342574495 0.0000351592
H  -2.3236781459 -1.7341345324 0.0000234710
H  2.3235423397 1.7342073473 -0.0000359771
H  2.3235797280 -1.7341861362 -0.0000242881
momentum
-3.379742377234852  0.6554940046480436  -11.151218025406397
-13.227023361246664  -1.22139216580401  1.0535197881740503
7.608542514419233  -0.23930396505168183  -2.044819293922934
1.7438240330430907  1.843545741014056  3.8047436524154237
-0.5558532626488721  10.84202290508461  7.078461035675804
7.561663350060548  -11.905383103611396  1.2255524923490755
