C  1.2510687020 -0.0000186979 0.0000185379
C  -1.2510682562 -0.0000053236 -0.0000182654
H  -2.3234465962 1.7342574495 0.0000351592
H  -2.3236781459 -1.7341345324 0.0000234710
H  2.3235423397 1.7342073473 -0.0000359771
H  2.3235797280 -1.7341861362 -0.0000242881
momentum
11.82270679804834  9.93624077292295  11.167032142776543
-2.4435154665387038  -4.097087689724586  -7.58691041158164
-2.51850948449434  -5.771154264177912  -3.904573910803681
5.183682645889091  4.5981324159241295  7.144345102673025
0.6573241987346183  -9.895579295049908  2.119904794801404
-12.573561044655795  5.348378746477056  -8.923873335299657
