C  1.2510687020 -0.0000186979 0.0000185379
C  -1.2510682562 -0.0000053236 -0.0000182654
H  -2.3234465962 1.7342574495 0.0000351592
H  -2.3236781459 -1.7341345324 0.0000234710
H  2.3235423397 1.7342073473 -0.0000359771
H  2.3235797280 -1.7341861362 -0.0000242881
momentum
7.1652392032874  8.232636490540996  1.9768309047388501
-2.148353015171156  12.658300675453049  11.524131556612957
3.1956315513561697  -2.270401396623981  -7.176743152382958
-3.2382394839253466  -16.704763082901437  -2.103566510391806
4.354698702187434  -18.518038606424433  0.4465946964982467
-9.194893022727324  16.83927878784866  -4.629199078347036
