C  1.2510687020 -0.0000186979 0.0000185379
C  -1.2510682562 -0.0000053236 -0.0000182654
H  -2.3234465962 1.7342574495 0.0000351592
H  -2.3236781459 -1.7341345324 0.0000234710
H  2.3235423397 1.7342073473 -0.0000359771
H  2.3235797280 -1.7341861362 -0.0000242881
momentum
-7.595057014708461  -33.809746454873036  -12.932184134898144
8.591962434818834  32.77772573032454  -2.7894847765024267
-0.533500721303971  -10.086969174133808  -0.011287656274725002
2.137300740045064  -8.043336828991672  5.1241552168623254
1.17204827448283  8.582204014950959  7.848444899759043
-3.7810533077118125  10.567458065096762  2.7102216814031346
