C  1.2510687020 -0.0000186979 0.0000185379
C  -1.2510682562 -0.0000053236 -0.0000182654
H  -2.3234465962 1.7342574495 0.0000351592
H  -2.3236781459 -1.7341345324 0.0000234710
H  2.3235423397 1.7342073473 -0.0000359771
H  2.3235797280 -1.7341861362 -0.0000242881
momentum
17.56860861602725  6.807598583269526  0.23848139247100636
-16.290291439188287  1.8132222998086447  -1.5655999106136014
-2.919996279036509  -5.506221969494182  0.06235170353414102
-0.533132581393596  2.3825148358515884  1.0817080736933447
2.556016042286357  0.4706215900046823  0.5992088830700742
-0.38166788907891375  -5.843587226108058  -0.4196529472582398
