C  1.2510687020 -0.0000186979 0.0000185379
C  -1.2510682562 -0.0000053236 -0.0000182654
H  -2.3234465962 1.7342574495 0.0000351592
H  -2.3236781459 -1.7341345324 0.0000234710
H  2.3235423397 1.7342073473 -0.0000359771
H  2.3235797280 -1.7341861362 -0.0000242881
momentum
-6.987501647074408  -8.374365411970652  -42.786627810968675
0.4110108341096927  12.791843442311832  16.89252537214831
-7.774733746971712  1.1072212731848576  -2.1307379911108972
3.9085008949250533  -5.356799687476242  -0.9573573793084424
6.267262545458048  -8.997656008608057  15.03879206829394
4.123029112803699  8.90878604985821  13.849052039500501
