C  1.2510687020 -0.0000186979 0.0000185379
C  -1.2510682562 -0.0000053236 -0.0000182654
H  -2.3234465962 1.7342574495 0.0000351592
H  -2.3236781459 -1.7341345324 0.0000234710
H  2.3235423397 1.7342073473 -0.0000359771
H  2.3235797280 -1.7341861362 -0.0000242881
momentum
40.792387010903  17.591236785261007  -20.771834657067874
-39.674219504635  -9.378156173271353  -6.239102292215196
-13.652761380669507  -0.959635076418948  5.73859272696207
9.907111151346488  7.1410143243473  3.820509856934138
9.126789580030776  -10.468795666580327  7.726196625767892
-6.481077593932042  -3.7172502973044788  9.640295742406337
