C  1.2510687020 -0.0000186979 0.0000185379
C  -1.2510682562 -0.0000053236 -0.0000182654
H  -2.3234465962 1.7342574495 0.0000351592
H  -2.3236781459 -1.7341345324 0.0000234710
H  2.3235423397 1.7342073473 -0.0000359771
H  2.3235797280 -1.7341861362 -0.0000242881
momentum
29.90716947028903  -6.153365854349892  -2.1717196745161917
-23.745784507325336  12.995200307494272  -2.0414417645405
-11.463208862675895  -1.2409034724470958  1.3459065587911687
-5.4771909749782814  -1.990510514069255  0.7173232301966423
1.3828952149939453  0.821675501079333  0.7543290380879953
9.476016931136035  -4.35215300502882  1.3828766545361466
