C  1.2510687020 -0.0000186979 0.0000185379
C  -1.2510682562 -0.0000053236 -0.0000182654
H  -2.3234465962 1.7342574495 0.0000351592
H  -2.3236781459 -1.7341345324 0.0000234710
H  2.3235423397 1.7342073473 -0.0000359771
H  2.3235797280 -1.7341861362 -0.0000242881
momentum
-4.868040698933421  28.637110298899383  6.230931914319656
-9.74244926634494  -5.620052655263721  -11.95819089089851
5.276794393455778  3.057092517929989  1.0018410727570508
1.5213493749281857  -8.453896324558913  6.7216620678395875
6.179640463233449  0.15309982413432957  1.8531630255074083
1.447317019261099  -17.480954151989497  -3.8616719161745743
