C  1.2510687020 -0.0000186979 0.0000185379
C  -1.2510682562 -0.0000053236 -0.0000182654
H  -2.3234465962 1.7342574495 0.0000351592
H  -2.3236781459 -1.7341345324 0.0000234710
H  2.3235423397 1.7342073473 -0.0000359771
H  2.3235797280 -1.7341861362 -0.0000242881
momentum
-35.27171915214017  21.30178303316719  -9.505626002275923
25.70379861315119  -5.391642209177923  23.57208482957322
-2.1122546607670323  -5.262968042727907  -4.313534992215747
-4.687562403160537  1.4019300534825838  -11.550254299426728
11.048811754001113  -21.38382635591482  -2.6985099954881773
5.238157803223421  9.530771162815443  4.529141956779862
