C  1.2510687020 -0.0000186979 0.0000185379
C  -1.2510682562 -0.0000053236 -0.0000182654
H  -2.3234465962 1.7342574495 0.0000351592
H  -2.3236781459 -1.7341345324 0.0000234710
H  2.3235423397 1.7342073473 -0.0000359771
H  2.3235797280 -1.7341861362 -0.0000242881
momentum
25.95105651928429  7.8286477122811755  -17.66340575991626
-19.065639926034056  1.9490886646072487  2.4965976318301175
-7.9556460259915  3.278064581390161  1.0631207243751895
-0.4224143812470557  -4.912165722442004  1.090616466973215
2.4214077960969784  -8.544614147630577  6.497441761161727
-0.8079737913159589  0.5408549450749792  6.464419701844473
