C  1.2510687020 -0.0000186979 0.0000185379
C  -1.2510682562 -0.0000053236 -0.0000182654
H  -2.3234465962 1.7342574495 0.0000351592
H  -2.3236781459 -1.7341345324 0.0000234710
H  2.3235423397 1.7342073473 -0.0000359771
H  2.3235797280 -1.7341861362 -0.0000242881
momentum
21.31503832082455  31.49389340968893  3.7194091032857086
-15.988170792412157  3.4262227393295595  -20.375823845474986
1.8635240059464262  -14.510588783990189  8.34213563855912
-4.024517800190993  0.8586666707344078  6.405761791735153
0.7257245566856364  -17.945436723621096  -0.039013229425610904
-3.804741380768743  -2.9027678759932516  1.9039656702900125
