C  1.2510687020 -0.0000186979 0.0000185379
C  -1.2510682562 -0.0000053236 -0.0000182654
H  -2.3234465962 1.7342574495 0.0000351592
H  -2.3236781459 -1.7341345324 0.0000234710
H  2.3235423397 1.7342073473 -0.0000359771
H  2.3235797280 -1.7341861362 -0.0000242881
momentum
-6.527664726067625  1.7181966673629292  -30.631273628140338
1.3319638090166304  34.50144748345427  6.814025132734134
-7.537833249613847  -12.749656261125573  6.924655748982185
3.439841708242163  -13.793762785855685  -5.092381668075476
9.987686900371859  -4.714004167368244  4.9480991485772305
-0.7579698180365206  -4.477357154039633  16.95487195522895
