C  1.2510687020 -0.0000186979 0.0000185379
C  -1.2510682562 -0.0000053236 -0.0000182654
H  -2.3234465962 1.7342574495 0.0000351592
H  -2.3236781459 -1.7341345324 0.0000234710
H  2.3235423397 1.7342073473 -0.0000359771
H  2.3235797280 -1.7341861362 -0.0000242881
momentum
-12.609013180859952  25.777981452659144  -1.140924998745527
10.593531009482898  -31.324088424938168  20.456334625688942
-1.9360529998057092  8.2414763511256  -2.9200913795867516
-0.8746280508961031  10.563832610417455  -12.482961969976143
1.8598001408933074  -5.441514293690458  -6.708523961555222
2.9470170374719453  -7.866070898208061  2.8484263274020325
