C  1.2510687020 -0.0000186979 0.0000185379
C  -1.2510682562 -0.0000053236 -0.0000182654
H  -2.3234465962 1.7342574495 0.0000351592
H  -2.3236781459 -1.7341345324 0.0000234710
H  2.3235423397 1.7342073473 -0.0000359771
H  2.3235797280 -1.7341861362 -0.0000242881
momentum
-3.365196078870965  9.383860517347943  1.25937079077116
34.37945361491026  3.8795706873592746  -6.14336898435602
-3.817698844545504  -1.8664679721203312  -1.0614961805040817
-10.251672512150632  -4.242291211439705  5.476274883230572
-10.124553652438804  -6.172656711179071  3.4961398583302694
-6.395273951694057  -0.8586112749310867  -3.0396019455976058
