C  1.2510687020 -0.0000186979 0.0000185379
C  -1.2510682562 -0.0000053236 -0.0000182654
H  -2.3234465962 1.7342574495 0.0000351592
H  -2.3236781459 -1.7341345324 0.0000234710
H  2.3235423397 1.7342073473 -0.0000359771
H  2.3235797280 -1.7341861362 -0.0000242881
momentum
16.24689169775976  19.317763767957423  2.4575480221606942
-21.525816732850046  -15.659657108987147  -19.124694441677832
-6.939967725667064  5.178404330998283  10.354477024388498
4.934826500346736  -0.9364979239824166  3.725740653413505
14.013542130399475  -5.257873583894106  -2.046004938755709
-6.7871398214702925  -2.5141018147719176  4.588647617105205
