C  1.2510687020 -0.0000186979 0.0000185379
C  -1.2510682562 -0.0000053236 -0.0000182654
H  -2.3234465962 1.7342574495 0.0000351592
H  -2.3236781459 -1.7341345324 0.0000234710
H  2.3235423397 1.7342073473 -0.0000359771
H  2.3235797280 -1.7341861362 -0.0000242881
momentum
10.628424375559513  30.350511519835237  16.657318710240414
-10.026787354538902  -9.870698508723109  -2.9604986421571975
4.200706056685845  3.2063027995023803  0.06669486873322737
-8.473549928744887  -11.04267881029361  -1.6335969845074583
6.801382046561191  2.7500102047006973  -6.894477161708443
-3.119084291211222  -15.152135626611198  -5.188807617307561
