C  1.2510687020 -0.0000186979 0.0000185379
C  -1.2510682562 -0.0000053236 -0.0000182654
H  -2.3234465962 1.7342574495 0.0000351592
H  -2.3236781459 -1.7341345324 0.0000234710
H  2.3235423397 1.7342073473 -0.0000359771
H  2.3235797280 -1.7341861362 -0.0000242881
momentum
-11.222958973338452  20.06369269295561  15.302890989548683
15.866930798862294  -23.243590151003303  -1.6712538595487259
-9.463447041823786  4.669983945228843  4.573599519916094
-1.2550516492324442  13.417406974347966  -6.816064092191232
0.5800554934719921  -7.93605857501094  -11.368888510925109
5.560120327528206  -6.981601015099899  0.025428101414974813
