C  1.2510687020 -0.0000186979 0.0000185379
C  -1.2510682562 -0.0000053236 -0.0000182654
H  -2.3234465962 1.7342574495 0.0000351592
H  -2.3236781459 -1.7341345324 0.0000234710
H  2.3235423397 1.7342073473 -0.0000359771
H  2.3235797280 -1.7341861362 -0.0000242881
momentum
-11.999070356478924  4.855023608698083  -36.55332333397033
11.164611860923772  16.877861516397832  7.616766891303637
-2.6645623761250987  2.252398541082325  1.2901458494824591
13.850280519896254  -10.468442159556943  1.290482387786892
-4.539132013751449  -5.822711534456582  13.134553220581811
-5.796663020966543  -7.386418794793017  13.122108653158607
