C  1.2510687020 -0.0000186979 0.0000185379
C  -1.2510682562 -0.0000053236 -0.0000182654
H  -2.3234465962 1.7342574495 0.0000351592
H  -2.3236781459 -1.7341345324 0.0000234710
H  2.3235423397 1.7342073473 -0.0000359771
H  2.3235797280 -1.7341861362 -0.0000242881
momentum
-12.51344288675048  29.323035016879693  22.98604360277515
-13.10945965250108  -10.772955832558399  -20.10679043985509
16.40130320219626  2.357522710662616  8.727356624711385
1.5679811074578407  -12.764617433978414  1.3798342983003677
12.2308741243642  -6.8094698525606905  -10.162646981528463
-4.880333919585778  -1.1106774813411708  -2.8033119264873383
