C  1.2510687020 -0.0000186979 0.0000185379
C  -1.2510682562 -0.0000053236 -0.0000182654
H  -2.3234465962 1.7342574495 0.0000351592
H  -2.3236781459 -1.7341345324 0.0000234710
H  2.3235423397 1.7342073473 -0.0000359771
H  2.3235797280 -1.7341861362 -0.0000242881
momentum
29.043305464045332  9.838334111672543  -0.6819422898540736
-25.37597303547937  -10.94499673626938  -30.038556266598246
-0.7116456182118813  1.8935886160202082  7.957531412349964
-5.657629501504843  4.825925414319376  15.203259244766224
-1.9434709820873095  -1.5580721682008285  7.356452054797201
4.69411215736208  -4.089369947507736  0.1187715398087759
