C  1.2510687020 -0.0000186979 0.0000185379
C  -1.2510682562 -0.0000053236 -0.0000182654
H  -2.3234465962 1.7342574495 0.0000351592
H  -2.3236781459 -1.7341345324 0.0000234710
H  2.3235423397 1.7342073473 -0.0000359771
H  2.3235797280 -1.7341861362 -0.0000242881
momentum
1.8716648198686985  -9.744994720338658  -19.155685708314305
12.983738053963323  10.597838446500615  19.06504544174162
-11.049649147254224  -6.769317799973452  -6.727270392240553
-8.319868263378911  -0.7115727682055284  -3.463790587647056
5.899990144620564  -0.7774744908083873  6.772454019101334
-1.1982048906264622  7.427533273151712  3.498497040398721
