C  1.2510687020 -0.0000186979 0.0000185379
C  -1.2510682562 -0.0000053236 -0.0000182654
H  -2.3234465962 1.7342574495 0.0000351592
H  -2.3236781459 -1.7341345324 0.0000234710
H  2.3235423397 1.7342073473 -0.0000359771
H  2.3235797280 -1.7341861362 -0.0000242881
momentum
-15.002220120105207  31.60036598769815  23.242542465906066
4.878136305445193  2.1714775856331494  -16.184177679693516
12.0155672747387  -1.8741021028826252  6.3686603187690345
11.42623319577049  -8.947318579404959  0.6755153556475202
-4.343623495733589  -0.8274196702752683  -9.887212644426194
-9.107705245973905  -21.69020903960639  -4.183259918106873
