C  1.2510687020 -0.0000186979 0.0000185379
C  -1.2510682562 -0.0000053236 -0.0000182654
H  -2.3234465962 1.7342574495 0.0000351592
H  -2.3236781459 -1.7341345324 0.0000234710
H  2.3235423397 1.7342073473 -0.0000359771
H  2.3235797280 -1.7341861362 -0.0000242881
momentum
-0.2309227962607881  -27.75886140683437  1.45715526313004
13.301888381404648  4.1086261331143135  -9.241281805379613
-2.3146948834264536  6.895773930866823  5.690091222356973
-7.91938444687104  -2.4919192744855443  1.0515751037007979
-5.79936484293111  1.778072502818652  -1.8097510333741278
3.1558402165002892  17.125168231005265  2.831697770881966
