C  1.2510687020 -0.0000186979 0.0000185379
C  -1.2510682562 -0.0000053236 -0.0000182654
H  -2.3234465962 1.7342574495 0.0000351592
H  -2.3236781459 -1.7341345324 0.0000234710
H  2.3235423397 1.7342073473 -0.0000359771
H  2.3235797280 -1.7341861362 -0.0000242881
momentum
-4.607596110579038  -24.2426757310774  -3.339362749109643
13.11623785030801  -9.033532216765295  3.8468032698841412
-8.340960829605693  8.424982788834479  1.0495846345054718
-8.005156655846509  7.9264446446963435  -3.2268704228254843
-1.1957075186695072  11.508803167794852  -1.3025406772409518
9.124955720924156  4.989921981989219  2.971944488089184
