C  1.2510687020 -0.0000186979 0.0000185379
C  -1.2510682562 -0.0000053236 -0.0000182654
H  -2.3234465962 1.7342574495 0.0000351592
H  -2.3236781459 -1.7341345324 0.0000234710
H  2.3235423397 1.7342073473 -0.0000359771
H  2.3235797280 -1.7341861362 -0.0000242881
momentum
16.34765555566087  17.390239802785494  7.458329164025741
-17.12964404917786  -14.948151120771197  30.612068293192536
7.365165478789874  -3.3361021416286376  -12.601316825567578
-6.797612190309905  3.494365590461392  -12.558423021691407
2.717467285426009  1.0494054569716746  -6.376546967112012
-2.528414598716202  -3.6389487804017433  -6.425787738951223
