C  1.2510687020 -0.0000186979 0.0000185379
C  -1.2510682562 -0.0000053236 -0.0000182654
H  -2.3234465962 1.7342574495 0.0000351592
H  -2.3236781459 -1.7341345324 0.0000234710
H  2.3235423397 1.7342073473 -0.0000359771
H  2.3235797280 -1.7341861362 -0.0000242881
momentum
3.668559828558095  -18.11067656041499  -3.531663475814084
3.9238242408956427  5.112211000707214  25.107548755962195
-11.74385418597226  12.961898164689991  -10.800286223666028
8.65487211093177  -2.5825178085381304  -7.6144273846118935
-5.533403495479185  -3.7596265819576096  0.044837386724728104
1.1655986664084261  6.2507279030290634  -3.1488721135771534
