C  1.2510687020 -0.0000186979 0.0000185379
C  -1.2510682562 -0.0000053236 -0.0000182654
H  -2.3234465962 1.7342574495 0.0000351592
H  -2.3236781459 -1.7341345324 0.0000234710
H  2.3235423397 1.7342073473 -0.0000359771
H  2.3235797280 -1.7341861362 -0.0000242881
momentum
-12.513263653794473  -3.3439026660077857  2.065078528384091
6.730527765289748  3.659357218967095  0.0018760727558194557
-2.2666256606675104  -6.93468174725932  0.9220448115849234
12.89188678985579  7.529257165163494  -1.3988088818426916
1.6511864520698074  -0.7891634268625974  -1.9524092287194266
-6.593080056314042  -0.049788984076921124  0.3690100355567704
