C  1.2510687020 -0.0000186979 0.0000185379
C  -1.2510682562 -0.0000053236 -0.0000182654
H  -2.3234465962 1.7342574495 0.0000351592
H  -2.3236781459 -1.7341345324 0.0000234710
H  2.3235423397 1.7342073473 -0.0000359771
H  2.3235797280 -1.7341861362 -0.0000242881
momentum
2.6669650061359587  0.8648073888963547  -1.3292454160932563
-10.075792129463688  -5.336229216463116  -5.92400901303664
0.9020146264429844  5.249078330951974  6.216333500829051
4.373322535705305  -2.010505742108  -1.3737107377977869
3.6142866824368336  -1.1057253274646255  -2.600629862211587
-1.5653736499607094  2.30440755190799  4.990673905910026
