C  1.2510687020 -0.0000186979 0.0000185379
C  -1.2510682562 -0.0000053236 -0.0000182654
H  -2.3234465962 1.7342574495 0.0000351592
H  -2.3236781459 -1.7341345324 0.0000234710
H  2.3235423397 1.7342073473 -0.0000359771
H  2.3235797280 -1.7341861362 -0.0000242881
momentum
8.517326038266336  -5.580153362842565  -20.328649398918202
-16.716429079116754  9.441175057554208  3.571324625326528
10.94388165527925  -0.1997663981722747  10.158921526307243
0.6595694340624507  -1.7337964479774484  -8.214751209972107
-12.283679452185119  5.401622520309433  -1.8054960744113921
8.766598441316594  -7.3517166103679354  16.561625133900787
