C  1.2510687020 -0.0000186979 0.0000185379
C  -1.2510682562 -0.0000053236 -0.0000182654
H  -2.3234465962 1.7342574495 0.0000351592
H  -2.3236781459 -1.7341345324 0.0000234710
H  2.3235423397 1.7342073473 -0.0000359771
H  2.3235797280 -1.7341861362 -0.0000242881
momentum
9.609446444701378  -24.307313270530013  -2.274551846709435
-17.797163916353952  9.133054393987772  13.371204169853094
-12.274478724942814  5.329400926180204  -11.519601832134551
6.340912043543056  2.6567194220922405  1.8033432945897496
3.7517627323051657  0.50952293842555  5.9879874963505895
10.269845220783788  6.527980447083233  -7.339246488930883
