C  1.2510687020 -0.0000186979 0.0000185379
C  -1.2510682562 -0.0000053236 -0.0000182654
H  -2.3234465962 1.7342574495 0.0000351592
H  -2.3236781459 -1.7341345324 0.0000234710
H  2.3235423397 1.7342073473 -0.0000359771
H  2.3235797280 -1.7341861362 -0.0000242881
momentum
8.918296840604334  1.2400613314530486  6.961225786725027
-23.10063421326298  18.903873473796732  -1.1575909385287206
8.529527090836408  -0.15556523999168165  0.9963389833908625
19.15866501711356  -12.40404857794564  -1.7121374069630466
-4.305594259229076  -8.69159442213969  -3.8894159935610095
-9.349808694549553  1.383122737719322  -1.1787140503767126
