C  1.2510687020 -0.0000186979 0.0000185379
C  -1.2510682562 -0.0000053236 -0.0000182654
H  -2.3234465962 1.7342574495 0.0000351592
H  -2.3236781459 -1.7341345324 0.0000234710
H  2.3235423397 1.7342073473 -0.0000359771
H  2.3235797280 -1.7341861362 -0.0000242881
momentum
-9.420630157070832  2.4367494687706968  -4.755220095744168
22.397701464727444  -21.223603504146805  -0.6567859457037833
-2.8567500131145636  11.426918915105913  -5.124905162786607
-7.07276150766092  -0.285429153875171  6.722406336206481
2.4150446925967577  8.423195706691812  7.822757572002379
-5.298614959947718  -1.0010977060075517  -4.0256774012642955
