C  1.2510687020 -0.0000186979 0.0000185379
C  -1.2510682562 -0.0000053236 -0.0000182654
H  -2.3234465962 1.7342574495 0.0000351592
H  -2.3236781459 -1.7341345324 0.0000234710
H  2.3235423397 1.7342073473 -0.0000359771
H  2.3235797280 -1.7341861362 -0.0000242881
momentum
-9.597087016000108  2.773710560725458  9.112287638858696
-13.494568820355015  -1.9232049546341057  -21.67249271821417
11.59011066479179  -2.838059982615446  10.906560914190841
8.569874289685309  3.650755394664092  3.5930380957334993
-0.15892556771903654  -11.237183856189654  -4.645374346018158
2.8125947173226793  9.571183787304786  2.676587282844083
