C  1.2510687020 -0.0000186979 0.0000185379
C  -1.2510682562 -0.0000053236 -0.0000182654
H  -2.3234465962 1.7342574495 0.0000351592
H  -2.3236781459 -1.7341345324 0.0000234710
H  2.3235423397 1.7342073473 -0.0000359771
H  2.3235797280 -1.7341861362 -0.0000242881
momentum
-4.942578804398232  -10.005389983426394  4.2071769842260975
9.551134312977782  38.44003440638161  -13.512473116577592
-11.762098827595143  -13.658250507812479  9.34877574201249
-1.7123418996976818  -12.520111579672438  0.030827930390144517
8.43656311209061  -9.680437653369511  -4.710141676036069
0.509799109047426  7.793294898911075  4.6126634958112795
