C  1.2510687020 -0.0000186979 0.0000185379
C  -1.2510682562 -0.0000053236 -0.0000182654
H  -2.3234465962 1.7342574495 0.0000351592
H  -2.3236781459 -1.7341345324 0.0000234710
H  2.3235423397 1.7342073473 -0.0000359771
H  2.3235797280 -1.7341861362 -0.0000242881
momentum
-29.001554801806165  20.154130381653857  -11.121933646183187
-1.6699834209642042  1.7034849047590577  -20.906376152532886
11.525594921477564  -6.07846788253929  10.120763984486343
1.7933132610953482  -2.7340492643894154  8.449526691282545
7.526258345275919  -7.811218751549748  5.8451555085483236
9.437794597271873  -4.988555859426365  7.519074940597064
