C  1.2510687020 -0.0000186979 0.0000185379
C  -1.2510682562 -0.0000053236 -0.0000182654
H  -2.3234465962 1.7342574495 0.0000351592
H  -2.3236781459 -1.7341345324 0.0000234710
H  2.3235423397 1.7342073473 -0.0000359771
H  2.3235797280 -1.7341861362 -0.0000242881
momentum
-19.732662155979618  -3.6048575549680764  7.627674982483577
-9.662576617040406  14.490197151315696  15.873677293378565
6.566850103078333  3.028855585812386  -10.709380819885512
10.021331544162315  -6.880191030872001  -3.2025315498446685
-0.5489121500355495  -13.160297191968079  -1.0059017152204661
13.025707284294334  6.233171156532268  -8.515011402561445
