C  1.2510687020 -0.0000186979 0.0000185379
C  -1.2510682562 -0.0000053236 -0.0000182654
H  -2.3234465962 1.7342574495 0.0000351592
H  -2.3236781459 -1.7341345324 0.0000234710
H  2.3235423397 1.7342073473 -0.0000359771
H  2.3235797280 -1.7341861362 -0.0000242881
momentum
-7.50677465822616  1.377986839457962  26.723504576502794
-16.591442353023357  -3.154296497976465  8.866125294293294
2.0856115399210666  0.539276271339882  -10.449746177818206
8.168239413162599  2.67014490479839  -2.491076346041925
8.316411922087445  4.023214266696112  -7.2914699174129725
5.195719712560625  -5.440593396670044  -15.245244634254439
