C  1.2510687020 -0.0000186979 0.0000185379
C  -1.2510682562 -0.0000053236 -0.0000182654
H  -2.3234465962 1.7342574495 0.0000351592
H  -2.3236781459 -1.7341345324 0.0000234710
H  2.3235423397 1.7342073473 -0.0000359771
H  2.3235797280 -1.7341861362 -0.0000242881
momentum
34.68121592003295  -17.13170331005194  14.120237419366312
-12.880596921167186  4.298408910275102  -13.168286903731133
-0.9715370020269264  0.8853463858510101  3.834670663475037
-2.817228288901548  6.780613499747002  2.9996231543447944
-19.231246064549275  -4.996201326221679  -4.309212260877513
1.5216073890722788  9.946237795754897  -3.4666843448604565
