C  1.2510687020 -0.0000186979 0.0000185379
C  -1.2510682562 -0.0000053236 -0.0000182654
H  -2.3234465962 1.7342574495 0.0000351592
H  -2.3236781459 -1.7341345324 0.0000234710
H  2.3235423397 1.7342073473 -0.0000359771
H  2.3235797280 -1.7341861362 -0.0000242881
momentum
-14.742640979751856  1.5535146556204704  -8.505607318397018
14.889279678850718  -13.241062254916626  -3.321990863112346
3.077219708110705  5.526324321517152  -3.7541754328742925
-0.7241583563327699  -0.8086507797622613  8.255958625596557
3.5570433803811086  0.4776892813306339  9.650161875765255
-6.046607436076049  6.356980298703695  -2.3613931301988202
