C  1.2510687020 -0.0000186979 0.0000185379
C  -1.2510682562 -0.0000053236 -0.0000182654
H  -2.3234465962 1.7342574495 0.0000351592
H  -2.3236781459 -1.7341345324 0.0000234710
H  2.3235423397 1.7342073473 -0.0000359771
H  2.3235797280 -1.7341861362 -0.0000242881
momentum
25.122720730362477  1.2944214636908422  4.207024273470522
-8.0758669154886  -1.585595694709185  13.598638890054252
-2.1354876137381518  7.986907103954651  -3.3109534391285855
-10.414207930501787  -9.711669074187993  -8.071367077550997
-2.756172176433775  -1.2477931106998255  -5.5650623848574075
-1.4864793266738208  3.219600801273334  -0.807223202196122
