C  1.2510687020 -0.0000186979 0.0000185379
C  -1.2510682562 -0.0000053236 -0.0000182654
H  -2.3234465962 1.7342574495 0.0000351592
H  -2.3236781459 -1.7341345324 0.0000234710
H  2.3235423397 1.7342073473 -0.0000359771
H  2.3235797280 -1.7341861362 -0.0000242881
momentum
32.488495373406025  -13.56932072672463  -9.579608692204411
-16.75837644258078  -4.2764174033537845  1.747516660648823
-4.890231156506329  12.380039189292614  -4.2336111710130355
-0.03428809528797338  -3.398407785496017  5.1003222353290365
-6.388132241065798  -0.12724567708020332  8.137861867466198
-4.183031378459367  8.768503695984275  -1.1991765622730384
