C  1.2510687020 -0.0000186979 0.0000185379
C  -1.2510682562 -0.0000053236 -0.0000182654
H  -2.3234465962 1.7342574495 0.0000351592
H  -2.3236781459 -1.7341345324 0.0000234710
H  2.3235423397 1.7342073473 -0.0000359771
H  2.3235797280 -1.7341861362 -0.0000242881
momentum
18.82484017610194  -13.285651436053763  3.3323478491609997
-32.52995723207368  13.225311948675623  -33.78141414022945
-0.828388247405187  -0.7968652346467887  8.104484295518837
4.34883647054546  -7.471157026010318  16.998639003975608
9.234033443962437  3.6261378927854224  7.074191822468599
0.7706955635642998  4.727329082334893  -1.8097891573726606
