C  1.2510687020 -0.0000186979 0.0000185379
C  -1.2510682562 -0.0000053236 -0.0000182654
H  -2.3234465962 1.7342574495 0.0000351592
H  -2.3236781459 -1.7341345324 0.0000234710
H  2.3235423397 1.7342073473 -0.0000359771
H  2.3235797280 -1.7341861362 -0.0000242881
momentum
-9.500205202961407  24.836238560467628  -10.171729213252055
5.890154450036182  1.745840146557554  9.036928309087246
0.21877701815293094  -4.529300529182828  -6.2470100808195355
-9.500375210399048  -12.432322059398672  1.6677079129030334
14.944433564786026  -12.065367581571989  6.812701495395666
-2.064714706900118  2.768657176464502  -1.1072820294459649
