C  1.2510687020 -0.0000186979 0.0000185379
C  -1.2510682562 -0.0000053236 -0.0000182654
H  -2.3234465962 1.7342574495 0.0000351592
H  -2.3236781459 -1.7341345324 0.0000234710
H  2.3235423397 1.7342073473 -0.0000359771
H  2.3235797280 -1.7341861362 -0.0000242881
momentum
0.4360698304059749  -20.767265508277728  -21.448282143601112
10.868180333860671  8.957418016081892  20.64771979987416
-1.5575049681361606  0.9705352476088578  -9.496223546482621
3.598502264296626  -1.0407905315854196  -1.3791691465322953
-6.722821227914657  -2.9378650494179146  9.895299052165786
-6.457441960045084  14.670803697564908  1.7667051779984975
