C  1.2510687020 -0.0000186979 0.0000185379
C  -1.2510682562 -0.0000053236 -0.0000182654
H  -2.3234465962 1.7342574495 0.0000351592
H  -2.3236781459 -1.7341345324 0.0000234710
H  2.3235423397 1.7342073473 -0.0000359771
H  2.3235797280 -1.7341861362 -0.0000242881
momentum
-8.387631559575349  6.581313652839526  -10.962401246776183
-0.7583242421808741  26.78683547110043  9.228628103347726
-1.6557308778625535  -2.408421384349113  -8.691754405676763
-2.718654081869253  -21.92553207784925  4.1476387609525345
9.46447407959019  -9.211908864524617  9.556029873259323
3.9838505820596968  0.5743598783830065  -3.288898115012004
