C  1.2510687020 -0.0000186979 0.0000185379
C  -1.2510682562 -0.0000053236 -0.0000182654
H  -2.3234465962 1.7342574495 0.0000351592
H  -2.3236781459 -1.7341345324 0.0000234710
H  2.3235423397 1.7342073473 -0.0000359771
H  2.3235797280 -1.7341861362 -0.0000242881
momentum
3.223202905008094  5.963539835000342  21.2686634470837
-17.631090637858254  0.20337490162854946  -19.242116198360836
3.260356213808746  -11.051880440347894  -0.03924697806128425
2.1191627285530044  3.1271223571013844  9.879557998053473
12.442456813538426  -4.456723024926117  -0.9709746173111071
-3.6157950776330496  6.3243388705708465  -10.878674664794985
