C  1.2510687020 -0.0000186979 0.0000185379
C  -1.2510682562 -0.0000053236 -0.0000182654
H  -2.3234465962 1.7342574495 0.0000351592
H  -2.3236781459 -1.7341345324 0.0000234710
H  2.3235423397 1.7342073473 -0.0000359771
H  2.3235797280 -1.7341861362 -0.0000242881
momentum
-5.7409419154722885  -20.364045537928693  -6.063549988440318
-6.267531177625278  -2.3544884039416862  -21.65248699796725
2.9408861210121797  5.0806313806396455  9.631538238797889
5.011689126740413  0.5891476163018005  8.345823220189464
3.9921901524485994  2.26338107841056  4.1847392348480525
-0.08618512995346861  14.516286585279433  5.474727536627946
