C  1.2510687020 -0.0000186979 0.0000185379
C  -1.2510682562 -0.0000053236 -0.0000182654
H  -2.3234465962 1.7342574495 0.0000351592
H  -2.3236781459 -1.7341345324 0.0000234710
H  2.3235423397 1.7342073473 -0.0000359771
H  2.3235797280 -1.7341861362 -0.0000242881
momentum
-13.047036719930672  7.1249847285723575  -1.9865442037168386
40.86528493959895  4.492017118231487  -2.5974116037161514
-18.214870957388257  -0.08177604337897242  6.723985322984656
-2.1124710709411705  3.0062397848236513  -4.27761087518913
-6.124412932292273  -5.124724042566781  -4.438910967170921
-0.9989644270831013  -9.24188641318529  6.562852683689268
