C  1.2510687020 -0.0000186979 0.0000185379
C  -1.2510682562 -0.0000053236 -0.0000182654
H  -2.3234465962 1.7342574495 0.0000351592
H  -2.3236781459 -1.7341345324 0.0000234710
H  2.3235423397 1.7342073473 -0.0000359771
H  2.3235797280 -1.7341861362 -0.0000242881
momentum
6.331780545193926  9.32629690146082  -19.163786689530966
-14.738699250400897  -5.662422676939508  20.174580814059148
-6.690868649182019  1.405388156418448  1.3457342066463065
4.981269902617553  2.1775198262789477  -12.38462377976273
9.017863820650927  -1.130035325248003  -1.8496089886023739
0.9832740000571504  -6.012776372716059  11.86996545408309
