C  1.2510687020 -0.0000186979 0.0000185379
C  -1.2510682562 -0.0000053236 -0.0000182654
H  -2.3234465962 1.7342574495 0.0000351592
H  -2.3236781459 -1.7341345324 0.0000234710
H  2.3235423397 1.7342073473 -0.0000359771
H  2.3235797280 -1.7341861362 -0.0000242881
momentum
12.855047938987028  -4.490295682373428  -3.6064265290218027
-1.0192900599757333  6.461611696179122  23.604160574859833
-3.285135596780501  -6.968911046676736  -8.196575600020134
-11.142052647472134  -2.4917376955110826  -9.049619870046007
4.873217808617908  -4.4824776858670345  -1.7721743535527366
-2.1191882253723007  11.97457111721571  -0.9265891260443764
