C  1.2510687020 -0.0000186979 0.0000185379
C  -1.2510682562 -0.0000053236 -0.0000182654
H  -2.3234465962 1.7342574495 0.0000351592
H  -2.3236781459 -1.7341345324 0.0000234710
H  2.3235423397 1.7342073473 -0.0000359771
H  2.3235797280 -1.7341861362 -0.0000242881
momentum
-11.664883931665509  -11.399829701283046  -13.857231847384616
10.806867538702516  -5.694525834557278  35.667744383971765
0.9821168982894143  5.0326874022150125  -10.150677978398917
-0.19424371411449953  3.5563880030152903  -13.974461295452004
-2.7962990836665904  2.2532977344059284  -0.7217311324600395
2.857837699609641  6.026947050804401  3.088476259091032
