C  1.2510687020 -0.0000186979 0.0000185379
C  -1.2510682562 -0.0000053236 -0.0000182654
H  -2.3234465962 1.7342574495 0.0000351592
H  -2.3236781459 -1.7341345324 0.0000234710
H  2.3235423397 1.7342073473 -0.0000359771
H  2.3235797280 -1.7341861362 -0.0000242881
momentum
11.842265640022841  -8.983481022774592  -17.01861833831594
-13.843448005033785  -9.70541498809878  6.524135041518115
-2.0400269442839383  3.9603113303453643  5.210766130066479
-1.2375357032539207  4.687872513584439  -6.289770452949328
4.088819912495487  -6.580145712959292  0.020670573608338922
1.1862137585882724  16.39429906250847  11.514753550982745
