C  1.2510687020 -0.0000186979 0.0000185379
C  -1.2510682562 -0.0000053236 -0.0000182654
H  -2.3234465962 1.7342574495 0.0000351592
H  -2.3236781459 -1.7341345324 0.0000234710
H  2.3235423397 1.7342073473 -0.0000359771
H  2.3235797280 -1.7341861362 -0.0000242881
momentum
-6.966700930939115  -13.116453989147013  -14.285613932664662
-2.434286713121196  5.907767517050657  12.75821820518841
0.3180738223764875  6.554643601163324  -7.484503203800618
-1.1660341414707125  -4.7331128059264165  1.0023094468026772
-0.15813960787232414  1.1070234251979747  8.245900772768447
10.304436990509569  4.15951936928269  -0.24832520901298738
