C  1.2510687020 -0.0000186979 0.0000185379
C  -1.2510682562 -0.0000053236 -0.0000182654
H  -2.3234465962 1.7342574495 0.0000351592
H  -2.3236781459 -1.7341345324 0.0000234710
H  2.3235423397 1.7342073473 -0.0000359771
H  2.3235797280 -1.7341861362 -0.0000242881
momentum
-7.396635141823854  -9.191215399331766  1.90272950652028
0.8018177505250338  7.148704982251598  -13.699299204428376
-0.5768303667427888  0.489711412560328  -1.373805290004902
-5.292808761478846  -5.710931307779898  11.426906099588342
6.29261474407017  13.85569910708783  7.254324220739209
6.0580007295745855  -6.626995796972261  -5.54211029694862
