C  1.2510687020 -0.0000186979 0.0000185379
C  -1.2510682562 -0.0000053236 -0.0000182654
H  -2.3234465962 1.7342574495 0.0000351592
H  -2.3236781459 -1.7341345324 0.0000234710
H  2.3235423397 1.7342073473 -0.0000359771
H  2.3235797280 -1.7341861362 -0.0000242881
momentum
9.39579216418801  23.670274573262937  4.1143382539872455
2.58777367482452  -1.5982469703745985  -16.54428364511851
6.008905443614345  1.1081719841962567  6.76209435270338
-12.885828912242767  -10.586871685097744  4.960669050503928
-4.837435665508264  -6.27160667669016  -0.5658414544135468
-0.08052569827709323  -6.122298333704322  1.2412468472100007
