C  1.2510687020 -0.0000186979 0.0000185379
C  -1.2510682562 -0.0000053236 -0.0000182654
H  -2.3234465962 1.7342574495 0.0000351592
H  -2.3236781459 -1.7341345324 0.0000234710
H  2.3235423397 1.7342073473 -0.0000359771
H  2.3235797280 -1.7341861362 -0.0000242881
momentum
-4.941820135941388  0.7680570994623551  -7.315472107372877
6.857649702692737  15.972815664755329  10.491651591043391
-1.9283690463266174  -4.762790834943367  -0.4812959562905997
4.154491039613974  -6.175651310204394  -5.8694838573522885
-0.8655160052619594  -2.4445821483898063  -1.1020103827078043
-3.247121152081107  -3.137074004884406  4.2812961796207665
