C  1.2510687020 -0.0000186979 0.0000185379
C  -1.2510682562 -0.0000053236 -0.0000182654
H  -2.3234465962 1.7342574495 0.0000351592
H  -2.3236781459 -1.7341345324 0.0000234710
H  2.3235423397 1.7342073473 -0.0000359771
H  2.3235797280 -1.7341861362 -0.0000242881
momentum
17.21590239984976  -14.048390412710498  -1.4628433164201584
-3.7550665525499425  11.750374483913422  4.161108999270549
-7.245923242038514  -1.1808566260350366  3.1072863411362617
1.3765989879043854  0.06194326600996242  -5.957196540996851
-5.598340694956453  8.408693667652024  -4.452355529424634
-1.8411278337898513  -5.00561289042435  4.610585699113168
