C  1.2510687020 -0.0000186979 0.0000185379
C  -1.2510682562 -0.0000053236 -0.0000182654
H  -2.3234465962 1.7342574495 0.0000351592
H  -2.3236781459 -1.7341345324 0.0000234710
H  2.3235423397 1.7342073473 -0.0000359771
H  2.3235797280 -1.7341861362 -0.0000242881
momentum
-2.9819581568853146  11.291011208739794  -2.5600098313361492
-16.895345255990428  -24.42857843243898  14.136279972043656
11.007743447918777  8.143839373119722  -4.198362988819271
10.069185524036998  6.7565538397920415  -6.0380932088077905
0.33460462822019765  -5.941291622547812  -1.572337939756308
-1.775679590956506  4.031145959721741  0.2628154464045309
