C  1.2510687020 -0.0000186979 0.0000185379
C  -1.2510682562 -0.0000053236 -0.0000182654
H  -2.3234465962 1.7342574495 0.0000351592
H  -2.3236781459 -1.7341345324 0.0000234710
H  2.3235423397 1.7342073473 -0.0000359771
H  2.3235797280 -1.7341861362 -0.0000242881
momentum
12.573650675833417  -12.20477616029248  -15.92783392539839
8.270721563035567  -23.958247073165758  -0.12126308433158932
-2.9049874739231183  11.859578613581808  7.300351729333906
-14.677157697058652  6.423070977850912  -3.5413142391026615
-3.7638924811439294  3.904453949940395  0.7000264487092009
0.7834959493940314  13.484809798152778  11.537359475577492
