C  1.2510687020 -0.0000186979 0.0000185379
C  -1.2510682562 -0.0000053236 -0.0000182654
H  -2.3234465962 1.7342574495 0.0000351592
H  -2.3236781459 -1.7341345324 0.0000234710
H  2.3235423397 1.7342073473 -0.0000359771
H  2.3235797280 -1.7341861362 -0.0000242881
momentum
24.4835010180873  7.468739043327576  3.5494756824531466
-44.217783492503564  -11.709609421497602  -6.571382689592343
9.059773388405345  3.5744178402420195  0.9617078314997088
10.3140512202125  4.979675881432873  3.2537254556357325
-1.103098404962825  0.15737437981484892  0.5446946073001013
1.2020288337875336  -4.509530132873732  -1.74454865872955
