C  1.2510687020 -0.0000186979 0.0000185379
C  -1.2510682562 -0.0000053236 -0.0000182654
H  -2.3234465962 1.7342574495 0.0000351592
H  -2.3236781459 -1.7341345324 0.0000234710
H  2.3235423397 1.7342073473 -0.0000359771
H  2.3235797280 -1.7341861362 -0.0000242881
momentum
19.467104195081333  7.1965775338624836  -12.09774700827235
-22.950979794127562  10.633069116843675  1.1500470565238676
-4.432225969204536  -10.566917094751256  -1.0495002968029972
3.202666343797178  -2.634460462923476  2.9533694610126418
10.82057929687756  1.539564561321458  6.506862772749905
-6.179019732957261  -5.889186549670233  2.5003614924384348
