C  1.2510687020 -0.0000186979 0.0000185379
C  -1.2510682562 -0.0000053236 -0.0000182654
H  -2.3234465962 1.7342574495 0.0000351592
H  -2.3236781459 -1.7341345324 0.0000234710
H  2.3235423397 1.7342073473 -0.0000359771
H  2.3235797280 -1.7341861362 -0.0000242881
momentum
8.71211251069978  3.3368878268985442  16.145567499256828
-4.823067130731489  -1.7934556216460538  13.816021907512168
10.029755397147012  4.441457313710678  -3.8600347649642095
1.2278524506363897  -9.566784094820433  -10.436701903849498
-4.2790274323815165  -3.2209218658744225  -11.075637062807683
-10.787140599281342  6.798141546434896  -4.498331342345709
