C  1.2510687020 -0.0000186979 0.0000185379
C  -1.2510682562 -0.0000053236 -0.0000182654
H  -2.3234465962 1.7342574495 0.0000351592
H  -2.3236781459 -1.7341345324 0.0000234710
H  2.3235423397 1.7342073473 -0.0000359771
H  2.3235797280 -1.7341861362 -0.0000242881
momentum
-27.5663209323399  3.463750004986712  4.134207765336049
2.5664668954197434  4.411616565553289  -9.710364448198078
14.203669610740539  3.081552794387335  1.4970712308802494
6.490525458881566  -4.554764065296286  4.9876354069749995
-5.436799679272343  -18.608647493413027  1.2826092842211532
9.48416487572273  12.240188254084252  -2.2041597788764666
