C  1.2510687020 -0.0000186979 0.0000185379
C  -1.2510682562 -0.0000053236 -0.0000182654
H  -2.3234465962 1.7342574495 0.0000351592
H  -2.3236781459 -1.7341345324 0.0000234710
H  2.3235423397 1.7342073473 -0.0000359771
H  2.3235797280 -1.7341861362 -0.0000242881
momentum
-23.49689014054457  2.6700329427907588  -13.401728898208344
18.56914230809966  14.787380270190463  22.325679675908667
7.196922743527495  -20.49140856454996  -10.179755919604265
0.23708535503636666  1.266185108445167  -3.8327423720772225
5.0415704889001605  10.793746077714445  5.7312202156602785
-7.679885198251494  -8.795304509886302  -0.6255870293925624
