C  1.2510687020 -0.0000186979 0.0000185379
C  -1.2510682562 -0.0000053236 -0.0000182654
H  -2.3234465962 1.7342574495 0.0000351592
H  -2.3236781459 -1.7341345324 0.0000234710
H  2.3235423397 1.7342073473 -0.0000359771
H  2.3235797280 -1.7341861362 -0.0000242881
momentum
-7.670981481415754  5.324029448355925  11.70569544607838
15.144343817242802  8.25897764831251  -4.366511604354603
-9.226256696632172  3.1759345954032105  1.6383118768706593
-4.671977120741168  -6.094780836110917  -0.9887404149169791
-0.5635343367629702  -8.95792351136274  -5.296850810019108
7.122829972057039  -1.5529703619007091  -2.6653927597198384
