C  1.2510687020 -0.0000186979 0.0000185379
C  -1.2510682562 -0.0000053236 -0.0000182654
H  -2.3234465962 1.7342574495 0.0000351592
H  -2.3236781459 -1.7341345324 0.0000234710
H  2.3235423397 1.7342073473 -0.0000359771
H  2.3235797280 -1.7341861362 -0.0000242881
momentum
4.1607885520647985  -9.036641220929484  4.359549603992765
10.366331290754783  8.183746546298428  -7.936597061685721
0.2682192403542891  2.080028266801212  3.779121148740033
-4.210011977146972  -4.763794227962334  1.2953489458729872
-9.460277201013941  4.942796958481197  -1.9959845395587552
-0.9341798798286813  -1.4555524519012009  0.49115831754778616
