C  1.2510687020 -0.0000186979 0.0000185379
C  -1.2510682562 -0.0000053236 -0.0000182654
H  -2.3234465962 1.7342574495 0.0000351592
H  -2.3236781459 -1.7341345324 0.0000234710
H  2.3235423397 1.7342073473 -0.0000359771
H  2.3235797280 -1.7341861362 -0.0000242881
momentum
-18.29097633029919  1.7338504566948227  -11.720331000845862
9.445606760800851  -3.567372161303932  -16.582685129610137
-2.494738397944074  -0.24334577494917226  12.616191967382122
8.28842220014656  5.829855770642613  2.7807086048750014
2.5105388834577496  4.290027246620731  1.492691073553021
0.4007316716947896  -8.017113336278182  11.329507318222632
