C  1.2510687020 -0.0000186979 0.0000185379
C  -1.2510682562 -0.0000053236 -0.0000182654
H  -2.3234465962 1.7342574495 0.0000351592
H  -2.3236781459 -1.7341345324 0.0000234710
H  2.3235423397 1.7342073473 -0.0000359771
H  2.3235797280 -1.7341861362 -0.0000242881
momentum
-2.042801270891522  9.02565517173246  11.608075048653536
11.89878894314919  -39.63568060667559  -4.58468773345082
7.9673334432133895  18.68018504990193  -2.1930106091480868
-15.07023916139235  0.5203340698576847  3.032133197620721
-0.9338155684577772  2.3955763509735006  -1.3081056579183266
-1.662447413134122  8.575567070772694  -6.528810659099934
