C  1.2510687020 -0.0000186979 0.0000185379
C  -1.2510682562 -0.0000053236 -0.0000182654
H  -2.3234465962 1.7342574495 0.0000351592
H  -2.3236781459 -1.7341345324 0.0000234710
H  2.3235423397 1.7342073473 -0.0000359771
H  2.3235797280 -1.7341861362 -0.0000242881
momentum
-1.5724109581021257  -14.898316722590799  15.57253369665509
-16.774026943042333  6.055889681626752  -30.405527621468753
-0.6345319649049179  -0.37971229312647253  8.27265632884219
3.896003271645646  0.9666452126545441  11.427807124666197
7.255458507356365  7.825093590279647  -0.8784982127076697
7.568789298161598  0.3396384716734979  -4.021045373301926
