C  1.2510687020 -0.0000186979 0.0000185379
C  -1.2510682562 -0.0000053236 -0.0000182654
H  -2.3234465962 1.7342574495 0.0000351592
H  -2.3236781459 -1.7341345324 0.0000234710
H  2.3235423397 1.7342073473 -0.0000359771
H  2.3235797280 -1.7341861362 -0.0000242881
momentum
15.271491382365785  -21.262633862410954  21.47330995357128
-8.431042440422942  -0.22371470394687645  -10.357012016530602
-7.825113849694981  1.2159085730782035  0.19769410143072677
0.6385469897296525  4.075446051144781  2.7912114244186905
4.080023296243098  2.056256213256191  -5.739101657395281
-3.6499000810119107  13.908061843490884  -8.323893563176528
