C  1.2510687020 -0.0000186979 0.0000185379
C  -1.2510682562 -0.0000053236 -0.0000182654
H  -2.3234465962 1.7342574495 0.0000351592
H  -2.3236781459 -1.7341345324 0.0000234710
H  2.3235423397 1.7342073473 -0.0000359771
H  2.3235797280 -1.7341861362 -0.0000242881
momentum
2.763174976973936  1.3549620798929105  1.1899103727190463
-25.09969146474703  -10.116959622641868  7.628197048250036
4.811697187090255  -4.725518415815653  -0.36288054757206656
2.6298797368791234  12.209326741026178  -5.752755067813441
6.06634247346288  5.206824795040925  -4.032892880651978
8.498789521241132  -4.025905247707583  1.355216758373515
