C  1.2510687020 -0.0000186979 0.0000185379
C  -1.2510682562 -0.0000053236 -0.0000182654
H  -2.3234465962 1.7342574495 0.0000351592
H  -2.3236781459 -1.7341345324 0.0000234710
H  2.3235423397 1.7342073473 -0.0000359771
H  2.3235797280 -1.7341861362 -0.0000242881
momentum
-4.710431703381225  -1.992088830204059  -3.2190445454433876
-2.4982922682535182  2.974373663179187  -3.860751490609939
9.59509519429201  -3.6962938786252644  8.577738249500829
11.349003010883722  1.3841292798590756  -4.880196029995288
-5.359660814047733  -1.7460985881941495  -5.048502574901955
-8.473097027412193  3.1000675450360373  8.409607611103251
