C  1.2510687020 -0.0000186979 0.0000185379
C  -1.2510682562 -0.0000053236 -0.0000182654
H  -2.3234465962 1.7342574495 0.0000351592
H  -2.3236781459 -1.7341345324 0.0000234710
H  2.3235423397 1.7342073473 -0.0000359771
H  2.3235797280 -1.7341861362 -0.0000242881
momentum
-30.02105651422945  13.146443830880536  -0.975436449590104
19.47136708676451  -11.18167250758356  -5.912722471875705
13.070687303501186  1.1676375515924626  2.4141917593046753
0.29024767101905163  0.751034562841339  2.338350038305047
-3.082190444804944  7.928512924699229  1.0195139681127685
0.1109554926297858  -11.815491315635704  1.0967091118158745
