C  1.2510687020 -0.0000186979 0.0000185379
C  -1.2510682562 -0.0000053236 -0.0000182654
H  -2.3234465962 1.7342574495 0.0000351592
H  -2.3236781459 -1.7341345324 0.0000234710
H  2.3235423397 1.7342073473 -0.0000359771
H  2.3235797280 -1.7341861362 -0.0000242881
momentum
-12.482609132535767  0.5194955672838515  -22.744645564340697
16.060115472004426  -5.479609063231441  1.4700217344067963
6.28489206919798  -6.833038781202513  2.424762329409798
-1.4740061634183648  13.96625809148589  1.684706115587362
-12.203033475861872  -6.121070917014194  8.180509489427733
3.855062851502195  3.8380455722794213  8.91392791067924
