C  1.2510687020 -0.0000186979 0.0000185379
C  -1.2510682562 -0.0000053236 -0.0000182654
H  -2.3234465962 1.7342574495 0.0000351592
H  -2.3236781459 -1.7341345324 0.0000234710
H  2.3235423397 1.7342073473 -0.0000359771
H  2.3235797280 -1.7341861362 -0.0000242881
momentum
-22.48464335205112  1.9383698128536235  4.172996915405053
2.9321790231529725  -9.354143115150814  -19.727127890281928
9.17539134432917  5.383214454552886  4.575529645392963
3.995738122034336  -1.5213206033484084  9.571185853225847
4.248928989806793  -5.206356593332064  3.178110945998973
1.9035570175298757  8.659421793689424  -1.8109936925341066
