C  1.2510687020 -0.0000186979 0.0000185379
C  -1.2510682562 -0.0000053236 -0.0000182654
H  -2.3234465962 1.7342574495 0.0000351592
H  -2.3236781459 -1.7341345324 0.0000234710
H  2.3235423397 1.7342073473 -0.0000359771
H  2.3235797280 -1.7341861362 -0.0000242881
momentum
-23.369911292034804  -5.9198115480051445  -6.884670676757613
21.083124572891133  15.951544067258093  4.556176825869295
-2.7149131871777947  -13.03448237519485  -2.0662700678309562
3.788911438371796  3.6225396502699216  0.16177660706957334
2.002647151171076  -6.505560971290797  3.227010225427392
-0.8275244332342251  6.02887972056694  0.9958273532947823
