C  1.2510687020 -0.0000186979 0.0000185379
C  -1.2510682562 -0.0000053236 -0.0000182654
H  -2.3234465962 1.7342574495 0.0000351592
H  -2.3236781459 -1.7341345324 0.0000234710
H  2.3235423397 1.7342073473 -0.0000359771
H  2.3235797280 -1.7341861362 -0.0000242881
momentum
4.928413142435678  0.8456970733295562  -8.87574192389053
1.0959892778256894  7.586640814463794  7.638133028829362
-3.792779556397947  -7.809140679672947  -5.676112903087049
-13.790045072964146  0.7178809249733582  1.8697195198233845
2.278994330899065  2.468033551343572  6.29305348179977
9.341139895711136  -3.7484023535560906  -1.2573057708674396
