C  1.2510687020 -0.0000186979 0.0000185379
C  -1.2510682562 -0.0000053236 -0.0000182654
H  -2.3234465962 1.7342574495 0.0000351592
H  -2.3236781459 -1.7341345324 0.0000234710
H  2.3235423397 1.7342073473 -0.0000359771
H  2.3235797280 -1.7341861362 -0.0000242881
momentum
-19.852779085260032  6.389961682058378  6.169483474224255
13.84252365903688  -1.492848368715806  22.697406426272064
5.579639008488595  -7.920001911724678  -8.13776687274744
-9.591184702070436  3.372137626905347  -10.66418741433822
2.994454311237592  3.4930728453318967  -6.25220384572286
6.924537841525927  -3.8249505731244806  -3.7303139847658646
