C  1.2510687020 -0.0000186979 0.0000185379
C  -1.2510682562 -0.0000053236 -0.0000182654
H  -2.3234465962 1.7342574495 0.0000351592
H  -2.3236781459 -1.7341345324 0.0000234710
H  2.3235423397 1.7342073473 -0.0000359771
H  2.3235797280 -1.7341861362 -0.0000242881
momentum
-9.263279990301841  -15.498887842197112  -3.424922715215221
6.4245103252107985  12.502978036104683  -6.907336171250562
-1.5664476746973128  -6.7972379968260075  -1.8348177074311467
-1.5636739553804597  8.361447122897507  7.912852588733389
-7.172961145454528  -4.473669760470845  6.985386519810927
13.104342085964658  5.824615453953971  -2.7613291674018456
