C  1.2510687020 -0.0000186979 0.0000185379
C  -1.2510682562 -0.0000053236 -0.0000182654
H  -2.3234465962 1.7342574495 0.0000351592
H  -2.3236781459 -1.7341345324 0.0000234710
H  2.3235423397 1.7342073473 -0.0000359771
H  2.3235797280 -1.7341861362 -0.0000242881
momentum
26.685189556940447  1.4067657068604826  0.9617566212008204
-16.681602968433733  -2.386812949314857  0.8601814152262663
-0.4631271130464444  14.267424079324604  -3.5128171645338364
3.6688198180294664  -10.211914644619277  2.6327103231652726
-7.873447509749957  1.9366735111145221  2.604592028905274
-5.175635692732715  -5.025905459628396  -3.54090761471325
