C  1.2510687020 -0.0000186979 0.0000185379
C  -1.2510682562 -0.0000053236 -0.0000182654
H  -2.3234465962 1.7342574495 0.0000351592
H  -2.3236781459 -1.7341345324 0.0000234710
H  2.3235423397 1.7342073473 -0.0000359771
H  2.3235797280 -1.7341861362 -0.0000242881
momentum
-0.08485883826593683  -9.589102061231875  12.469809430584988
0.08562052941419265  0.648087634211863  -6.839121218191771
4.203886292044444  5.432032905424019  -4.076464219980917
-6.489012512421652  -6.363341473468494  6.443705566361364
-0.735045026757164  3.700298464687134  1.2696000659114062
3.033196216128346  6.015655894632313  -9.245276702160925
