C  1.2510687020 -0.0000186979 0.0000185379
C  -1.2510682562 -0.0000053236 -0.0000182654
H  -2.3234465962 1.7342574495 0.0000351592
H  -2.3236781459 -1.7341345324 0.0000234710
H  2.3235423397 1.7342073473 -0.0000359771
H  2.3235797280 -1.7341861362 -0.0000242881
momentum
11.564975293702325  1.2248951590123576  -10.937890043001008
-10.297159052978161  9.763969361147641  2.6598065802957356
9.606385018461289  -5.258097007684889  0.19681647468927918
2.65260918950645  -7.932804586108557  0.28389492340571804
-2.900707329334182  -5.581860469958903  3.929758263496633
-10.59125767570222  7.901804359438853  3.838952376012842
