C  1.2510687020 -0.0000186979 0.0000185379
C  -1.2510682562 -0.0000053236 -0.0000182654
H  -2.3234465962 1.7342574495 0.0000351592
H  -2.3236781459 -1.7341345324 0.0000234710
H  2.3235423397 1.7342073473 -0.0000359771
H  2.3235797280 -1.7341861362 -0.0000242881
momentum
24.32434225816775  1.1881852122625074  5.6454694415837725
-28.19408036528943  1.166677445895035  -1.793342020378511
1.3516857892099463  -2.861788620548495  -4.498636621734232
4.266231790822474  1.6782942803453758  4.572555584370863
0.6006256545432965  -0.17078860676240792  2.5783743078502845
-2.407608132867413  -0.9540977610746845  -6.490778750375983
