C  1.2510687020 -0.0000186979 0.0000185379
C  -1.2510682562 -0.0000053236 -0.0000182654
H  -2.3234465962 1.7342574495 0.0000351592
H  -2.3236781459 -1.7341345324 0.0000234710
H  2.3235423397 1.7342073473 -0.0000359771
H  2.3235797280 -1.7341861362 -0.0000242881
momentum
21.00477371465436  -3.209661648401099  3.962742602182501
-21.898509259001635  19.754010035409326  15.805213534763077
-4.712815660365527  -9.508747443207845  -2.529627619885253
11.879365627684134  -0.9570033002449905  -10.486282430008707
0.06546918856408979  -8.724890346985253  -7.324579430309002
-6.344524071596904  2.9019842452120868  0.6288290884403904
