C  1.2510687020 -0.0000186979 0.0000185379
C  -1.2510682562 -0.0000053236 -0.0000182654
H  -2.3234465962 1.7342574495 0.0000351592
H  -2.3236781459 -1.7341345324 0.0000234710
H  2.3235423397 1.7342073473 -0.0000359771
H  2.3235797280 -1.7341861362 -0.0000242881
momentum
-4.933674035292946  -42.94060319245201  14.569842416808452
-10.192152138365792  18.436309972832916  -3.086517146963304
12.653401605590822  -0.8896104840251802  -2.4950941893008434
7.068064457236128  -2.9423871694726316  1.5051810363518263
-5.851195572262648  20.734444927334625  -3.2292742810587103
1.0176314539808748  7.267567088298407  -7.2247094958660485
