C  1.2510687020 -0.0000186979 0.0000185379
C  -1.2510682562 -0.0000053236 -0.0000182654
H  -2.3234465962 1.7342574495 0.0000351592
H  -2.3236781459 -1.7341345324 0.0000234710
H  2.3235423397 1.7342073473 -0.0000359771
H  2.3235797280 -1.7341861362 -0.0000242881
momentum
-3.4526801821224193  3.952791309091103  11.626627892900045
0.7370146856510414  -23.345728222457698  11.589816552751438
4.751186138821634  3.5882810067333684  -7.2523733017920895
4.168969389575652  14.06269761938974  -4.299370815826815
-4.451022544782048  -0.8122872828057597  -4.320884396266103
-1.7990757051037407  2.3235515868865075  -7.273876791403487
