C  1.2510687020 -0.0000186979 0.0000185379
C  -1.2510682562 -0.0000053236 -0.0000182654
H  -2.3234465962 1.7342574495 0.0000351592
H  -2.3236781459 -1.7341345324 0.0000234710
H  2.3235423397 1.7342073473 -0.0000359771
H  2.3235797280 -1.7341861362 -0.0000242881
momentum
35.09914994147808  -7.534973890534661  5.249778058246968
-41.758380348768185  18.265655907117342  16.49930176127273
-4.384970100269193  3.879960385101992  -7.859824081612016
6.283074774483399  -9.451062537447314  -5.983867718841508
-1.1731992394148034  5.241163027923293  -2.981961189865423
5.850338336171849  -10.256606567447916  -4.861001303651015
