C  1.2510687020 -0.0000186979 0.0000185379
C  -1.2510682562 -0.0000053236 -0.0000182654
H  -2.3234465962 1.7342574495 0.0000351592
H  -2.3236781459 -1.7341345324 0.0000234710
H  2.3235423397 1.7342073473 -0.0000359771
H  2.3235797280 -1.7341861362 -0.0000242881
momentum
-9.317711419132674  15.072846417842603  13.778934083267933
-5.7456816771940025  -8.165738073662013  0.4206939653473097
7.2428879749548605  1.0893112914038674  -3.6593311857096915
5.985249109243952  -4.437214210867353  0.16560738828281546
8.432502129820849  -5.818528600259758  -3.419097856597002
-6.776925431205941  2.3738058939761255  -7.240374632311569
