C  1.2510687020 -0.0000186979 0.0000185379
C  -1.2510682562 -0.0000053236 -0.0000182654
H  -2.3234465962 1.7342574495 0.0000351592
H  -2.3236781459 -1.7341345324 0.0000234710
H  2.3235423397 1.7342073473 -0.0000359771
H  2.3235797280 -1.7341861362 -0.0000242881
momentum
-47.767877257707376  -18.496413156271554  -2.338485275500917
41.33259482815494  13.354864075045727  14.68629224889695
3.719246874046946  -1.398769356312473  -3.300191894757466
1.8072324124161436  0.5675740548873986  -7.40845836717016
-7.455175568957408  10.24915429902002  -2.8551154971010972
8.256331215453844  -4.375077071603397  1.2484840955077596
