C  1.2510687020 -0.0000186979 0.0000185379
C  -1.2510682562 -0.0000053236 -0.0000182654
H  -2.3234465962 1.7342574495 0.0000351592
H  -2.3236781459 -1.7341345324 0.0000234710
H  2.3235423397 1.7342073473 -0.0000359771
H  2.3235797280 -1.7341861362 -0.0000242881
momentum
-14.99496026355049  18.38659010227418  -2.6024681194005983
16.647931785633485  -32.43425339228862  20.574988087012674
0.8100731128463821  -0.23031581804756718  -4.085644132723692
4.2589953910675975  11.956246821229854  -11.071866013224172
10.161666192378869  2.7297506409974743  -4.873548802938352
-16.896907428988687  -0.4951185833512698  2.1063196082072997
