C  1.2510687020 -0.0000186979 0.0000185379
C  -1.2510682562 -0.0000053236 -0.0000182654
H  -2.3234465962 1.7342574495 0.0000351592
H  -2.3236781459 -1.7341345324 0.0000234710
H  2.3235423397 1.7342073473 -0.0000359771
H  2.3235797280 -1.7341861362 -0.0000242881
momentum
-23.799218499744523  19.26662832753031  15.697745988436315
24.432197819330074  3.0943312245570254  0.39715710855190617
-2.668084490291569  -8.861393108108096  -7.1857447173158855
2.01776396115525  -3.132160074412824  3.2683850955473464
9.42896777268921  -5.751408277812342  -0.8374675192851705
-9.40849694601723  -4.288292367146257  -11.287403091775625
