C  1.2510687020 -0.0000186979 0.0000185379
C  -1.2510682562 -0.0000053236 -0.0000182654
H  -2.3234465962 1.7342574495 0.0000351592
H  -2.3236781459 -1.7341345324 0.0000234710
H  2.3235423397 1.7342073473 -0.0000359771
H  2.3235797280 -1.7341861362 -0.0000242881
momentum
-20.865069322970083  -5.9810023597502155  -18.250836087494932
12.019659234246758  5.425847432818323  4.568877745049554
9.450798202862662  -0.9207141308548819  -4.379182015869676
-8.37252409723961  -4.27387381735975  5.081157656301199
-1.9127180887491835  7.406637803358508  11.199555828142897
9.556155131814855  -1.7379400212464888  1.7329607519609067
