C  1.2510687020 -0.0000186979 0.0000185379
C  -1.2510682562 -0.0000053236 -0.0000182654
H  -2.3234465962 1.7342574495 0.0000351592
H  -2.3236781459 -1.7341345324 0.0000234710
H  2.3235423397 1.7342073473 -0.0000359771
H  2.3235797280 -1.7341861362 -0.0000242881
momentum
-10.56091496419378  1.839648720770137  -0.8811418760078593
7.924409030889141  -13.239059727627037  1.190491337654973
9.141126774912426  4.0239490601639  5.214452778483257
-1.3566796665431964  -0.019803568696143525  -5.923326953321197
-0.2994342948724655  6.35577650900321  -5.368661621563369
-4.892549199415162  0.884261678990359  5.768550228329445
