C  1.2510687020 -0.0000186979 0.0000185379
C  -1.2510682562 -0.0000053236 -0.0000182654
H  -2.3234465962 1.7342574495 0.0000351592
H  -2.3236781459 -1.7341345324 0.0000234710
H  2.3235423397 1.7342073473 -0.0000359771
H  2.3235797280 -1.7341861362 -0.0000242881
momentum
4.783038825890058  -5.558888779520117  -9.849988061150102
14.453295610701774  25.782346112764905  0.9707455814980537
-12.652500047265423  -13.377988068092671  3.569610292074827
6.633391550200132  1.2154603402361652  -2.0458059092941236
-5.101456214801865  -0.35553230153941173  0.8566385946191893
-7.8919596037928965  -7.40186754024761  6.469088586108029
