C  1.2510687020 -0.0000186979 0.0000185379
C  -1.2510682562 -0.0000053236 -0.0000182654
H  -2.3234465962 1.7342574495 0.0000351592
H  -2.3236781459 -1.7341345324 0.0000234710
H  2.3235423397 1.7342073473 -0.0000359771
H  2.3235797280 -1.7341861362 -0.0000242881
momentum
16.906148350897663  14.272846440871671  0.5267422565730087
-3.5877194408612367  -9.6670510842783  15.06912326686746
-11.57197001318212  3.811802157629493  -10.029582453610997
-5.907346801937071  -2.442176924409751  -1.6317444513517307
8.716453321661751  -5.616612982342921  2.2551374411730536
-4.364446544033846  -0.26247526415474204  -6.146686959389473
