C  1.2510687020 -0.0000186979 0.0000185379
C  -1.2510682562 -0.0000053236 -0.0000182654
H  -2.3234465962 1.7342574495 0.0000351592
H  -2.3236781459 -1.7341345324 0.0000234710
H  2.3235423397 1.7342073473 -0.0000359771
H  2.3235797280 -1.7341861362 -0.0000242881
momentum
25.17886592972773  -11.044107525409693  -0.47174547182334875
-12.813601007074016  19.442658850539416  6.4014224798790265
3.5000215392160077  -9.805375677043239  0.600177438170636
9.330211899899686  -5.443028035225641  -5.3938669341617205
-5.6328528739992425  3.9588877033501513  -3.5560857057405593
-19.422030161987323  3.02787324425946  2.436074574499773
