C  1.2510687020 -0.0000186979 0.0000185379
C  -1.2510682562 -0.0000053236 -0.0000182654
H  -2.3234465962 1.7342574495 0.0000351592
H  -2.3236781459 -1.7341345324 0.0000234710
H  2.3235423397 1.7342073473 -0.0000359771
H  2.3235797280 -1.7341861362 -0.0000242881
momentum
4.251574144624437  12.176431646373516  1.240665137601657
-10.953516749307013  -6.647112704053727  -3.8280781206985366
9.79758218238921  -2.525572193952607  2.0634351659108785
6.058041983193802  3.004489608500384  0.582576310263889
-4.066574396151585  -0.938753886158  -0.7736253806622837
-5.183211282294136  -5.000763592197251  0.7086229331147225
