C  1.2510687020 -0.0000186979 0.0000185379
C  -1.2510682562 -0.0000053236 -0.0000182654
H  -2.3234465962 1.7342574495 0.0000351592
H  -2.3236781459 -1.7341345324 0.0000234710
H  2.3235423397 1.7342073473 -0.0000359771
H  2.3235797280 -1.7341861362 -0.0000242881
momentum
-15.302810688813524  13.319894677613478  -6.190573336802211
12.285824485466085  -3.7197026658528882  5.090990543074038
-1.970380709791178  4.90759048785546  2.0710640154995787
-8.323383424050029  -3.1223076923868693  -4.544886293471785
0.8078234810378712  -10.106434309569831  -1.522928616818818
12.504096772653613  -1.2065395646112975  5.089929158194246
