C  1.2510687020 -0.0000186979 0.0000185379
C  -1.2510682562 -0.0000053236 -0.0000182654
H  -2.3234465962 1.7342574495 0.0000351592
H  -2.3236781459 -1.7341345324 0.0000234710
H  2.3235423397 1.7342073473 -0.0000359771
H  2.3235797280 -1.7341861362 -0.0000242881
momentum
10.707975550690097  -12.124987686208833  -6.144172781536726
3.9930324634413292  6.706073222592863  -7.684050154663833
-5.7960069200909015  -4.10303368290172  2.724542595043311
-2.3892093634731455  6.219790745923351  4.5742082084215845
-7.450319364227515  4.174073736193538  4.1687432361048575
1.104300885451411  -0.9468545790161217  2.319499738234569
