C  1.2510687020 -0.0000186979 0.0000185379
C  -1.2510682562 -0.0000053236 -0.0000182654
H  -2.3234465962 1.7342574495 0.0000351592
H  -2.3236781459 -1.7341345324 0.0000234710
H  2.3235423397 1.7342073473 -0.0000359771
H  2.3235797280 -1.7341861362 -0.0000242881
momentum
47.13168768727939  17.734561670047537  -4.785964866186377
-57.31402563012836  4.768040368467512  9.623004698419768
4.847347090336908  -7.475228806082315  2.414136960111922
-2.2409959723698294  -0.9535544891834382  -8.68192510290334
1.2023420434012284  -10.379602854613823  -4.825372177686097
6.256293850882603  -3.4469363506320576  6.266740058145884
