C  1.2510687020 -0.0000186979 0.0000185379
C  -1.2510682562 -0.0000053236 -0.0000182654
H  -2.3234465962 1.7342574495 0.0000351592
H  -2.3236781459 -1.7341345324 0.0000234710
H  2.3235423397 1.7342073473 -0.0000359771
H  2.3235797280 -1.7341861362 -0.0000242881
momentum
-4.610182332164643  5.047359707533365  -37.99998607581961
17.786828234927885  -11.693960918920208  19.23736610353148
-4.2059048215267865  4.300380529522382  -3.0411372675873087
-1.358615600113383  9.28924454042431  -2.9444208717934544
-10.073455793867666  -17.879636670498165  12.394190295941787
2.680335962984024  10.830574437911485  12.281783836502276
