C  1.2510687020 -0.0000186979 0.0000185379
C  -1.2510682562 -0.0000053236 -0.0000182654
H  -2.3234465962 1.7342574495 0.0000351592
H  -2.3236781459 -1.7341345324 0.0000234710
H  2.3235423397 1.7342073473 -0.0000359771
H  2.3235797280 -1.7341861362 -0.0000242881
momentum
3.599676778969259  -8.380121360723559  -0.5168558003541351
-16.00116517387579  14.774521759625  7.738193359879422
-5.900753379574599  -5.855536480923905  -6.632968806868932
16.4779129381855  -1.7529347486017064  0.8259500937666532
9.763518672366427  0.0706411961645174  3.0331755354790673
-8.116169332802807  1.3218618665934285  -4.428006262404388
