C  1.2510687020 -0.0000186979 0.0000185379
C  -1.2510682562 -0.0000053236 -0.0000182654
H  -2.3234465962 1.7342574495 0.0000351592
H  -2.3236781459 -1.7341345324 0.0000234710
H  2.3235423397 1.7342073473 -0.0000359771
H  2.3235797280 -1.7341861362 -0.0000242881
momentum
12.748182332968524  21.12533026066262  13.415400015344337
-0.9326766844775349  -12.85719742966259  10.332666777047248
-6.690209879767698  3.2878881488254663  -6.456050464939838
-16.369896517021957  3.498163146938411  -4.544684653815523
-1.572608899947134  -3.0474832621972987  -5.382217770424039
12.979468772225475  -11.954880016463319  -7.292738534059786
