C  1.2510687020 -0.0000186979 0.0000185379
C  -1.2510682562 -0.0000053236 -0.0000182654
H  -2.3234465962 1.7342574495 0.0000351592
H  -2.3236781459 -1.7341345324 0.0000234710
H  2.3235423397 1.7342073473 -0.0000359771
H  2.3235797280 -1.7341861362 -0.0000242881
momentum
-1.820428978438807  10.091985695139233  -1.5735338223563327
-10.641317303546488  -22.13059296937674  13.906144859549311
1.0737306421340669  7.847143795652426  2.586334786995352
11.882142018215623  10.0106430911315  -12.873612340057987
0.6954331263820545  -1.8759961441219442  -8.734067096198476
-1.3539989177051561  -4.038501914587866  6.721636697882846
