C  1.2510687020 -0.0000186979 0.0000185379
C  -1.2510682562 -0.0000053236 -0.0000182654
H  -2.3234465962 1.7342574495 0.0000351592
H  -2.3236781459 -1.7341345324 0.0000234710
H  2.3235423397 1.7342073473 -0.0000359771
H  2.3235797280 -1.7341861362 -0.0000242881
momentum
-4.1034310146195505  14.946531362481497  4.112484451618754
-2.0846953432896873  -10.734392350511238  8.543544205233136
-0.6230113165218774  0.5301030212427419  -4.084526281602126
-7.937757432973658  -2.6860284087395607  -3.404791818017071
12.96061706281944  -8.143537421713432  -2.2244277627020534
1.7309519805968951  6.139716596272469  -2.9053768808248317
