C  1.2510687020 -0.0000186979 0.0000185379
C  -1.2510682562 -0.0000053236 -0.0000182654
H  -2.3234465962 1.7342574495 0.0000351592
H  -2.3236781459 -1.7341345324 0.0000234710
H  2.3235423397 1.7342073473 -0.0000359771
H  2.3235797280 -1.7341861362 -0.0000242881
momentum
-14.743740759376033  -3.296825076207392  -1.4279317261949935
6.288133740304828  7.464347812010191  -12.692055474780066
14.88258349566192  1.8406657720709723  4.00837197204078
11.436556957272797  -8.245207872243608  6.040003136975334
-8.750883016345243  4.4173181626682325  3.0303565874814247
-9.220442819611371  -2.1412284382340094  1.0018131757674256
