C  1.2510687020 -0.0000186979 0.0000185379
C  -1.2510682562 -0.0000053236 -0.0000182654
H  -2.3234465962 1.7342574495 0.0000351592
H  -2.3236781459 -1.7341345324 0.0000234710
H  2.3235423397 1.7342073473 -0.0000359771
H  2.3235797280 -1.7341861362 -0.0000242881
momentum
-52.5978122049442  16.125302420818837  20.462377903146596
13.595472843678397  3.2873277101470046  -30.249231630515972
12.20584294410713  2.8669179403997096  7.4804915560612955
12.069243982667917  -10.540389398929575  10.97476394331085
9.067977395336223  0.7383646724823016  -2.6018039299178257
5.15891102280917  -12.221003044337241  -6.082175108413635
