C  1.2510687020 -0.0000186979 0.0000185379
C  -1.2510682562 -0.0000053236 -0.0000182654
H  -2.3234465962 1.7342574495 0.0000351592
H  -2.3236781459 -1.7341345324 0.0000234710
H  2.3235423397 1.7342073473 -0.0000359771
H  2.3235797280 -1.7341861362 -0.0000242881
momentum
-0.4570549910146995  1.1480028217219322  5.8334201125221155
-19.451203711904206  -7.137850055348614  3.339457001093292
5.5267160773253385  5.16507164997968  -1.0400406931240076
5.6371624758958445  -2.3531551729103803  -2.8600502629057387
7.470618052603837  -1.1471911476980816  -3.532583289717407
1.0270225067853835  4.268087211507939  -1.7118900677669733
