C  1.2510687020 -0.0000186979 0.0000185379
C  -1.2510682562 -0.0000053236 -0.0000182654
H  -2.3234465962 1.7342574495 0.0000351592
H  -2.3236781459 -1.7341345324 0.0000234710
H  2.3235423397 1.7342073473 -0.0000359771
H  2.3235797280 -1.7341861362 -0.0000242881
momentum
9.646926090403044  8.804136870055908  -9.989094070772433
-21.985194469185988  -10.582832563177641  19.805756204750374
1.1505256894613225  12.628582825501306  -7.966876886593535
10.080124132077511  -0.360463362449518  -4.9013386958089376
-3.3323433854551325  -6.519116495261328  3.0733299493244095
4.314086910795769  -3.9777722078432913  -0.0003756894523804824
