C  1.2510687020 -0.0000186979 0.0000185379
C  -1.2510682562 -0.0000053236 -0.0000182654
H  -2.3234465962 1.7342574495 0.0000351592
H  -2.3236781459 -1.7341345324 0.0000234710
H  2.3235423397 1.7342073473 -0.0000359771
H  2.3235797280 -1.7341861362 -0.0000242881
momentum
9.6868814331686  -2.8910754906328773  3.029396935539775
2.4728255572514146  4.841697636482524  -4.368046334212218
-5.887017355446502  7.911318543612681  -6.543086611359331
-8.483735672052134  -7.687075553895222  9.190891591532935
-4.480139026019315  2.8601289630463183  7.21039527244454
6.868139694593259  -5.050147950501923  -8.521555122533869
