C  1.2510687020 -0.0000186979 0.0000185379
C  -1.2510682562 -0.0000053236 -0.0000182654
H  -2.3234465962 1.7342574495 0.0000351592
H  -2.3236781459 -1.7341345324 0.0000234710
H  2.3235423397 1.7342073473 -0.0000359771
H  2.3235797280 -1.7341861362 -0.0000242881
momentum
1.073145953605017  18.133984055350606  21.75188444099496
-11.655510435568065  4.709575367424716  -30.031077511277033
-1.4040333878410851  -8.35500866988557  6.588720968750887
7.102854523169546  -2.6385317489574396  11.402659076367415
11.066798910743792  -4.144295942813485  -2.4615930978723255
-6.3319135090600875  -7.359143170839855  -7.261336314602813
