C  1.2510687020 -0.0000186979 0.0000185379
C  -1.2510682562 -0.0000053236 -0.0000182654
H  -2.3234465962 1.7342574495 0.0000351592
H  -2.3236781459 -1.7341345324 0.0000234710
H  2.3235423397 1.7342073473 -0.0000359771
H  2.3235797280 -1.7341861362 -0.0000242881
momentum
1.5179754087280513  0.24598967527357038  6.029987208395164
7.736882967716914  6.627370036454808  4.920906489129291
-0.2956234111200898  -0.001133807440776109  -6.1262782184171405
-10.507327670878102  0.5891664267310982  0.9698528766502754
-11.912049756549562  -11.701880770243847  0.6673236794403419
13.621471353927001  4.232126079291701  -6.4285033913071
