C  1.2510687020 -0.0000186979 0.0000185379
C  -1.2510682562 -0.0000053236 -0.0000182654
H  -2.3234465962 1.7342574495 0.0000351592
H  -2.3236781459 -1.7341345324 0.0000234710
H  2.3235423397 1.7342073473 -0.0000359771
H  2.3235797280 -1.7341861362 -0.0000242881
momentum
38.61599267948714  6.790047881876547  8.092905915740852
-27.964303728222717  -14.761041788288656  -2.8495659410509684
-10.429876191724267  -0.12321660906307519  5.826776314606251
-1.8733533955086072  5.262819475117985  -5.5073267710522105
11.287910192242183  11.399044264835911  -8.440549705603766
-9.545363155629792  -8.584246099480193  2.8965529611557885
