C  1.2510687020 -0.0000186979 0.0000185379
C  -1.2510682562 -0.0000053236 -0.0000182654
H  -2.3234465962 1.7342574495 0.0000351592
H  -2.3236781459 -1.7341345324 0.0000234710
H  2.3235423397 1.7342073473 -0.0000359771
H  2.3235797280 -1.7341861362 -0.0000242881
momentum
-23.522239009980527  3.1317608597309285  2.2697729305414596
22.03030078282301  -24.047913736919217  -4.9387626650226535
-8.34475371389486  7.762038028062889  4.465718225703809
11.311882809636547  11.148215278056513  -1.206007315933472
7.375820252350816  7.41389872001626  -3.1352429213163466
-8.903173364903958  -5.555644599233191  2.5384586443328767
