C  1.2510687020 -0.0000186979 0.0000185379
C  -1.2510682562 -0.0000053236 -0.0000182654
H  -2.3234465962 1.7342574495 0.0000351592
H  -2.3236781459 -1.7341345324 0.0000234710
H  2.3235423397 1.7342073473 -0.0000359771
H  2.3235797280 -1.7341861362 -0.0000242881
momentum
-12.98065326695306  12.448011775439005  -2.1571072085548404
14.660720236897061  -17.063463397609645  -14.321660170419285
-0.4141389826861034  9.481276012013597  2.959414759814877
-1.7041844362537735  2.852200303781049  8.504765067064298
-3.3143057582432967  -3.2620817410757548  5.255151508920719
3.793280137988092  -4.524515478588116  -0.2868642169246829
