C  1.2510687020 -0.0000186979 0.0000185379
C  -1.2510682562 -0.0000053236 -0.0000182654
H  -2.3234465962 1.7342574495 0.0000351592
H  -2.3236781459 -1.7341345324 0.0000234710
H  2.3235423397 1.7342073473 -0.0000359771
H  2.3235797280 -1.7341861362 -0.0000242881
momentum
1.7256798751477278  24.477415896745313  -6.349291571921864
13.181154415402535  -18.79296436211761  15.861481407739882
-4.224380523101221  11.220499581189719  -11.955522507787737
-9.344712200216426  -8.828413871376434  1.270083964477211
5.395069806109407  -6.116714653621607  7.213753176980865
-6.49895234631142  -1.885765948271846  -6.017941774719298
