C  1.2510687020 -0.0000186979 0.0000185379
C  -1.2510682562 -0.0000053236 -0.0000182654
H  -2.3234465962 1.7342574495 0.0000351592
H  -2.3236781459 -1.7341345324 0.0000234710
H  2.3235423397 1.7342073473 -0.0000359771
H  2.3235797280 -1.7341861362 -0.0000242881
momentum
19.44355086936852  4.932939910349969  4.190144379754069
-7.033870458491703  13.07070058558285  -13.94364828569737
4.817571998110247  0.8912746334493789  1.2296729304600256
-1.13573363193217  -13.287636124915764  8.484049439242064
-9.161514460172262  -9.050929660986146  3.6323900106050835
-6.722643251544477  3.622131993738762  -3.6170156120296264
