C  1.2510687020 -0.0000186979 0.0000185379
C  -1.2510682562 -0.0000053236 -0.0000182654
H  -2.3234465962 1.7342574495 0.0000351592
H  -2.3236781459 -1.7341345324 0.0000234710
H  2.3235423397 1.7342073473 -0.0000359771
H  2.3235797280 -1.7341861362 -0.0000242881
momentum
13.597475269119899  12.090199038014337  -10.857540666920514
-16.371378889209417  -14.709736456650338  16.146184409124448
7.2360087516083205  -4.340320104987122  -3.7834438571661786
1.1754364442099783  6.248295188079506  -6.0823414160518245
2.887040850922164  -2.9274673005590786  1.1470868109771701
-8.571245062508934  3.6211558569820093  3.4385820329450403
