C  1.2510687020 -0.0000186979 0.0000185379
C  -1.2510682562 -0.0000053236 -0.0000182654
H  -2.3234465962 1.7342574495 0.0000351592
H  -2.3236781459 -1.7341345324 0.0000234710
H  2.3235423397 1.7342073473 -0.0000359771
H  2.3235797280 -1.7341861362 -0.0000242881
momentum
-11.839662624520273  1.4929886203249587  14.926119422803584
11.60264918727353  12.390217833055598  7.710765298281807
4.174851167765848  2.674292742171992  -0.0735785264556521
-1.128805953515704  -11.245932469624163  -9.26700665794162
-5.678101632184165  0.07246178904178635  -11.210772140229988
2.886752082648709  -5.255127380339025  -2.015366115617778
