C  1.2510687020 -0.0000186979 0.0000185379
C  -1.2510682562 -0.0000053236 -0.0000182654
H  -2.3234465962 1.7342574495 0.0000351592
H  -2.3236781459 -1.7341345324 0.0000234710
H  2.3235423397 1.7342073473 -0.0000359771
H  2.3235797280 -1.7341861362 -0.0000242881
momentum
17.37786420197158  -4.7639468559957185  1.67791195875708
-5.905653163248056  10.902031889664775  8.063654214105354
-16.568391886678487  -8.211500816517146  0.7059760586671662
-10.62287453041713  5.461657151111342  -7.267414374553527
4.944936559408558  -10.908086790135252  -5.562088111705517
10.935950205198411  7.5908764596340115  2.409551843923249
