C  1.2510687020 -0.0000186979 0.0000185379
C  -1.2510682562 -0.0000053236 -0.0000182654
H  -2.3234465962 1.7342574495 0.0000351592
H  -2.3236781459 -1.7341345324 0.0000234710
H  2.3235423397 1.7342073473 -0.0000359771
H  2.3235797280 -1.7341861362 -0.0000242881
momentum
40.58807171447389  -2.7212821907115354  2.690577335541142
-20.60058586367517  0.6793812375963749  -1.2882870157936013
-7.520549268006928  5.047509670628081  8.741811037191646
1.4554263782904933  1.632527625943422  -8.37452893000873
-11.123736882614445  -1.1768882868575157  -9.440844314053749
-2.5283495223886825  -3.482849308394843  7.676586350611355
