C  1.2510687020 -0.0000186979 0.0000185379
C  -1.2510682562 -0.0000053236 -0.0000182654
H  -2.3234465962 1.7342574495 0.0000351592
H  -2.3236781459 -1.7341345324 0.0000234710
H  2.3235423397 1.7342073473 -0.0000359771
H  2.3235797280 -1.7341861362 -0.0000242881
momentum
-3.114621394136409  -4.622455980086055  -20.747271990809388
15.601491267684201  11.905451294247081  6.860764935408119
-8.47793229563254  1.3664595562911446  -3.2404428953834326
6.554737135647312  -8.074658340235494  2.7618831216097894
0.6300825396381733  -5.871505344490878  10.162783008844006
-11.006023644218164  5.436513193353051  4.1528889992723235
