C  1.2510687020 -0.0000186979 0.0000185379
C  -1.2510682562 -0.0000053236 -0.0000182654
H  -2.3234465962 1.7342574495 0.0000351592
H  -2.3236781459 -1.7341345324 0.0000234710
H  2.3235423397 1.7342073473 -0.0000359771
H  2.3235797280 -1.7341861362 -0.0000242881
momentum
-1.2165308263880015  11.180256649977828  -3.1074456401209547
-8.941533836398992  -14.501546169565687  -7.127017246464935
7.925449516158815  1.3183002241092694  4.80917914864484
4.609004145049207  3.5367326013459013  1.364014722302786
1.9705904571496835  -3.0219824753877402  0.29263894692734144
-4.4769804617075035  1.4594706131310171  3.738905229521135
