C  1.2510687020 -0.0000186979 0.0000185379
C  -1.2510682562 -0.0000053236 -0.0000182654
H  -2.3234465962 1.7342574495 0.0000351592
H  -2.3236781459 -1.7341345324 0.0000234710
H  2.3235423397 1.7342073473 -0.0000359771
H  2.3235797280 -1.7341861362 -0.0000242881
momentum
-9.498982260875048  4.926085843630258  9.308458982015358
18.787959613074303  12.005875042663785  -29.38879019552664
-14.054274352162857  -0.7269851021067254  13.402941971384974
0.8999373681235208  -4.7205050626974  6.960720886474564
3.0797390827226376  -5.003980198280278  -3.393017827300286
0.919281412510034  -6.2318941924125  3.0598110561785297
