C  1.2510687020 -0.0000186979 0.0000185379
C  -1.2510682562 -0.0000053236 -0.0000182654
H  -2.3234465962 1.7342574495 0.0000351592
H  -2.3236781459 -1.7341345324 0.0000234710
H  2.3235423397 1.7342073473 -0.0000359771
H  2.3235797280 -1.7341861362 -0.0000242881
momentum
-2.0929395387316196  7.839901520127122  11.114352399802423
-0.4541791575622125  -1.9164798983438804  -5.095579890910995
5.60825210312475  -4.720649783684127  -4.232640794814823
-8.841894516828358  0.026559745516569883  5.576651790790688
1.4686413732419519  -6.612938302974993  1.2323189567981616
4.292677036034784  5.406573204154263  -8.572530116666254
