C  1.2510687020 -0.0000186979 0.0000185379
C  -1.2510682562 -0.0000053236 -0.0000182654
H  -2.3234465962 1.7342574495 0.0000351592
H  -2.3236781459 -1.7341345324 0.0000234710
H  2.3235423397 1.7342073473 -0.0000359771
H  2.3235797280 -1.7341861362 -0.0000242881
momentum
-21.99245480856418  -4.546538936432596  10.397403231129992
28.13519674929585  -12.798281004755268  -2.1642768958913905
-1.0543056270409958  6.8292377032065925  -0.09516915755331742
-1.096308578914783  1.8874161228435926  -0.6406177999884497
0.7915017347832892  -2.516585230458137  -4.008994723416528
-4.686078726896146  10.938282389197052  -3.46010263796412
