C  1.2510687020 -0.0000186979 0.0000185379
C  -1.2510682562 -0.0000053236 -0.0000182654
H  -2.3234465962 1.7342574495 0.0000351592
H  -2.3236781459 -1.7341345324 0.0000234710
H  2.3235423397 1.7342073473 -0.0000359771
H  2.3235797280 -1.7341861362 -0.0000242881
momentum
-12.542623102771252  23.601468739581716  -8.476357432012511
32.067917747383575  9.717889881152763  1.6204588673233356
-3.40779178086452  -5.174575463385968  -1.4570315926104616
-9.697394495163024  -7.23304290241166  2.16710503984892
-6.714816181976976  -2.559178181264906  4.874655726514252
0.5526247526787934  -17.97871697927887  1.2477513264289561
