C  1.2510687020 -0.0000186979 0.0000185379
C  -1.2510682562 -0.0000053236 -0.0000182654
H  -2.3234465962 1.7342574495 0.0000351592
H  -2.3236781459 -1.7341345324 0.0000234710
H  2.3235423397 1.7342073473 -0.0000359771
H  2.3235797280 -1.7341861362 -0.0000242881
momentum
12.581879665760713  -25.18115002626008  12.253501469370446
-7.610264672362433  27.0842628196758  -2.7856916065390145
-4.481414889021582  -4.299387963438605  7.082287803445947
14.153465895162068  -3.4143898272238014  -7.769414721112008
-7.554580235406334  5.377211234036731  -11.801933985068242
-7.039909844788946  0.4986580627310289  3.0538911253109595
