C  1.2510687020 -0.0000186979 0.0000185379
C  -1.2510682562 -0.0000053236 -0.0000182654
H  -2.3234465962 1.7342574495 0.0000351592
H  -2.3236781459 -1.7341345324 0.0000234710
H  2.3235423397 1.7342073473 -0.0000359771
H  2.3235797280 -1.7341861362 -0.0000242881
momentum
-2.8931783296184386  5.356200510474914  -11.796199587784054
1.5334178976813904  9.347627821454122  -6.343380371654405
-8.895355956071253  -10.475982390030529  0.7297669290083855
3.4273245689522933  4.99888212944663  6.843235150192626
5.790745357483368  -12.780662861777179  8.312704406193618
1.0261039600524577  3.7772577518086643  2.1977414428996918
