C  1.2510687020 -0.0000186979 0.0000185379
C  -1.2510682562 -0.0000053236 -0.0000182654
H  -2.3234465962 1.7342574495 0.0000351592
H  -2.3236781459 -1.7341345324 0.0000234710
H  2.3235423397 1.7342073473 -0.0000359771
H  2.3235797280 -1.7341861362 -0.0000242881
momentum
24.251420647140602  -0.3428857664268089  -21.753871968848586
2.3883199308460696  13.13744564455899  -0.43229140009137895
0.006586601674336875  -6.915479812987208  5.505363915020875
-15.770851229817898  -10.854878057439203  -0.16713545010478792
-2.694536361497416  2.4620694500674607  5.554304872809136
-7.83303421617909  2.618441267787286  11.22095950641924
