C  1.2510687020 -0.0000186979 0.0000185379
C  -1.2510682562 -0.0000053236 -0.0000182654
H  -2.3234465962 1.7342574495 0.0000351592
H  -2.3236781459 -1.7341345324 0.0000234710
H  2.3235423397 1.7342073473 -0.0000359771
H  2.3235797280 -1.7341861362 -0.0000242881
momentum
5.720879058242015  -18.496182915740114  -7.532162246162835
0.7750587596858166  3.7727739475009128  20.679519154818117
0.8209969504417257  0.049656719528355715  -8.95467982681753
6.3700594258625385  0.22825106090514924  -5.1481939069386256
-2.6100230686609214  5.697235519787423  2.400801608798107
-11.005324128960304  8.594354629545029  -1.4134177763771212
