C  1.2510687020 -0.0000186979 0.0000185379
C  -1.2510682562 -0.0000053236 -0.0000182654
H  -2.3234465962 1.7342574495 0.0000351592
H  -2.3236781459 -1.7341345324 0.0000234710
H  2.3235423397 1.7342073473 -0.0000359771
H  2.3235797280 -1.7341861362 -0.0000242881
momentum
6.58657338765981  4.230632877801374  4.8534504991329035
12.303371990732993  -9.254891387347335  14.052975745453928
-4.961682396787056  4.559412412185623  -8.019390174354903
1.2797938788421446  0.13919429941610653  -3.8596565276280264
-2.4622883100194115  -7.730617185511627  -1.4053494144376297
-12.473820354393778  8.023827809294112  -5.567604860848256
