C  1.2510687020 -0.0000186979 0.0000185379
C  -1.2510682562 -0.0000053236 -0.0000182654
H  -2.3234465962 1.7342574495 0.0000351592
H  -2.3236781459 -1.7341345324 0.0000234710
H  2.3235423397 1.7342073473 -0.0000359771
H  2.3235797280 -1.7341861362 -0.0000242881
momentum
-26.179301420524364  18.675655042550925  11.4327846952312
6.313156313304372  0.25529220094654015  -12.058832609194356
8.602239126493302  -0.258848268179734  1.1092561439552064
9.236389943673105  0.09810349195827758  5.493988239804151
-4.535509878254673  6.41275470060702  -0.7971750302175489
6.278662849671039  -24.949528220961827  -5.175467537989623
