C  1.2510687020 -0.0000186979 0.0000185379
C  -1.2510682562 -0.0000053236 -0.0000182654
H  -2.3234465962 1.7342574495 0.0000351592
H  -2.3236781459 -1.7341345324 0.0000234710
H  2.3235423397 1.7342073473 -0.0000359771
H  2.3235797280 -1.7341861362 -0.0000242881
momentum
3.364214261076831  -5.7574827650220985  -26.845810140488698
3.355578521507232  -5.874337397173499  15.151153276861104
-3.0231148329750255  2.7700024960238507  -4.728086118050293
-5.313608459033833  0.2580156252100291  -0.6956107085689793
3.381017604716672  4.394053814464826  10.557802114828505
-1.6826321926767924  4.069230897753525  6.5138143798490145
