C  1.2510687020 -0.0000186979 0.0000185379
C  -1.2510682562 -0.0000053236 -0.0000182654
H  -2.3234465962 1.7342574495 0.0000351592
H  -2.3236781459 -1.7341345324 0.0000234710
H  2.3235423397 1.7342073473 -0.0000359771
H  2.3235797280 -1.7341861362 -0.0000242881
momentum
-11.418544058182277  -4.937410425630831  -6.565439397075452
16.100030395574507  0.738479851858151  -3.315784433009716
-3.406272618810277  4.617074537274307  3.786428712361911
-7.238723599604982  -3.612884234098041  0.2640253516061549
0.49469610947581605  -2.9295245891467854  1.1393018414907843
5.554556247883069  6.042028296784325  4.660814397705954
