C  1.2510687020 -0.0000186979 0.0000185379
C  -1.2510682562 -0.0000053236 -0.0000182654
H  -2.3234465962 1.7342574495 0.0000351592
H  -2.3236781459 -1.7341345324 0.0000234710
H  2.3235423397 1.7342073473 -0.0000359771
H  2.3235797280 -1.7341861362 -0.0000242881
momentum
1.3802622200992873  11.796840463356899  9.032141122695078
-18.208900185378706  -11.445134193528695  -15.554173452118054
-0.29936362149790074  -0.9083989808226955  4.718087122205233
2.454111809325328  0.29792173974193914  5.114489757504017
17.514651420660908  2.2110111410073  -1.4668932953392613
-3.077134835961047  -1.8861042236689667  -1.8565562610725812
