C  1.2510687020 -0.0000186979 0.0000185379
C  -1.2510682562 -0.0000053236 -0.0000182654
H  -2.3234465962 1.7342574495 0.0000351592
H  -2.3236781459 -1.7341345324 0.0000234710
H  2.3235423397 1.7342073473 -0.0000359771
H  2.3235797280 -1.7341861362 -0.0000242881
momentum
-10.229873816696601  21.19587056058365  15.613589786704308
18.850675682104548  3.8537746056427578  -22.386709657318285
3.8385029844638323  -3.849951589280053  1.1202661709493131
-2.0238365512700547  -0.1702252040026506  12.429856651874527
-13.101943224275386  -3.9267336280564153  2.256093282624822
2.781082429299  -16.839329310986706  -9.043080449549288
