C  1.2510687020 -0.0000186979 0.0000185379
C  -1.2510682562 -0.0000053236 -0.0000182654
H  -2.3234465962 1.7342574495 0.0000351592
H  -2.3236781459 -1.7341345324 0.0000234710
H  2.3235423397 1.7342073473 -0.0000359771
H  2.3235797280 -1.7341861362 -0.0000242881
momentum
2.185723177763737  14.560216955626027  6.727592753427389
1.4644450103490667  10.28895467980802  28.850697208404874
7.072339539388662  -19.717274958205433  -12.202748918601776
-9.424579883085169  1.9278759832731858  -11.439918913791926
-0.0361247068550254  2.376719192258078  -5.532814300323642
-1.2561007435273264  -9.169127887983157  -6.301708752626634
