C  1.2510687020 -0.0000186979 0.0000185379
C  -1.2510682562 -0.0000053236 -0.0000182654
H  -2.3234465962 1.7342574495 0.0000351592
H  -2.3236781459 -1.7341345324 0.0000234710
H  2.3235423397 1.7342073473 -0.0000359771
H  2.3235797280 -1.7341861362 -0.0000242881
momentum
-0.41267587528036703  11.062952315840949  -9.847521791568735
-10.845319588332524  -3.310999654719828  -8.319142577005337
9.475428968014507  -4.658137417558932  11.759689795056172
-7.877364879402772  3.8263257573815443  -3.122164294161435
-2.851540764009757  -2.9231154825176375  -2.703717045059158
12.364280613017302  -3.9743915553837916  12.177718080557966
