C  1.2510687020 -0.0000186979 0.0000185379
C  -1.2510682562 -0.0000053236 -0.0000182654
H  -2.3234465962 1.7342574495 0.0000351592
H  -2.3236781459 -1.7341345324 0.0000234710
H  2.3235423397 1.7342073473 -0.0000359771
H  2.3235797280 -1.7341861362 -0.0000242881
momentum
1.4531587922230087  -0.8763968529995986  -7.934106799812234
10.312486783971835  -0.214851968204663  13.210876297999073
-1.4844236048749668  5.213244367818513  -7.25144524936267
3.5616931924160244  -4.652709171246292  -1.0393502893686404
-4.565242489981758  1.353469410279373  4.621007442284592
-9.11529856125163  -0.8185044754895593  -1.5968838398305478
