C  1.2510687020 -0.0000186979 0.0000185379
C  -1.2510682562 -0.0000053236 -0.0000182654
H  -2.3234465962 1.7342574495 0.0000351592
H  -2.3236781459 -1.7341345324 0.0000234710
H  2.3235423397 1.7342073473 -0.0000359771
H  2.3235797280 -1.7341861362 -0.0000242881
momentum
6.061240226940234  4.142282819646466  -6.892751569347813
-12.36788336458112  -8.909274469084382  7.0312122687492895
3.5432277259063856  -0.8391050369173004  0.35502269655886237
1.6443800260556283  5.311752193165856  -4.153062915638087
1.4074282114907875  -6.359327785866396  -0.4240445211098996
-0.36143532192440664  6.596153150250636  4.080224215034941
