C  1.2510687020 -0.0000186979 0.0000185379
C  -1.2510682562 -0.0000053236 -0.0000182654
H  -2.3234465962 1.7342574495 0.0000351592
H  -2.3236781459 -1.7341345324 0.0000234710
H  2.3235423397 1.7342073473 -0.0000359771
H  2.3235797280 -1.7341861362 -0.0000242881
momentum
-1.2451392387233426  18.120457897811935  3.278112888249117
-6.585874151921316  4.905165413304236  21.856970628459447
1.8435203483637361  -6.399665815547481  -7.032787319763951
-6.362077585010594  -3.4151332038631836  -10.46003457965867
4.639346442729599  -9.077673291516003  -5.496900397149503
7.624655250847836  -3.8801673419588925  -2.0747460258897097
