C  1.2510687020 -0.0000186979 0.0000185379
C  -1.2510682562 -0.0000053236 -0.0000182654
H  -2.3234465962 1.7342574495 0.0000351592
H  -2.3236781459 -1.7341345324 0.0000234710
H  2.3235423397 1.7342073473 -0.0000359771
H  2.3235797280 -1.7341861362 -0.0000242881
momentum
1.5700083892416539  7.278899829170744  -24.44363226994351
-0.383877888450543  20.484702428064306  21.82212449511689
-5.638169217780642  0.6521165915391884  -1.1384528136108596
11.98539875050511  -10.249567959887454  -9.946859004437835
-5.11882005643588  -10.560071107684063  2.4452586471464177
-2.3624541774880323  -7.232069822345477  11.240982338860164
