C  1.2510687020 -0.0000186979 0.0000185379
C  -1.2510682562 -0.0000053236 -0.0000182654
H  -2.3234465962 1.7342574495 0.0000351592
H  -2.3236781459 -1.7341345324 0.0000234710
H  2.3235423397 1.7342073473 -0.0000359771
H  2.3235797280 -1.7341861362 -0.0000242881
momentum
-2.551299040508052  -18.25864695707874  1.4272885275781524
-5.610087770388418  5.094312262960522  -22.394017712304
1.6109114183865272  3.776328633351366  4.814660594692361
0.13423076874417703  -3.715139978603071  12.006376308472884
2.685595402460854  3.380035187381728  5.637127598295973
3.632163890266548  9.547904152764067  -1.5480581521512462
