C  1.2510687020 -0.0000186979 0.0000185379
C  -1.2510682562 -0.0000053236 -0.0000182654
H  -2.3234465962 1.7342574495 0.0000351592
H  -2.3236781459 -1.7341345324 0.0000234710
H  2.3235423397 1.7342073473 -0.0000359771
H  2.3235797280 -1.7341861362 -0.0000242881
momentum
-29.057156469808433  -7.421740039652526  -2.2228834569959965
34.01126093456345  16.66265995831224  3.486100839120521
-2.828589897916734  0.16797408037773284  -1.3709927556937043
-6.544277774331523  -10.495300906001074  -0.7870480103396689
-0.5271123529957428  -1.217839688464635  0.7412865004478946
5.032305424724718  2.3803307241160576  0.15577679229338845
