C  1.2510687020 -0.0000186979 0.0000185379
C  -1.2510682562 -0.0000053236 -0.0000182654
H  -2.3234465962 1.7342574495 0.0000351592
H  -2.3236781459 -1.7341345324 0.0000234710
H  2.3235423397 1.7342073473 -0.0000359771
H  2.3235797280 -1.7341861362 -0.0000242881
momentum
-0.8487827942950689  0.31684383801499677  3.3171701089487766
-0.8300805140395286  -7.807133628058677  7.320104129760002
3.1054144650146958  -3.1319219249032595  -3.881765293242346
-8.241094714021305  -0.9635621823186041  -2.487569551039608
11.035377981340318  3.3577790574641266  -1.4208518347886854
-4.255020070705988  8.134777310175451  -2.816144872501515
