C  1.2510687020 -0.0000186979 0.0000185379
C  -1.2510682562 -0.0000053236 -0.0000182654
H  -2.3234465962 1.7342574495 0.0000351592
H  -2.3236781459 -1.7341345324 0.0000234710
H  2.3235423397 1.7342073473 -0.0000359771
H  2.3235797280 -1.7341861362 -0.0000242881
momentum
4.717601173028936  -10.795532121279136  4.705630569986846
-2.1568249973839047  -12.064970114950176  -8.210028537252516
-7.817356906013778  12.258953342256664  -1.743095946381811
5.766599315872738  4.795979622721818  6.947303750497397
-0.6577231868981082  1.4812411891745598  3.4900172222326193
0.19068814472412016  4.082265195428709  -5.196841997917631
