C  1.2510687020 -0.0000186979 0.0000185379
C  -1.2510682562 -0.0000053236 -0.0000182654
H  -2.3234465962 1.7342574495 0.0000351592
H  -2.3236781459 -1.7341345324 0.0000234710
H  2.3235423397 1.7342073473 -0.0000359771
H  2.3235797280 -1.7341861362 -0.0000242881
momentum
12.613246014635678  -25.482420087714175  14.02193163863353
-13.399207853566914  0.06767614526453204  -27.089125775244565
4.732506322240269  -0.34243795015391265  2.9807054802632793
10.109220492798913  -0.5983594608377152  14.536932695609774
4.59871195689109  13.525599503499118  3.533212078800353
-18.700036105404102  12.577969580812432  -8.011745658088389
