C  1.2510687020 -0.0000186979 0.0000185379
C  -1.2510682562 -0.0000053236 -0.0000182654
H  -2.3234465962 1.7342574495 0.0000351592
H  -2.3236781459 -1.7341345324 0.0000234710
H  2.3235423397 1.7342073473 -0.0000359771
H  2.3235797280 -1.7341861362 -0.0000242881
momentum
-29.60685122346454  7.871889682561559  16.947722774439995
17.688618100508076  8.083378610056078  0.1903169694353097
9.911281958104432  -7.234585687285156  4.21488840217964
5.404205418031248  -7.898452753469342  -8.26155992579667
5.584840535646961  3.9182207834202023  -12.758097973298202
-9.154875215378327  -4.525372967238298  -0.27705605820429224
