C  1.2510687020 -0.0000186979 0.0000185379
C  -1.2510682562 -0.0000053236 -0.0000182654
H  -2.3234465962 1.7342574495 0.0000351592
H  -2.3236781459 -1.7341345324 0.0000234710
H  2.3235423397 1.7342073473 -0.0000359771
H  2.3235797280 -1.7341861362 -0.0000242881
momentum
16.133102813384582  -6.343814395634176  -16.682709661731366
-13.86179845445961  0.34071923381322333  27.65607600121879
-3.3659952772274333  3.429796276970722  -5.832573212641305
-0.963916522621995  -1.2967590734526786  -11.506799205741313
0.9731185855568232  4.169783076517325  0.3624161970233266
1.111833877266893  -0.36793033635725975  6.024487917737659
