C  1.2510687020 -0.0000186979 0.0000185379
C  -1.2510682562 -0.0000053236 -0.0000182654
H  -2.3234465962 1.7342574495 0.0000351592
H  -2.3236781459 -1.7341345324 0.0000234710
H  2.3235423397 1.7342073473 -0.0000359771
H  2.3235797280 -1.7341861362 -0.0000242881
momentum
0.7348928062944619  1.0581301391221958  4.624374924200969
0.21590236498257623  13.548928048318068  -16.411301452505455
-1.3599245969712297  -3.429626046078197  7.782096057230296
-1.64124303544607  -5.575421303621567  3.7214310865664837
-1.1934295973063687  2.3976908986035967  -1.9063841884520059
3.2508425529480904  -7.832696985853375  2.1600471408677016
