C  1.2510687020 -0.0000186979 0.0000185379
C  -1.2510682562 -0.0000053236 -0.0000182654
H  -2.3234465962 1.7342574495 0.0000351592
H  -2.3236781459 -1.7341345324 0.0000234710
H  2.3235423397 1.7342073473 -0.0000359771
H  2.3235797280 -1.7341861362 -0.0000242881
momentum
-9.598878618457325  5.929135090027225  -12.884822777172273
-4.8890192165094835  -22.9193155696985  14.231886751052814
4.0513742853541945  8.092865018478571  -4.089865112284144
-3.6085798091042545  8.926246529462217  -3.84330436361585
1.839984272120429  3.8239735566260213  3.4183618361479104
12.00875100017097  -4.086260498865515  3.164367778946661
