C  1.2510687020 -0.0000186979 0.0000185379
C  -1.2510682562 -0.0000053236 -0.0000182654
H  -2.3234465962 1.7342574495 0.0000351592
H  -2.3236781459 -1.7341345324 0.0000234710
H  2.3235423397 1.7342073473 -0.0000359771
H  2.3235797280 -1.7341861362 -0.0000242881
momentum
53.13045182370713  9.491595110340874  -6.018917220603295
-51.006571861011324  -20.01226516201679  -0.5161393982911289
-2.0345201206389216  11.610726620703813  2.7713571171248463
-6.258918578815374  -0.5243612868454587  -0.9906942656060709
3.6643595333607775  -4.819280474743397  0.48632923958306645
2.5649293882048867  4.114210174098519  4.246872185410938
