C  1.2510687020 -0.0000186979 0.0000185379
C  -1.2510682562 -0.0000053236 -0.0000182654
H  -2.3234465962 1.7342574495 0.0000351592
H  -2.3236781459 -1.7341345324 0.0000234710
H  2.3235423397 1.7342073473 -0.0000359771
H  2.3235797280 -1.7341861362 -0.0000242881
momentum
-1.424911338536118  19.395172644049282  5.694938166186298
13.9004106151271  -1.3512731488960892  -3.8759946957860794
-3.6465838885263797  -5.653137836826968  5.366100744094042
-14.184264254047417  0.5353267990942194  -3.708652053049021
-0.2063540051914654  -5.237099150183905  -6.272833106597765
5.727478894845947  -7.50844767351429  2.8045433015271986
