C  1.2510687020 -0.0000186979 0.0000185379
C  -1.2510682562 -0.0000053236 -0.0000182654
H  -2.3234465962 1.7342574495 0.0000351592
H  -2.3236781459 -1.7341345324 0.0000234710
H  2.3235423397 1.7342073473 -0.0000359771
H  2.3235797280 -1.7341861362 -0.0000242881
momentum
-14.022064134564468  5.4251098461317655  -11.591602575219166
22.076437997041342  10.184156358710554  -3.2577784764690905
0.2537654944563671  -0.2601782382224936  2.350615062228234
-12.4971185614116  -12.114890685992583  2.812309473103949
0.27186964943424596  1.7678663645771833  5.051711937935641
4.034894681614187  -4.864556090253259  4.587733035804786
