C  1.2510687020 -0.0000186979 0.0000185379
C  -1.2510682562 -0.0000053236 -0.0000182654
H  -2.3234465962 1.7342574495 0.0000351592
H  -2.3236781459 -1.7341345324 0.0000234710
H  2.3235423397 1.7342073473 -0.0000359771
H  2.3235797280 -1.7341861362 -0.0000242881
momentum
6.004126559815062  -6.558527350531728  -21.40884213568518
3.2920137407779007  9.300549014627693  -26.313685047785164
3.1975872812820105  4.974498426126242  7.543639941717124
0.376360501785911  -6.8666056005076515  17.53540041516267
-12.757364348148082  7.2063332241028215  16.245752374139325
0.009756607464830288  -8.062054235366421  6.255336430000824
