C  1.2510687020 -0.0000186979 0.0000185379
C  -1.2510682562 -0.0000053236 -0.0000182654
H  -2.3234465962 1.7342574495 0.0000351592
H  -2.3236781459 -1.7341345324 0.0000234710
H  2.3235423397 1.7342073473 -0.0000359771
H  2.3235797280 -1.7341861362 -0.0000242881
momentum
48.11812861118374  6.649363072336435  -15.94149302579954
-50.896682105194884  0.4845424197177812  19.93603484277493
-3.367087187772998  -1.9451010347389348  -5.491341799116779
8.603038074621315  2.1308437743212987  -6.106555070339299
2.023064294143937  -6.798989619303777  3.5000867668594697
-4.510192471612862  -0.38398200016375983  4.105465189433805
