C  1.2510687020 -0.0000186979 0.0000185379
C  -1.2510682562 -0.0000053236 -0.0000182654
H  -2.3234465962 1.7342574495 0.0000351592
H  -2.3236781459 -1.7341345324 0.0000234710
H  2.3235423397 1.7342073473 -0.0000359771
H  2.3235797280 -1.7341861362 -0.0000242881
momentum
0.7982680120929303  6.4843894044530845  -40.379054738930385
-14.30633158366646  -8.303299868100543  35.30990938473292
2.888907737130473  1.7111669534132037  -12.016615009125402
-3.2474620328396595  0.16810224905135313  -5.7298569863058955
7.7469910233712165  -5.446591533063822  14.543553431172633
5.961055400138282  5.351897922284699  8.236047337047296
