C  1.2510687020 -0.0000186979 0.0000185379
C  -1.2510682562 -0.0000053236 -0.0000182654
H  -2.3234465962 1.7342574495 0.0000351592
H  -2.3236781459 -1.7341345324 0.0000234710
H  2.3235423397 1.7342073473 -0.0000359771
H  2.3235797280 -1.7341861362 -0.0000242881
momentum
3.4666581939729118  -21.98066241580703  1.3200573424444255
-14.690992868528548  9.745228694375706  13.9651703537852
8.504525010234405  -9.537787038156711  -3.0847594504148907
-7.090792298536824  5.067795216497672  -7.913749824021417
-0.3028268683636645  6.198648700742168  -4.53483447647066
9.940858434300193  10.290655501190164  0.2906895832621416
