C  1.2510687020 -0.0000186979 0.0000185379
C  -1.2510682562 -0.0000053236 -0.0000182654
H  -2.3234465962 1.7342574495 0.0000351592
H  -2.3236781459 -1.7341345324 0.0000234710
H  2.3235423397 1.7342073473 -0.0000359771
H  2.3235797280 -1.7341861362 -0.0000242881
momentum
7.26907525174836  -18.381626630013418  -0.5737767353988397
0.07164405462114677  15.98680260428865  -29.9596473239274
-0.009534450384895296  -1.8136689469520433  8.748556991142545
2.8519936418040115  0.8958046502767937  14.326907515752852
-13.093333875435277  0.04899645946840694  6.47217096614207
3.0096740646267364  3.2002722984108103  0.901875778864143
