C  1.2510687020 -0.0000186979 0.0000185379
C  -1.2510682562 -0.0000053236 -0.0000182654
H  -2.3234465962 1.7342574495 0.0000351592
H  -2.3236781459 -1.7341345324 0.0000234710
H  2.3235423397 1.7342073473 -0.0000359771
H  2.3235797280 -1.7341861362 -0.0000242881
momentum
3.180606405106716  -21.301331908303794  11.025908162892
-11.67713106303941  8.591155480201833  2.1997317063218125
-7.273386168224404  -12.688110944365343  1.439961135423308
0.654856097477078  14.085364927941944  -5.662414788852162
7.315283865639008  1.6927726799597516  -8.032862937697061
7.6499194225668585  9.491769291318283  -0.9280675571560825
