C  1.2510687020 -0.0000186979 0.0000185379
C  -1.2510682562 -0.0000053236 -0.0000182654
H  -2.3234465962 1.7342574495 0.0000351592
H  -2.3236781459 -1.7341345324 0.0000234710
H  2.3235423397 1.7342073473 -0.0000359771
H  2.3235797280 -1.7341861362 -0.0000242881
momentum
-11.102465467750841  5.289735412696778  -28.182474856893812
2.6235621002306906  -15.062132363492202  29.084164819794534
6.472456813647488  12.116698997953204  -6.735640055234624
-3.5878705836093547  -5.545591298889903  -9.050430204053706
2.633762325282148  4.837079629633288  6.28615304059586
2.8642710756860588  -1.7815752626305768  8.585245097398305
