C  1.2510687020 -0.0000186979 0.0000185379
C  -1.2510682562 -0.0000053236 -0.0000182654
H  -2.3234465962 1.7342574495 0.0000351592
H  -2.3236781459 -1.7341345324 0.0000234710
H  2.3235423397 1.7342073473 -0.0000359771
H  2.3235797280 -1.7341861362 -0.0000242881
momentum
-6.10724583648884  6.93306023791595  14.627460632612475
-3.9737927147264815  -7.938345580241297  -40.96293592158056
8.119315870638802  1.8119403296871885  16.62686081144668
0.04371181685492048  -8.839356011676445  11.376102201618178
12.23085746595961  7.024934898941933  -3.4987850273375924
-10.453979925978368  1.0207614665003193  1.7672121780375638
