C  1.2510687020 -0.0000186979 0.0000185379
C  -1.2510682562 -0.0000053236 -0.0000182654
H  -2.3234465962 1.7342574495 0.0000351592
H  -2.3236781459 -1.7341345324 0.0000234710
H  2.3235423397 1.7342073473 -0.0000359771
H  2.3235797280 -1.7341861362 -0.0000242881
momentum
2.4253175993072316  -24.91729074227828  -0.9804206118951216
1.6697519629478803  0.07312410625543925  -19.225897145461673
-5.24544091526312  3.3920063348028813  -0.056384127775482684
9.673235692272806  5.242481790821572  15.005434785368788
-0.8051465812779554  9.465242908913725  10.129111805012077
-7.689813895685179  6.496307644028516  -4.927705606889441
