C  1.2510687020 -0.0000186979 0.0000185379
C  -1.2510682562 -0.0000053236 -0.0000182654
H  -2.3234465962 1.7342574495 0.0000351592
H  -2.3236781459 -1.7341345324 0.0000234710
H  2.3235423397 1.7342073473 -0.0000359771
H  2.3235797280 -1.7341861362 -0.0000242881
momentum
3.26175777585059  8.979500571609483  -24.13288363079751
25.116960576619753  -2.8160160417698  22.24138570218159
-11.71986094725954  2.3215919592086767  -6.2583473987399545
-16.332301438832943  -9.262508919051719  -5.219565076199889
7.1657005026153735  -10.686608520725452  7.201247721589155
-7.078192695590591  11.533943945257448  6.149753154166145
