C  1.2510687020 -0.0000186979 0.0000185379
C  -1.2510682562 -0.0000053236 -0.0000182654
H  -2.3234465962 1.7342574495 0.0000351592
H  -2.3236781459 -1.7341345324 0.0000234710
H  2.3235423397 1.7342073473 -0.0000359771
H  2.3235797280 -1.7341861362 -0.0000242881
momentum
-20.444615028987172  -13.63367769609705  -6.353327479674417
19.40842953681477  18.643871977997378  19.229878648376197
-21.808258058669573  -7.0554325164318845  -6.818714615073279
-2.3829241582988274  3.02471971019044  -6.4453470908004835
12.907033730171996  -4.3207447471339835  0.39983142706079616
12.302086748143457  3.4542504441539887  0.019450962511670212
