C  1.2510687020 -0.0000186979 0.0000185379
C  -1.2510682562 -0.0000053236 -0.0000182654
H  -2.3234465962 1.7342574495 0.0000351592
H  -2.3236781459 -1.7341345324 0.0000234710
H  2.3235423397 1.7342073473 -0.0000359771
H  2.3235797280 -1.7341861362 -0.0000242881
momentum
-42.078538795262084  19.27804386533475  -8.931643916572284
26.961681919160874  -9.12764259724775  -15.112430414458654
13.679386520296557  -7.927557264212438  6.811511509997307
-1.5509281235726975  8.48385234508582  6.817570151617153
-3.5770532858690416  -0.9055751153811172  5.174314700200345
6.34625678485919  -9.721367278732508  5.169950353124874
