C  1.2510687020 -0.0000186979 0.0000185379
C  -1.2510682562 -0.0000053236 -0.0000182654
H  -2.3234465962 1.7342574495 0.0000351592
H  -2.3236781459 -1.7341345324 0.0000234710
H  2.3235423397 1.7342073473 -0.0000359771
H  2.3235797280 -1.7341861362 -0.0000242881
momentum
4.870162336197533  10.443273521192802  11.488344257974598
16.03574034269649  -14.23232060700261  -22.177291014949695
4.192257705936531  7.877038191174261  7.542608858492047
-17.28524865692565  -1.6523093888615947  6.796663288386379
-11.588524816783083  9.635562040455689  -2.214233291385483
4.041750755032999  -12.206728580506429  -1.4590592028387734
