C  1.2510687020 -0.0000186979 0.0000185379
C  -1.2510682562 -0.0000053236 -0.0000182654
H  -2.3234465962 1.7342574495 0.0000351592
H  -2.3236781459 -1.7341345324 0.0000234710
H  2.3235423397 1.7342073473 -0.0000359771
H  2.3235797280 -1.7341861362 -0.0000242881
momentum
7.556424298696035  -3.6838207148854174  -9.212714190007032
7.57165665572061  -4.462649379656787  18.8833018776501
-12.48194307871672  4.792473285258487  -5.739297499033228
-7.033592332311983  0.8729992529383077  -6.601195832305141
3.1153871437456337  1.4605801013832425  0.9185677932954941
1.4717556535156793  0.9359724676890118  1.7727643677769314
