C  1.2510687020 -0.0000186979 0.0000185379
C  -1.2510682562 -0.0000053236 -0.0000182654
H  -2.3234465962 1.7342574495 0.0000351592
H  -2.3236781459 -1.7341345324 0.0000234710
H  2.3235423397 1.7342073473 -0.0000359771
H  2.3235797280 -1.7341861362 -0.0000242881
momentum
9.538071324184731  -17.375356030985866  -20.221793396448764
-9.636663285513608  -16.740597550620333  7.985067362493861
4.915271541027487  4.028207186689811  -2.0463646073776145
-4.802590792462022  6.78894219587496  0.5858513454497701
2.9681023162673603  3.0377410903927275  8.14629882008706
-2.9854972668047735  19.82457608566179  5.506350723411281
