C  1.2510687020 -0.0000186979 0.0000185379
C  -1.2510682562 -0.0000053236 -0.0000182654
H  -2.3234465962 1.7342574495 0.0000351592
H  -2.3236781459 -1.7341345324 0.0000234710
H  2.3235423397 1.7342073473 -0.0000359771
H  2.3235797280 -1.7341861362 -0.0000242881
momentum
16.1906611193281  17.82236147024753  7.284182056439073
5.709076786017628  9.960753220081896  -9.619764628670033
-3.5405044929569094  -3.888733778827124  -1.9016803021602187
-16.898247745546573  -13.340394754701236  7.591962560183943
0.21987145723505724  -14.710846851551638  3.0659541446428205
-1.3434502717820413  4.440165208917282  -6.423054960386344
