C  1.2510687020 -0.0000186979 0.0000185379
C  -1.2510682562 -0.0000053236 -0.0000182654
H  -2.3234465962 1.7342574495 0.0000351592
H  -2.3236781459 -1.7341345324 0.0000234710
H  2.3235423397 1.7342073473 -0.0000359771
H  2.3235797280 -1.7341861362 -0.0000242881
momentum
-2.395844048610769  -17.368973318141073  -19.479159646734605
-4.274754317571137  3.154592167176798  2.0792928934735353
-9.623112871427171  11.214869687568374  -0.326133873467319
12.592345260452184  0.10446196533412114  3.217386494430444
-0.13065271091828104  13.785086915742335  8.999862631493546
3.722399060905548  -11.000729344793488  5.4504326000705055
