C  1.2510687020 -0.0000186979 0.0000185379
C  -1.2510682562 -0.0000053236 -0.0000182654
H  -2.3234465962 1.7342574495 0.0000351592
H  -2.3236781459 -1.7341345324 0.0000234710
H  2.3235423397 1.7342073473 -0.0000359771
H  2.3235797280 -1.7341861362 -0.0000242881
momentum
6.5984888037123115  2.2396021786811033  -13.08845599406432
6.706783650227437  -18.414697045366772  -7.959821170108252
-2.9089967739008866  9.11438659605764  7.288861284185486
-11.835419815362231  -4.7768826246513365  1.8194710497990554
8.612783419858422  2.3571254360225082  3.2035780853041538
-6.985339321370781  9.281591838577516  8.671562443916471
