C  1.2510687020 -0.0000186979 0.0000185379
C  -1.2510682562 -0.0000053236 -0.0000182654
H  -2.3234465962 1.7342574495 0.0000351592
H  -2.3236781459 -1.7341345324 0.0000234710
H  2.3235423397 1.7342073473 -0.0000359771
H  2.3235797280 -1.7341861362 -0.0000242881
momentum
21.861046688239213  1.2067866220774148  11.880874536367322
0.6297795925583942  -16.303580144872402  1.4046375762495067
0.8685919423880611  10.920995254819868  0.3538272748371794
-4.081253179255972  -1.3383773884887455  -4.164180949588494
-8.550710301593305  2.1867259033196285  -6.97657502977117
-10.418917069761255  3.1263208085686016  -2.455695029863009
