C  1.2510687020 -0.0000186979 0.0000185379
C  -1.2510682562 -0.0000053236 -0.0000182654
H  -2.3234465962 1.7342574495 0.0000351592
H  -2.3236781459 -1.7341345324 0.0000234710
H  2.3235423397 1.7342073473 -0.0000359771
H  2.3235797280 -1.7341861362 -0.0000242881
momentum
-27.915352807918  -5.006273595294095  0.6934429173381241
9.112657181917227  8.99000396795287  7.032206451846988
8.855632076343225  -12.430806628734462  3.761351280200317
2.3091380017970264  2.2151828730357934  -9.306297473724632
6.419084251968406  7.19853280418269  -7.6125409506826545
0.9317233045323271  -0.9163493457692421  5.453370203589194
