C  1.2510687020 -0.0000186979 0.0000185379
C  -1.2510682562 -0.0000053236 -0.0000182654
H  -2.3234465962 1.7342574495 0.0000351592
H  -2.3236781459 -1.7341345324 0.0000234710
H  2.3235423397 1.7342073473 -0.0000359771
H  2.3235797280 -1.7341861362 -0.0000242881
momentum
27.983185954644338  -18.46847029012533  -16.905783171853813
-35.69137806133027  5.360714984832283  6.445707895039525
-7.41689798913549  -6.684801487700817  -2.6992101864928233
6.506333119211888  9.636670425339293  1.654294432799491
7.466137574301121  -8.312512510610963  7.913494699483079
1.0538627626418777  18.355786572061643  3.553588903911463
