C  1.2510687020 -0.0000186979 0.0000185379
C  -1.2510682562 -0.0000053236 -0.0000182654
H  -2.3234465962 1.7342574495 0.0000351592
H  -2.3236781459 -1.7341345324 0.0000234710
H  2.3235423397 1.7342073473 -0.0000359771
H  2.3235797280 -1.7341861362 -0.0000242881
momentum
-9.40666216349368  1.7488373294171584  -7.461223011603847
22.177554275462075  -5.925205058286968  -8.966692051926513
-1.7607370271751672  0.7397675320038167  7.500087286641993
-9.277590742766186  0.04800591353086642  1.084074144900514
-0.12203110133442646  7.580494893686287  0.6891294091841329
-1.4627696168845428  -4.259402390661559  7.105555234324824
