C  1.2510687020 -0.0000186979 0.0000185379
C  -1.2510682562 -0.0000053236 -0.0000182654
H  -2.3234465962 1.7342574495 0.0000351592
H  -2.3236781459 -1.7341345324 0.0000234710
H  2.3235423397 1.7342073473 -0.0000359771
H  2.3235797280 -1.7341861362 -0.0000242881
momentum
8.486775345693879  15.892232517887189  2.429936667132342
5.1291038859656775  6.470440803415587  15.473757945417537
10.876662870892384  -9.53342652937403  -3.8350587123049134
-9.133235662949492  -8.32916162533998  -8.574207298237734
-5.149655831981013  -7.686398946432162  -5.089825198469197
-10.01427666657353  3.4009362276309916  -0.35425222143941426
