C  1.2510687020 -0.0000186979 0.0000185379
C  -1.2510682562 -0.0000053236 -0.0000182654
H  -2.3234465962 1.7342574495 0.0000351592
H  -2.3236781459 -1.7341345324 0.0000234710
H  2.3235423397 1.7342073473 -0.0000359771
H  2.3235797280 -1.7341861362 -0.0000242881
momentum
23.251747477893115  -16.309131125168122  3.7883051526054046
-15.672161244478295  -14.260909269008447  -2.273307064410453
-2.631836087482356  21.382881353159608  2.3465512068665166
-2.198272342735021  -1.9399940944620386  -1.477599331735581
-7.6413258581167405  4.977140721046572  -3.1017686273371927
5.021944173767471  5.743733270496653  0.7240435374208849
