C  1.2510687020 -0.0000186979 0.0000185379
C  -1.2510682562 -0.0000053236 -0.0000182654
H  -2.3234465962 1.7342574495 0.0000351592
H  -2.3236781459 -1.7341345324 0.0000234710
H  2.3235423397 1.7342073473 -0.0000359771
H  2.3235797280 -1.7341861362 -0.0000242881
momentum
-3.882974524504499  23.373805893234266  6.17429274995813
19.194691196824124  -9.954220186647625  -18.601774347162607
0.8208477167792267  -3.08910022823429  9.362276138883283
-1.9097779089571878  2.8088214492650674  3.4619861805440912
-4.954781434609269  -7.786431947810532  -3.167251427023821
-9.061743877221907  -5.184679838976179  2.7398302163748873
