C  1.2510687020 -0.0000186979 0.0000185379
C  -1.2510682562 -0.0000053236 -0.0000182654
H  -2.3234465962 1.7342574495 0.0000351592
H  -2.3236781459 -1.7341345324 0.0000234710
H  2.3235423397 1.7342073473 -0.0000359771
H  2.3235797280 -1.7341861362 -0.0000242881
momentum
13.789727024773901  -12.548202970695082  -31.888299566148543
-13.679876310130949  8.198134555815217  7.05486574376448
-3.566649802411216  -0.8640948824488828  -1.2024322047324212
4.468267974141636  2.05044154584368  3.1396028191909178
-2.600944283246146  1.313454053670299  13.581749366191946
1.5854170190167054  1.8090158673832373  9.229039132479706
