C  1.2510687020 -0.0000186979 0.0000185379
C  -1.2510682562 -0.0000053236 -0.0000182654
H  -2.3234465962 1.7342574495 0.0000351592
H  -2.3236781459 -1.7341345324 0.0000234710
H  2.3235423397 1.7342073473 -0.0000359771
H  2.3235797280 -1.7341861362 -0.0000242881
momentum
18.818845522937135  7.539231753170437  6.114233866298134
-14.741628065779283  -20.86472269628474  20.266206189366386
-2.540527193000889  11.223077917105755  -11.513598646779256
-10.377701148839003  7.720194548907854  -5.413801285196166
-5.879770399552583  -3.4289834624078654  -1.6368918026559172
14.795990276973725  -2.4098111348573963  -7.740568542617044
