C  1.2510687020 -0.0000186979 0.0000185379
C  -1.2510682562 -0.0000053236 -0.0000182654
H  -2.3234465962 1.7342574495 0.0000351592
H  -2.3236781459 -1.7341345324 0.0000234710
H  2.3235423397 1.7342073473 -0.0000359771
H  2.3235797280 -1.7341861362 -0.0000242881
momentum
2.3333807907267476  5.864723491129344  0.15525045431528248
-15.702914438453663  4.723056773068428  5.824915762672423
-6.509059744824231  -0.6663069273786196  -2.662201964989052
14.410062417360155  4.738221796704969  -1.8343111016930151
1.1253084132346818  -7.2208448807132415  -0.3188748690816266
4.173727778403496  -7.247390559706383  -1.1483199169468399
