C  1.2510687020 -0.0000186979 0.0000185379
C  -1.2510682562 -0.0000053236 -0.0000182654
H  -2.3234465962 1.7342574495 0.0000351592
H  -2.3236781459 -1.7341345324 0.0000234710
H  2.3235423397 1.7342073473 -0.0000359771
H  2.3235797280 -1.7341861362 -0.0000242881
momentum
17.364349414384137  25.161602340246002  -9.26959039351528
-19.47764883232586  -35.58328713517066  16.97664647513971
3.0729082839948156  2.8590813988636827  -8.561048622023762
0.7385418982856922  16.234613860593385  -2.3062176077894394
1.0353726300674448  -8.258735435990507  4.719127593382667
-2.761333687098513  -0.5199547219048435  -1.5428981129757382
