C  1.2510687020 -0.0000186979 0.0000185379
C  -1.2510682562 -0.0000053236 -0.0000182654
H  -2.3234465962 1.7342574495 0.0000351592
H  -2.3236781459 -1.7341345324 0.0000234710
H  2.3235423397 1.7342073473 -0.0000359771
H  2.3235797280 -1.7341861362 -0.0000242881
momentum
-41.75973029742675  -3.6392422945851117  0.41063006038427396
34.84395128644458  4.859213722143363  -1.2144647827899737
-2.053249049941724  -4.3491632055371925  9.514974410847346
3.098505138660953  4.379840580217209  -8.679441553394298
1.5943798605124675  -5.908639847919016  -9.11426764410595
4.190152618326318  4.682086515037487  9.080593795695775
