C  1.2510687020 -0.0000186979 0.0000185379
C  -1.2510682562 -0.0000053236 -0.0000182654
H  -2.3234465962 1.7342574495 0.0000351592
H  -2.3236781459 -1.7341345324 0.0000234710
H  2.3235423397 1.7342073473 -0.0000359771
H  2.3235797280 -1.7341861362 -0.0000242881
momentum
-19.516402190057935  -2.228135355375838  -5.912806264333453
7.282385874059988  -13.819147622365056  0.6796693515599822
0.6546984265303605  -3.737821748052789  1.7688479508765076
7.478422692728334  17.04490693641008  -0.9283713203834157
2.3386778309325185  0.368814559134014  0.8398392752199058
1.5719981715346167  2.213504042853448  3.5352513985588057
