C  1.2510687020 -0.0000186979 0.0000185379
C  -1.2510682562 -0.0000053236 -0.0000182654
H  -2.3234465962 1.7342574495 0.0000351592
H  -2.3236781459 -1.7341345324 0.0000234710
H  2.3235423397 1.7342073473 -0.0000359771
H  2.3235797280 -1.7341861362 -0.0000242881
momentum
-16.448611607385015  -18.817780403602267  18.47084308873007
15.675246111792225  10.526523100876314  -10.795473816746439
-6.85156871100806  6.257309033613652  -4.583561947481447
5.34524022443645  -7.4852556858245265  8.599335647132735
3.913213524401582  -0.9230357839004492  0.7574366025618947
-1.6193087061499878  10.37154587848341  -12.417438427111092
