C  1.2510687020 -0.0000186979 0.0000185379
C  -1.2510682562 -0.0000053236 -0.0000182654
H  -2.3234465962 1.7342574495 0.0000351592
H  -2.3236781459 -1.7341345324 0.0000234710
H  2.3235423397 1.7342073473 -0.0000359771
H  2.3235797280 -1.7341861362 -0.0000242881
momentum
-1.9177802334117606  -1.0425106917086486  1.3836299793344626
-2.274317222886086  3.849440231919692  4.374703612232021
-4.399294667161196  2.523433159830684  -4.283689423377203
10.09204100066026  -5.1116832757757145  0.6150222407121473
6.3813771264496735  -1.3225153641249034  1.4131948167378878
-7.928884347628299  1.2052506891993962  -3.4863367688517095
