C  1.2510687020 -0.0000186979 0.0000185379
C  -1.2510682562 -0.0000053236 -0.0000182654
H  -2.3234465962 1.7342574495 0.0000351592
H  -2.3236781459 -1.7341345324 0.0000234710
H  2.3235423397 1.7342073473 -0.0000359771
H  2.3235797280 -1.7341861362 -0.0000242881
momentum
35.38395742037409  -14.141850558835356  15.13567701049292
-17.50733975942752  11.198721094606356  -10.329199143556494
-5.4659275832435545  -5.453577082762247  5.329009840838931
-3.572507445037848  -4.131637691988653  -0.9026454572523515
2.3750621443970386  -1.8618897299805905  -7.725010102820794
-10.975472294342687  14.368606468767085  -1.4863743013978084
