C  1.2510687020 -0.0000186979 0.0000185379
C  -1.2510682562 -0.0000053236 -0.0000182654
H  -2.3234465962 1.7342574495 0.0000351592
H  -2.3236781459 -1.7341345324 0.0000234710
H  2.3235423397 1.7342073473 -0.0000359771
H  2.3235797280 -1.7341861362 -0.0000242881
momentum
-21.73976415923996  -5.547367624567035  -12.259202171789646
-3.102454738261457  18.265703295159625  10.1280112212277
9.920216396110185  -7.519612154015671  -6.306622546525196
11.637699234203902  -5.371187377280156  1.3722401981724528
2.6666858339029402  0.9629894568708228  7.3690083968806235
0.2852487723736379  -0.624486834601789  -0.3159911935936189
