C  1.2510687020 -0.0000186979 0.0000185379
C  -1.2510682562 -0.0000053236 -0.0000182654
H  -2.3234465962 1.7342574495 0.0000351592
H  -2.3236781459 -1.7341345324 0.0000234710
H  2.3235423397 1.7342073473 -0.0000359771
H  2.3235797280 -1.7341861362 -0.0000242881
momentum
23.184680642125603  3.2614653474264292  -20.822487621124786
-12.224934542645414  -12.106839268925132  4.1303775427987945
2.646680359734437  0.9460782519565202  2.225813250146959
-3.8641648025194506  1.8632028851930944  -0.5961025090160587
-0.47573395739249885  -1.9561416906960751  6.095103069018555
-9.118463109270742  7.879845044390733  8.910178678739708
