C  1.2510687020 -0.0000186979 0.0000185379
C  -1.2510682562 -0.0000053236 -0.0000182654
H  -2.3234465962 1.7342574495 0.0000351592
H  -2.3236781459 -1.7341345324 0.0000234710
H  2.3235423397 1.7342073473 -0.0000359771
H  2.3235797280 -1.7341861362 -0.0000242881
momentum
-19.804098171701508  1.060545066909968  1.0499212058061989
18.83959825641399  8.675432739596078  3.127569539767048
-0.31282037808355406  -7.320035929008234  1.5518489229975483
1.5532762188296168  0.27929477874437625  -4.1886373452052466
1.0656769278418305  -9.15628269745208  -3.6343028940589104
-1.3414287325937597  6.584136443896741  2.1056138433505835
