C  1.2510687020 -0.0000186979 0.0000185379
C  -1.2510682562 -0.0000053236 -0.0000182654
H  -2.3234465962 1.7342574495 0.0000351592
H  -2.3236781459 -1.7341345324 0.0000234710
H  2.3235423397 1.7342073473 -0.0000359771
H  2.3235797280 -1.7341861362 -0.0000242881
momentum
-28.58311415467454  28.780299868971962  -30.086676093126297
37.07005531937  -25.37538865654812  21.711449270843715
-0.3020421566401957  4.2941771222983185  -1.5948860899838007
-1.0257419802749494  4.207686382291899  -8.106787653406325
1.877950510332448  -14.254631846339896  5.769886207718037
-8.894178275518746  2.4131407347877922  12.267588723617544
