C  1.2510687020 -0.0000186979 0.0000185379
C  -1.2510682562 -0.0000053236 -0.0000182654
H  -2.3234465962 1.7342574495 0.0000351592
H  -2.3236781459 -1.7341345324 0.0000234710
H  2.3235423397 1.7342073473 -0.0000359771
H  2.3235797280 -1.7341861362 -0.0000242881
momentum
14.100959259166167  -15.911449600896102  1.5506504066533766
-17.390294637022752  -11.096422582661802  -5.137663205274245
0.8467898876435856  8.249126716531887  -0.4068963941558237
3.446843103838652  2.3103251173446937  3.9844506141016325
2.810022136893176  -3.613225627353672  2.195000665757491
-3.832066355976819  19.74312257609  -2.1945129231984493
