C  1.2510687020 -0.0000186979 0.0000185379
C  -1.2510682562 -0.0000053236 -0.0000182654
H  -2.3234465962 1.7342574495 0.0000351592
H  -2.3236781459 -1.7341345324 0.0000234710
H  2.3235423397 1.7342073473 -0.0000359771
H  2.3235797280 -1.7341861362 -0.0000242881
momentum
2.782452956417274  -12.676230121070175  -20.855395419242345
12.385410842687246  26.41931002888922  6.702271389880387
-7.855486938624053  -1.3369158666323784  -0.8643393558873614
-8.575441082071004  -11.098093606096107  0.532042716780745
-6.063632609399556  -0.6350069888092311  7.91958642474099
7.5451994452401685  -0.5543282311087815  6.5156501670923115
