C  1.2510687020 -0.0000186979 0.0000185379
C  -1.2510682562 -0.0000053236 -0.0000182654
H  -2.3234465962 1.7342574495 0.0000351592
H  -2.3236781459 -1.7341345324 0.0000234710
H  2.3235423397 1.7342073473 -0.0000359771
H  2.3235797280 -1.7341861362 -0.0000242881
momentum
17.581931608695875  3.0947258591827342  2.3688311654577356
-33.53133329153272  8.834021778679897  -28.23387072966086
3.5843455754357136  -2.0077740323170596  10.896321609046426
3.903632762556303  -6.246811638808957  10.180214221862292
5.400723922103784  -2.600653187300196  1.9972448002174787
2.862657328454322  -0.9226201513858142  2.721741085947425
