C  1.2510687020 -0.0000186979 0.0000185379
C  -1.2510682562 -0.0000053236 -0.0000182654
H  -2.3234465962 1.7342574495 0.0000351592
H  -2.3236781459 -1.7341345324 0.0000234710
H  2.3235423397 1.7342073473 -0.0000359771
H  2.3235797280 -1.7341861362 -0.0000242881
momentum
-4.149767834615593  -14.276873538109188  -10.705512485934959
-37.017710051510626  4.900084699887579  -9.718906249727636
12.107809092220432  1.6604944572093305  9.259446075628835
0.9439216355422637  -5.479342886311792  0.647519511515334
12.631915171690078  1.825083950046219  0.9220036254318837
14.959056879841809  11.218562494077263  9.533659738274498
