C  1.2510687020 -0.0000186979 0.0000185379
C  -1.2510682562 -0.0000053236 -0.0000182654
H  -2.3234465962 1.7342574495 0.0000351592
H  -2.3236781459 -1.7341345324 0.0000234710
H  2.3235423397 1.7342073473 -0.0000359771
H  2.3235797280 -1.7341861362 -0.0000242881
momentum
28.937159358496906  -3.9322937189255143  -16.198260944487064
-22.467358854182578  16.035166006530098  11.10533943030964
5.440424109656255  -12.694822165739119  -4.43332981770289
0.10804434069716122  6.398830564694243  -0.3428313414036373
-15.401283148807124  7.361917612522615  6.972120512270251
3.422768445023383  -13.06615603076161  2.8741374963945736
