C  1.2510687020 -0.0000186979 0.0000185379
C  -1.2510682562 -0.0000053236 -0.0000182654
H  -2.3234465962 1.7342574495 0.0000351592
H  -2.3236781459 -1.7341345324 0.0000234710
H  2.3235423397 1.7342073473 -0.0000359771
H  2.3235797280 -1.7341861362 -0.0000242881
momentum
9.148712794650336  -30.632910546191845  -5.837620444470447
7.492975366018034  22.682932907537182  9.648516476670343
-7.917945396443778  -7.280691709016394  2.425046263520113
7.42610299216923  4.109774852381522  -8.470307824208447
-9.819167643663256  -2.4596425753323583  -4.324754978366747
-6.116949197689737  13.502443108356108  6.566354006039131
