C  1.2510687020 -0.0000186979 0.0000185379
C  -1.2510682562 -0.0000053236 -0.0000182654
H  -2.3234465962 1.7342574495 0.0000351592
H  -2.3236781459 -1.7341345324 0.0000234710
H  2.3235423397 1.7342073473 -0.0000359771
H  2.3235797280 -1.7341861362 -0.0000242881
momentum
16.05993788199614  -17.866601831931966  10.947217777416837
-34.60353519271493  7.020146757611586  -5.007957516647897
1.8489343863542782  -5.727977347910108  7.7712479744176886
8.030243531623812  10.52263698364852  -6.455869022388454
-0.8508870872372198  7.327465513179894  -10.731933435734735
9.234438623774036  -1.399266697835894  3.4995572385094733
