C  1.2510687020 -0.0000186979 0.0000185379
C  -1.2510682562 -0.0000053236 -0.0000182654
H  -2.3234465962 1.7342574495 0.0000351592
H  -2.3236781459 -1.7341345324 0.0000234710
H  2.3235423397 1.7342073473 -0.0000359771
H  2.3235797280 -1.7341861362 -0.0000242881
momentum
22.900381657227154  8.365863923970531  -25.892058935312278
-27.049762406386815  -23.746555385235336  12.811717827797768
6.023602667828612  7.242487524456542  1.2202042134554296
-0.09040849930657033  12.944798369290861  -5.071866811022965
-9.363581673134341  -1.0182126108262923  5.3002670314049665
7.52578885734361  -4.012892610871347  11.581728467954877
