C  1.2510687020 -0.0000186979 0.0000185379
C  -1.2510682562 -0.0000053236 -0.0000182654
H  -2.3234465962 1.7342574495 0.0000351592
H  -2.3236781459 -1.7341345324 0.0000234710
H  2.3235423397 1.7342073473 -0.0000359771
H  2.3235797280 -1.7341861362 -0.0000242881
momentum
8.574644701663722  21.61796088424478  -7.596931526448718
1.6050231151882852  -13.773695840500448  -0.6921222941583071
11.901363641955655  0.7247392068032358  -4.473504549751755
-6.289900367233033  -3.4513578757509586  6.752154695831957
-5.858356548823337  4.425731178255496  8.605547945265197
-9.80919051351834  -9.484856331349482  -2.6220040660071917
