C  1.2510687020 -0.0000186979 0.0000185379
C  -1.2510682562 -0.0000053236 -0.0000182654
H  -2.3234465962 1.7342574495 0.0000351592
H  -2.3236781459 -1.7341345324 0.0000234710
H  2.3235423397 1.7342073473 -0.0000359771
H  2.3235797280 -1.7341861362 -0.0000242881
momentum
33.94621488850057  -7.006143397769522  3.9364495196895533
0.24097554420078915  20.975786657495842  1.2192293587975875
-2.2927089878131564  -6.408938877821573  -1.5428637378617218
-10.016148829016087  -9.927609329334318  -0.2969025111703097
-11.984968033441437  3.1881237250339494  -1.027211124757621
-9.448485498626946  -0.697267395704069  -2.272427499431245
