C  1.2510687020 -0.0000186979 0.0000185379
C  -1.2510682562 -0.0000053236 -0.0000182654
H  -2.3234465962 1.7342574495 0.0000351592
H  -2.3236781459 -1.7341345324 0.0000234710
H  2.3235423397 1.7342073473 -0.0000359771
H  2.3235797280 -1.7341861362 -0.0000242881
momentum
-17.080114833921254  -11.611082487449812  -7.1593774786097
-8.097014706800675  -5.574415395440803  6.384261513228895
5.709517441603488  14.169173903971469  0.3632417573041365
11.745065637008542  -6.055170158775947  -3.6044703022840694
5.09371191164398  0.9234662732240996  0.023148882064909563
2.329876573067198  7.957835454889656  3.98714832131544
