C  1.2510687020 -0.0000186979 0.0000185379
C  -1.2510682562 -0.0000053236 -0.0000182654
H  -2.3234465962 1.7342574495 0.0000351592
H  -2.3236781459 -1.7341345324 0.0000234710
H  2.3235423397 1.7342073473 -0.0000359771
H  2.3235797280 -1.7341861362 -0.0000242881
momentum
33.91091590222979  1.6204189720183468  -13.013652258744015
-37.20395082560319  -4.376467650696977  -6.02091760883624
4.866843696690222  4.229765600485974  2.0545976526289174
1.4785980052266772  -2.394356510893227  5.551685167525219
-1.733231593706202  -0.5236911478774694  7.434020760276302
-1.3500431729370066  1.3990049313410702  3.935016377329038
