C  1.2510687020 -0.0000186979 0.0000185379
C  -1.2510682562 -0.0000053236 -0.0000182654
H  -2.3234465962 1.7342574495 0.0000351592
H  -2.3236781459 -1.7341345324 0.0000234710
H  2.3235423397 1.7342073473 -0.0000359771
H  2.3235797280 -1.7341861362 -0.0000242881
momentum
-5.615433982884808  -1.333618356362309  -10.539709934756239
-3.6589182740647574  9.080646636260765  2.9058035005339757
-10.507866154283304  -1.7946316544590946  -1.8443042129398008
-4.2059273782539535  -7.30311695951031  2.0449780193385894
18.446816825360745  -5.637488207984393  5.649760583011441
5.439213861361154  7.1188463087942075  1.7567926288483764
