C  1.2510687020 -0.0000186979 0.0000185379
C  -1.2510682562 -0.0000053236 -0.0000182654
H  -2.3234465962 1.7342574495 0.0000351592
H  -2.3236781459 -1.7341345324 0.0000234710
H  2.3235423397 1.7342073473 -0.0000359771
H  2.3235797280 -1.7341861362 -0.0000242881
momentum
-31.10630268294913  1.2492201495364288  7.213189025640117
41.752104723137336  10.27099458273595  -1.189551844351983
-11.984684758757195  -8.818866265549904  2.6424545617819306
5.046284390133656  -2.6750125535234033  -3.391772388532421
11.31842127615817  3.7566679120757063  -5.645201409683094
-14.918789565893182  -3.5405553598344386  0.3913289235451816
