C  1.2510687020 -0.0000186979 0.0000185379
C  -1.2510682562 -0.0000053236 -0.0000182654
H  -2.3234465962 1.7342574495 0.0000351592
H  -2.3236781459 -1.7341345324 0.0000234710
H  2.3235423397 1.7342073473 -0.0000359771
H  2.3235797280 -1.7341861362 -0.0000242881
momentum
-18.886975858671626  -7.8684148538039205  9.740648705938336
5.368096962689907  -9.963070633323856  -12.234512551399902
9.031790242567252  16.417130279390587  5.061751992019974
4.604406028873038  -9.58652265161057  2.0655155240736516
1.0463393025730574  0.8817873031724032  -3.8185758883335588
-1.2996445555274565  9.884437480374842  -0.8163155274987127
