C  1.2510687020 -0.0000186979 0.0000185379
C  -1.2510682562 -0.0000053236 -0.0000182654
H  -2.3234465962 1.7342574495 0.0000351592
H  -2.3236781459 -1.7341345324 0.0000234710
H  2.3235423397 1.7342073473 -0.0000359771
H  2.3235797280 -1.7341861362 -0.0000242881
momentum
12.71530893332269  -19.64197756600615  -3.38577984617668
5.708161330152808  25.133684077834303  -7.174433828648241
-3.1068633074687027  -6.733194275791299  4.084188041426088
5.209417724767487  -0.1320473334865026  2.1893832134533042
-16.421059548063333  -4.185253845284528  1.1800148597291054
-3.8569928324595097  5.607182860835306  3.075858244166382
