C  1.2510687020 -0.0000186979 0.0000185379
C  -1.2510682562 -0.0000053236 -0.0000182654
H  -2.3234465962 1.7342574495 0.0000351592
H  -2.3236781459 -1.7341345324 0.0000234710
H  2.3235423397 1.7342073473 -0.0000359771
H  2.3235797280 -1.7341861362 -0.0000242881
momentum
-8.126693765148513  -11.041701337584044  -11.196185298628038
21.508740139542553  1.9678668240605772  5.9600687034375825
-1.4559249685168822  3.483288914565321  -4.229851210533914
-10.101643894762775  -2.2261237385380284  2.2426418844390548
-5.524690775180955  10.165962464348345  6.8400237903653
3.8622831631256593  -2.50795793048366  0.3628277748873789
