C  1.2510687020 -0.0000186979 0.0000185379
C  -1.2510682562 -0.0000053236 -0.0000182654
H  -2.3234465962 1.7342574495 0.0000351592
H  -2.3236781459 -1.7341345324 0.0000234710
H  2.3235423397 1.7342073473 -0.0000359771
H  2.3235797280 -1.7341861362 -0.0000242881
momentum
28.624075014450174  0.9287833938905782  3.003693433733127
-34.08507711664932  -24.58100021541201  16.848673798561276
4.058837603939508  9.980515604246769  -11.301564925844755
-4.417166064717982  6.856080275211845  -2.292689207526093
0.8380597445483118  5.6548737709895684  1.405279453119683
4.9045207478586335  0.8499260671930791  -7.607391490079686
