C  1.2510687020 -0.0000186979 0.0000185379
C  -1.2510682562 -0.0000053236 -0.0000182654
H  -2.3234465962 1.7342574495 0.0000351592
H  -2.3236781459 -1.7341345324 0.0000234710
H  2.3235423397 1.7342073473 -0.0000359771
H  2.3235797280 -1.7341861362 -0.0000242881
momentum
27.149550571873213  27.826241478397222  -24.12367629596117
-5.83435795515877  1.6893149262239293  9.42133083780225
4.026023216487885  -11.751553616980843  2.751044546961819
-11.351726653384304  -3.5371753429358157  -4.413350731968211
-4.2795437716450255  -13.359754007041294  4.577986095584268
-9.412900526750411  -0.5469431403625614  11.733185922997366
