C  1.2510687020 -0.0000186979 0.0000185379
C  -1.2510682562 -0.0000053236 -0.0000182654
H  -2.3234465962 1.7342574495 0.0000351592
H  -2.3236781459 -1.7341345324 0.0000234710
H  2.3235423397 1.7342073473 -0.0000359771
H  2.3235797280 -1.7341861362 -0.0000242881
momentum
25.364694724361172  -20.730469051291653  -17.31342288588342
-36.48300846354839  26.445635828348223  14.763589805521947
-1.2825402483238693  -5.524241993640468  -2.70586293154099
13.94843985675587  1.5552939667348236  -4.615141497258181
-8.53452507783468  -3.456973308539593  3.976939361660941
6.844889249784169  1.7869068272307824  5.877424886618426
