C  1.2510687020 -0.0000186979 0.0000185379
C  -1.2510682562 -0.0000053236 -0.0000182654
H  -2.3234465962 1.7342574495 0.0000351592
H  -2.3236781459 -1.7341345324 0.0000234710
H  2.3235423397 1.7342073473 -0.0000359771
H  2.3235797280 -1.7341861362 -0.0000242881
momentum
-41.474835326197706  10.193101743066748  21.127142603539614
8.529627722815736  -30.799138933600215  -21.587827826637156
21.28398192251231  1.5961451232256292  10.778369868493595
-2.758551533123365  9.272481730979576  0.8908848736096994
8.646760088519045  1.3482472211939849  -10.548721059991658
5.333392589605901  8.094422816181105  -0.6495269175117703
