C  1.2510687020 -0.0000186979 0.0000185379
C  -1.2510682562 -0.0000053236 -0.0000182654
H  -2.3234465962 1.7342574495 0.0000351592
H  -2.3236781459 -1.7341345324 0.0000234710
H  2.3235423397 1.7342073473 -0.0000359771
H  2.3235797280 -1.7341861362 -0.0000242881
momentum
2.0076995099698784  -23.620467565539283  -15.155973421587854
2.5899817850305635  1.6556609335599322  17.25828306952351
-4.6697278686052055  -0.9961890640246226  -9.64349422048547
7.807324434056453  11.29712697842618  -0.08455987443051266
-5.864898477267034  -2.7586909314941335  8.595505525505498
-1.8132523009450352  14.176307353734266  -0.9723143075261912
