C  1.2510687020 -0.0000186979 0.0000185379
C  -1.2510682562 -0.0000053236 -0.0000182654
H  -2.3234465962 1.7342574495 0.0000351592
H  -2.3236781459 -1.7341345324 0.0000234710
H  2.3235423397 1.7342073473 -0.0000359771
H  2.3235797280 -1.7341861362 -0.0000242881
momentum
43.545563883019504  1.3280567718936565  10.22199776716741
-52.48405326656393  0.4902417931600151  -17.432145634438314
-6.876099321546501  4.798192876396886  8.085069610224794
11.726718260189838  0.9579619548871222  2.9118030072126735
2.723165834670418  6.821379916982426  -4.490854333015953
1.2277815713016678  -14.305003586654122  0.6899929014110795
