C  1.2510687020 -0.0000186979 0.0000185379
C  -1.2510682562 -0.0000053236 -0.0000182654
H  -2.3234465962 1.7342574495 0.0000351592
H  -2.3236781459 -1.7341345324 0.0000234710
H  2.3235423397 1.7342073473 -0.0000359771
H  2.3235797280 -1.7341861362 -0.0000242881
momentum
-5.696867936480167  16.373351573057224  18.183207463748456
11.6762201503808  -16.046678530545044  -9.769266801886536
11.878624061873596  -1.6962746782087719  1.9661487118334624
-5.948865900727561  -0.5733499345111785  1.3299516828915545
-0.45247652589774645  -1.4810167891737722  -6.1604474453821
-11.377603915623933  3.4011049287951955  -5.5165880057314105
