C  1.2510687020 -0.0000186979 0.0000185379
C  -1.2510682562 -0.0000053236 -0.0000182654
H  -2.3234465962 1.7342574495 0.0000351592
H  -2.3236781459 -1.7341345324 0.0000234710
H  2.3235423397 1.7342073473 -0.0000359771
H  2.3235797280 -1.7341861362 -0.0000242881
momentum
3.0059294239569336  9.342431242027494  10.105870460711474
21.74606336422294  16.57993960831705  3.5615950566542587
-5.449879424949738  -18.59212504268008  1.153548158605296
-6.708418852380665  4.612412149174216  -6.207161572061986
-7.795586717932713  -8.29467885680523  -7.966697384882489
-4.489500538218782  -3.345837442987695  -0.604193719071551
