C  1.2510687020 -0.0000186979 0.0000185379
C  -1.2510682562 -0.0000053236 -0.0000182654
H  -2.3234465962 1.7342574495 0.0000351592
H  -2.3236781459 -1.7341345324 0.0000234710
H  2.3235423397 1.7342073473 -0.0000359771
H  2.3235797280 -1.7341861362 -0.0000242881
momentum
-52.25244051057942  -7.177299816807411  -3.3919182860992785
28.490237466081535  3.2380904061368945  -5.1386983100644965
-0.9087401342513904  6.736059563788565  5.896340435676778
18.65248711572941  -0.15069944409876362  -1.1803427879829695
2.764346421029431  -3.4051163652724217  -1.6438794517457398
2.9607744687482196  0.7691450070470515  5.4332826041574185
