C  1.2510687020 -0.0000186979 0.0000185379
C  -1.2510682562 -0.0000053236 -0.0000182654
H  -2.3234465962 1.7342574495 0.0000351592
H  -2.3236781459 -1.7341345324 0.0000234710
H  2.3235423397 1.7342073473 -0.0000359771
H  2.3235797280 -1.7341861362 -0.0000242881
momentum
-6.979948068857715  8.770145677572298  11.70003840562455
0.33603295157108104  -11.713503054074497  -7.592971860828712
1.649862926738015  2.3833978641296465  -1.1564858406455085
-4.3804814837999295  -1.8012455593366001  4.278214774890601
10.108041596211569  3.2062557821667683  -0.8908620905704889
-0.8261153055719275  -0.8700627837176188  -6.32027405197654
