 C          0.000 -0.040 -0.000   -0.000 -0.000 -0.083   -0.000 -0.000 -0.152
 C         -0.000 -0.040  0.000   -0.000  0.000 -0.083    0.000 -0.000  0.152
 H          0.440  0.236 -0.000    0.000 -0.000  0.496   -0.000  0.000 -0.488
 H         -0.440  0.236  0.000    0.000  0.000  0.496   -0.000 -0.000 -0.489
 H         -0.440  0.236  0.000    0.000  0.000  0.497    0.000  0.000  0.488
 H          0.440  0.236 -0.000    0.000 -0.000  0.497    0.000 -0.000  0.488
 C         -0.000 -0.000 -0.000   -0.000 -0.153  0.000   -0.102  0.000 -0.000
 C          0.000 -0.000  0.000    0.000  0.153  0.000    0.102 -0.000  0.000
 H         -0.000  0.000 -0.500   -0.467 -0.141 -0.000    0.455  0.194 -0.000
 H          0.000  0.000  0.500    0.467 -0.141  0.000    0.455 -0.194 -0.000
 H          0.000  0.000  0.500   -0.467  0.141 -0.000   -0.455  0.194  0.000
 H         -0.000  0.000 -0.500    0.467  0.141  0.000   -0.455 -0.194  0.000
 C         -0.069  0.000  0.000   -0.304  0.000 -0.000   -0.043 -0.000  0.000
 C         -0.069 -0.000  0.000    0.304 -0.000  0.000   -0.043 -0.000  0.000
 H          0.409  0.283 -0.000   -0.245 -0.379  0.000    0.254 -0.429 -0.000
 H          0.409 -0.283 -0.000   -0.245  0.379  0.000    0.254  0.429 -0.000
 H          0.409 -0.283 -0.000    0.245 -0.379 -0.000    0.254  0.430 -0.000
 H          0.409  0.283 -0.000    0.245  0.379 -0.000    0.254 -0.429 -0.000
 C         -0.055 -0.000  0.000    0.000 -0.070  0.000    0.000 -0.071  0.000
 C          0.055  0.000 -0.000   -0.000  0.070  0.000   -0.000 -0.071 -0.000
 H         -0.256  0.427  0.000    0.264 -0.422 -0.000   -0.264  0.422  0.000
 H         -0.257 -0.428  0.000   -0.264 -0.422  0.000    0.264  0.421 -0.000
 H          0.257  0.428 -0.000    0.263  0.421 -0.000    0.264  0.421 -0.000
 H          0.256 -0.427 -0.000   -0.264  0.422  0.000   -0.265  0.422  0.000